"measure_id","measure_name","location_id","location_name","FIPS","cause_id","cause_name","sex_id","sex","age_id","age_name","year_id","metric","mx","lower","upper"
1,"Deaths",544,"Massachusetts",25,508,"Chronic respiratory diseases",1,"Male",27,"Age-standardized",1980,"Rate",64.1648973744806,62.045760248999,66.3894288546703
1,"Deaths",544,"Massachusetts",25,508,"Chronic respiratory diseases",1,"Male",27,"Age-standardized",1981,"Rate",62.0748903894651,59.966011692146,64.1631561303329
1,"Deaths",544,"Massachusetts",25,508,"Chronic respiratory diseases",1,"Male",27,"Age-standardized",1982,"Rate",60.9496521399113,58.8960833301984,62.9329676072804
1,"Deaths",544,"Massachusetts",25,508,"Chronic respiratory diseases",1,"Male",27,"Age-standardized",1983,"Rate",63.3643305683714,61.3664037709365,65.3674852790107
1,"Deaths",544,"Massachusetts",25,508,"Chronic respiratory diseases",1,"Male",27,"Age-standardized",1984,"Rate",64.2453652302654,62.3585937688467,66.249904646282
1,"Deaths",544,"Massachusetts",25,508,"Chronic respiratory diseases",1,"Male",27,"Age-standardized",1985,"Rate",63.6349835218712,61.7427314459186,65.6108158749791
1,"Deaths",544,"Massachusetts",25,508,"Chronic respiratory diseases",1,"Male",27,"Age-standardized",1986,"Rate",63.8566504881127,62.0356928636994,65.791402955014
1,"Deaths",544,"Massachusetts",25,508,"Chronic respiratory diseases",1,"Male",27,"Age-standardized",1987,"Rate",63.8469802852318,62.0251758277115,65.8069983845786
1,"Deaths",544,"Massachusetts",25,508,"Chronic respiratory diseases",1,"Male",27,"Age-standardized",1988,"Rate",63.3096332855178,61.5301633726737,65.1866866823083
1,"Deaths",544,"Massachusetts",25,508,"Chronic respiratory diseases",1,"Male",27,"Age-standardized",1989,"Rate",61.330321825725,59.6064776738515,63.3136909902653
1,"Deaths",544,"Massachusetts",25,508,"Chronic respiratory diseases",1,"Male",27,"Age-standardized",1990,"Rate",59.8963126799594,58.1959266776314,61.790788033958
1,"Deaths",544,"Massachusetts",25,508,"Chronic respiratory diseases",1,"Male",27,"Age-standardized",1991,"Rate",60.7182936373116,59.0539085515142,62.6033381020892
1,"Deaths",544,"Massachusetts",25,508,"Chronic respiratory diseases",1,"Male",27,"Age-standardized",1992,"Rate",61.0280383391062,59.2664056314216,63.1148571149366
1,"Deaths",544,"Massachusetts",25,508,"Chronic respiratory diseases",1,"Male",27,"Age-standardized",1993,"Rate",61.3079794292708,59.4748026260237,63.4139886366557
1,"Deaths",544,"Massachusetts",25,508,"Chronic respiratory diseases",1,"Male",27,"Age-standardized",1994,"Rate",61.3271837340525,59.4316021326588,63.4674896504348
1,"Deaths",544,"Massachusetts",25,508,"Chronic respiratory diseases",1,"Male",27,"Age-standardized",1995,"Rate",61.4778260076976,59.6715273672573,63.5445854885653
1,"Deaths",544,"Massachusetts",25,508,"Chronic respiratory diseases",1,"Male",27,"Age-standardized",1996,"Rate",61.2903178477156,59.4843336259029,63.3509096206227
1,"Deaths",544,"Massachusetts",25,508,"Chronic respiratory diseases",1,"Male",27,"Age-standardized",1997,"Rate",60.005865707088,58.2609944859095,61.8956452827689
1,"Deaths",544,"Massachusetts",25,508,"Chronic respiratory diseases",1,"Male",27,"Age-standardized",1998,"Rate",61.0632429847708,59.2675399481489,63.0642008017904
1,"Deaths",544,"Massachusetts",25,508,"Chronic respiratory diseases",1,"Male",27,"Age-standardized",1999,"Rate",62.4087536747549,60.6033207768422,64.27555491813
1,"Deaths",544,"Massachusetts",25,508,"Chronic respiratory diseases",1,"Male",27,"Age-standardized",2000,"Rate",62.8432226356369,60.9930700992373,64.6938451318968
1,"Deaths",544,"Massachusetts",25,508,"Chronic respiratory diseases",1,"Male",27,"Age-standardized",2001,"Rate",61.229923621694,59.4578226155358,63.0913461957373
1,"Deaths",544,"Massachusetts",25,508,"Chronic respiratory diseases",1,"Male",27,"Age-standardized",2002,"Rate",61.0090564031782,59.1076481443907,62.865111308637
1,"Deaths",544,"Massachusetts",25,508,"Chronic respiratory diseases",1,"Male",27,"Age-standardized",2003,"Rate",60.0498376454308,58.1974667997688,61.8221741742046
1,"Deaths",544,"Massachusetts",25,508,"Chronic respiratory diseases",1,"Male",27,"Age-standardized",2004,"Rate",58.1814556658643,56.4098940732032,59.9388770338455
1,"Deaths",544,"Massachusetts",25,508,"Chronic respiratory diseases",1,"Male",27,"Age-standardized",2005,"Rate",57.1194901800231,55.3380999972347,58.8904218718328
1,"Deaths",544,"Massachusetts",25,508,"Chronic respiratory diseases",1,"Male",27,"Age-standardized",2006,"Rate",55.9786032345723,54.2310399579502,57.7921662321997
1,"Deaths",544,"Massachusetts",25,508,"Chronic respiratory diseases",1,"Male",27,"Age-standardized",2007,"Rate",53.7445578210781,51.9545014681121,55.5235857096043
1,"Deaths",544,"Massachusetts",25,508,"Chronic respiratory diseases",1,"Male",27,"Age-standardized",2008,"Rate",53.9897974291713,52.2232524700658,55.7710693399034
1,"Deaths",544,"Massachusetts",25,508,"Chronic respiratory diseases",1,"Male",27,"Age-standardized",2009,"Rate",52.9990159083874,51.223741747145,54.690051035618
1,"Deaths",544,"Massachusetts",25,508,"Chronic respiratory diseases",1,"Male",27,"Age-standardized",2010,"Rate",51.585535509489,49.9313085466695,53.3150686142113
1,"Deaths",544,"Massachusetts",25,508,"Chronic respiratory diseases",1,"Male",27,"Age-standardized",2011,"Rate",52.7626385149404,51.0071584781595,54.5042743265218
1,"Deaths",544,"Massachusetts",25,508,"Chronic respiratory diseases",1,"Male",27,"Age-standardized",2012,"Rate",50.7234116441677,48.9761390192834,52.5064398786639
1,"Deaths",544,"Massachusetts",25,508,"Chronic respiratory diseases",1,"Male",27,"Age-standardized",2013,"Rate",50.5159189623609,48.67018034421,52.3136736709388
1,"Deaths",544,"Massachusetts",25,508,"Chronic respiratory diseases",1,"Male",27,"Age-standardized",2014,"Rate",52.2035283710042,50.3200521035865,54.1737257216868
1,"Deaths",544,"Massachusetts",25,508,"Chronic respiratory diseases",2,"Female",27,"Age-standardized",1980,"Rate",22.8764730961482,21.9818159732677,23.7900620787775
1,"Deaths",544,"Massachusetts",25,508,"Chronic respiratory diseases",2,"Female",27,"Age-standardized",1981,"Rate",22.9216185558016,22.0332321269596,23.7950606892566
1,"Deaths",544,"Massachusetts",25,508,"Chronic respiratory diseases",2,"Female",27,"Age-standardized",1982,"Rate",22.7184405300031,21.8546272185507,23.5696590826652
1,"Deaths",544,"Massachusetts",25,508,"Chronic respiratory diseases",2,"Female",27,"Age-standardized",1983,"Rate",23.9732368898147,23.1343908607902,24.8325400399709
1,"Deaths",544,"Massachusetts",25,508,"Chronic respiratory diseases",2,"Female",27,"Age-standardized",1984,"Rate",24.8528982936249,23.9900572092571,25.7674179689234
1,"Deaths",544,"Massachusetts",25,508,"Chronic respiratory diseases",2,"Female",27,"Age-standardized",1985,"Rate",25.7507936588609,24.8761490704394,26.6917811191316
1,"Deaths",544,"Massachusetts",25,508,"Chronic respiratory diseases",2,"Female",27,"Age-standardized",1986,"Rate",26.7951996013212,25.8053820305408,27.8169794997597
1,"Deaths",544,"Massachusetts",25,508,"Chronic respiratory diseases",2,"Female",27,"Age-standardized",1987,"Rate",27.3344387278598,26.4046735560566,28.3123143150962
1,"Deaths",544,"Massachusetts",25,508,"Chronic respiratory diseases",2,"Female",27,"Age-standardized",1988,"Rate",28.8201014576528,27.7673949187426,29.8336498610183
1,"Deaths",544,"Massachusetts",25,508,"Chronic respiratory diseases",2,"Female",27,"Age-standardized",1989,"Rate",28.5339381317606,27.590961078851,29.5005996147925
1,"Deaths",544,"Massachusetts",25,508,"Chronic respiratory diseases",2,"Female",27,"Age-standardized",1990,"Rate",29.2864791035659,28.3101954108497,30.3234347000744
1,"Deaths",544,"Massachusetts",25,508,"Chronic respiratory diseases",2,"Female",27,"Age-standardized",1991,"Rate",29.8756065562349,28.9012338872936,30.8741750532504
1,"Deaths",544,"Massachusetts",25,508,"Chronic respiratory diseases",2,"Female",27,"Age-standardized",1992,"Rate",31.2142746074428,30.1928349249424,32.2811515435064
1,"Deaths",544,"Massachusetts",25,508,"Chronic respiratory diseases",2,"Female",27,"Age-standardized",1993,"Rate",33.2793549000007,32.1841008880169,34.4620677061698
1,"Deaths",544,"Massachusetts",25,508,"Chronic respiratory diseases",2,"Female",27,"Age-standardized",1994,"Rate",34.2974755704639,33.1490157930975,35.4812341248825
1,"Deaths",544,"Massachusetts",25,508,"Chronic respiratory diseases",2,"Female",27,"Age-standardized",1995,"Rate",36.0249314682817,34.8394733119258,37.3358773481412
1,"Deaths",544,"Massachusetts",25,508,"Chronic respiratory diseases",2,"Female",27,"Age-standardized",1996,"Rate",36.6947235175581,35.4747686581494,37.9934013826083
1,"Deaths",544,"Massachusetts",25,508,"Chronic respiratory diseases",2,"Female",27,"Age-standardized",1997,"Rate",37.2830076939888,36.0097979004285,38.6082112984481
1,"Deaths",544,"Massachusetts",25,508,"Chronic respiratory diseases",2,"Female",27,"Age-standardized",1998,"Rate",39.1283064180444,37.775732484802,40.4633128931646
1,"Deaths",544,"Massachusetts",25,508,"Chronic respiratory diseases",2,"Female",27,"Age-standardized",1999,"Rate",40.4061442683933,39.0293288127669,41.7420995406518
1,"Deaths",544,"Massachusetts",25,508,"Chronic respiratory diseases",2,"Female",27,"Age-standardized",2000,"Rate",42.695211676868,41.1597908656497,44.1319095040399
1,"Deaths",544,"Massachusetts",25,508,"Chronic respiratory diseases",2,"Female",27,"Age-standardized",2001,"Rate",42.7080554405357,41.3408006936109,44.1150517465018
1,"Deaths",544,"Massachusetts",25,508,"Chronic respiratory diseases",2,"Female",27,"Age-standardized",2002,"Rate",42.8023220163714,41.3381273671544,44.2038036455028
1,"Deaths",544,"Massachusetts",25,508,"Chronic respiratory diseases",2,"Female",27,"Age-standardized",2003,"Rate",42.7657688799902,41.3349599165996,44.2570663581924
1,"Deaths",544,"Massachusetts",25,508,"Chronic respiratory diseases",2,"Female",27,"Age-standardized",2004,"Rate",41.61566341607,40.2032135215494,43.0282442819165
1,"Deaths",544,"Massachusetts",25,508,"Chronic respiratory diseases",2,"Female",27,"Age-standardized",2005,"Rate",41.7367296812251,40.4095515488639,43.1217343051176
1,"Deaths",544,"Massachusetts",25,508,"Chronic respiratory diseases",2,"Female",27,"Age-standardized",2006,"Rate",41.8560729090362,40.5073541779314,43.239044497529
1,"Deaths",544,"Massachusetts",25,508,"Chronic respiratory diseases",2,"Female",27,"Age-standardized",2007,"Rate",39.9987588602747,38.6708771618931,41.3620011652385
1,"Deaths",544,"Massachusetts",25,508,"Chronic respiratory diseases",2,"Female",27,"Age-standardized",2008,"Rate",40.2246485083591,38.8867808474387,41.5793871582485
1,"Deaths",544,"Massachusetts",25,508,"Chronic respiratory diseases",2,"Female",27,"Age-standardized",2009,"Rate",40.2398662615763,38.9276163491631,41.644898871983
1,"Deaths",544,"Massachusetts",25,508,"Chronic respiratory diseases",2,"Female",27,"Age-standardized",2010,"Rate",39.2770836598686,37.9321020248594,40.7429378259442
1,"Deaths",544,"Massachusetts",25,508,"Chronic respiratory diseases",2,"Female",27,"Age-standardized",2011,"Rate",39.9710056966915,38.5509373028272,41.4725570354676
1,"Deaths",544,"Massachusetts",25,508,"Chronic respiratory diseases",2,"Female",27,"Age-standardized",2012,"Rate",39.2942480412292,37.860203521768,40.8272583722513
1,"Deaths",544,"Massachusetts",25,508,"Chronic respiratory diseases",2,"Female",27,"Age-standardized",2013,"Rate",38.8405834753089,37.3579715427115,40.4674602580836
1,"Deaths",544,"Massachusetts",25,508,"Chronic respiratory diseases",2,"Female",27,"Age-standardized",2014,"Rate",39.0069127162852,37.399167598889,40.7015081231014
1,"Deaths",544,"Massachusetts",25,508,"Chronic respiratory diseases",3,"Both",27,"Age-standardized",1980,"Rate",37.1508869652221,36.1725224221719,38.1892704598637
1,"Deaths",544,"Massachusetts",25,508,"Chronic respiratory diseases",3,"Both",27,"Age-standardized",1981,"Rate",36.3687812233286,35.3712503607932,37.3136630240957
1,"Deaths",544,"Massachusetts",25,508,"Chronic respiratory diseases",3,"Both",27,"Age-standardized",1982,"Rate",35.7675070301953,34.81846156601,36.7005417887597
1,"Deaths",544,"Massachusetts",25,508,"Chronic respiratory diseases",3,"Both",27,"Age-standardized",1983,"Rate",37.3711995394979,36.4044396140859,38.3124611599764
1,"Deaths",544,"Massachusetts",25,508,"Chronic respiratory diseases",3,"Both",27,"Age-standardized",1984,"Rate",38.2177706529209,37.2987677441896,39.1413987123417
1,"Deaths",544,"Massachusetts",25,508,"Chronic respiratory diseases",3,"Both",27,"Age-standardized",1985,"Rate",38.5273120067484,37.5930771734907,39.4642014018215
1,"Deaths",544,"Massachusetts",25,508,"Chronic respiratory diseases",3,"Both",27,"Age-standardized",1986,"Rate",39.2716865052043,38.3363659602074,40.2186243646259
1,"Deaths",544,"Massachusetts",25,508,"Chronic respiratory diseases",3,"Both",27,"Age-standardized",1987,"Rate",39.6123695499101,38.6953560342037,40.5822690584495
1,"Deaths",544,"Massachusetts",25,508,"Chronic respiratory diseases",3,"Both",27,"Age-standardized",1988,"Rate",40.4093171405821,39.4179453810463,41.3738613087706
1,"Deaths",544,"Massachusetts",25,508,"Chronic respiratory diseases",3,"Both",27,"Age-standardized",1989,"Rate",39.5784657944461,38.63396885755,40.5135563404077
1,"Deaths",544,"Massachusetts",25,508,"Chronic respiratory diseases",3,"Both",27,"Age-standardized",1990,"Rate",39.5584796656813,38.6603009190057,40.5638350124937
1,"Deaths",544,"Massachusetts",25,508,"Chronic respiratory diseases",3,"Both",27,"Age-standardized",1991,"Rate",40.2795471249003,39.3439089998141,41.324736636829
1,"Deaths",544,"Massachusetts",25,508,"Chronic respiratory diseases",3,"Both",27,"Age-standardized",1992,"Rate",41.2876003644987,40.2780710167536,42.3734322667104
1,"Deaths",544,"Massachusetts",25,508,"Chronic respiratory diseases",3,"Both",27,"Age-standardized",1993,"Rate",42.7824255320183,41.7371260989901,43.9217090046824
1,"Deaths",544,"Massachusetts",25,508,"Chronic respiratory diseases",3,"Both",27,"Age-standardized",1994,"Rate",43.4998309730107,42.4125845104971,44.7276183310447
1,"Deaths",544,"Massachusetts",25,508,"Chronic respiratory diseases",3,"Both",27,"Age-standardized",1995,"Rate",44.7060709854023,43.5987519673641,45.8462264704501
1,"Deaths",544,"Massachusetts",25,508,"Chronic respiratory diseases",3,"Both",27,"Age-standardized",1996,"Rate",45.1098444230103,43.9416732663395,46.3150123174061
1,"Deaths",544,"Massachusetts",25,508,"Chronic respiratory diseases",3,"Both",27,"Age-standardized",1997,"Rate",45.072420328167,43.9237725154063,46.2389883294512
1,"Deaths",544,"Massachusetts",25,508,"Chronic respiratory diseases",3,"Both",27,"Age-standardized",1998,"Rate",46.6782990632514,45.4834661058788,47.9006080769841
1,"Deaths",544,"Massachusetts",25,508,"Chronic respiratory diseases",3,"Both",27,"Age-standardized",1999,"Rate",48.0544864071436,46.8535574985997,49.2148549760272
1,"Deaths",544,"Massachusetts",25,508,"Chronic respiratory diseases",3,"Both",27,"Age-standardized",2000,"Rate",49.7260800202674,48.3657196901653,50.9877023908938
1,"Deaths",544,"Massachusetts",25,508,"Chronic respiratory diseases",3,"Both",27,"Age-standardized",2001,"Rate",49.2204462099285,47.9989298524229,50.4255112225399
1,"Deaths",544,"Massachusetts",25,508,"Chronic respiratory diseases",3,"Both",27,"Age-standardized",2002,"Rate",49.2821859585159,48.0433409341181,50.4699907433627
1,"Deaths",544,"Massachusetts",25,508,"Chronic respiratory diseases",3,"Both",27,"Age-standardized",2003,"Rate",48.9644699910018,47.7342204661069,50.1811515683143
1,"Deaths",544,"Massachusetts",25,508,"Chronic respiratory diseases",3,"Both",27,"Age-standardized",2004,"Rate",47.6236263413865,46.392931814452,48.8041778757529
1,"Deaths",544,"Massachusetts",25,508,"Chronic respiratory diseases",3,"Both",27,"Age-standardized",2005,"Rate",47.3792466125586,46.2081470480405,48.5855352667102
1,"Deaths",544,"Massachusetts",25,508,"Chronic respiratory diseases",3,"Both",27,"Age-standardized",2006,"Rate",47.069098950635,45.8657688312698,48.3038078548585
1,"Deaths",544,"Massachusetts",25,508,"Chronic respiratory diseases",3,"Both",27,"Age-standardized",2007,"Rate",45.1299868939775,43.9248216294381,46.3327299254009
1,"Deaths",544,"Massachusetts",25,508,"Chronic respiratory diseases",3,"Both",27,"Age-standardized",2008,"Rate",45.4103003917632,44.1157408235086,46.6641258272951
1,"Deaths",544,"Massachusetts",25,508,"Chronic respiratory diseases",3,"Both",27,"Age-standardized",2009,"Rate",45.0659581437127,43.9054626176146,46.2954951918044
1,"Deaths",544,"Massachusetts",25,508,"Chronic respiratory diseases",3,"Both",27,"Age-standardized",2010,"Rate",43.9612403163899,42.8086454502712,45.1737408597933
1,"Deaths",544,"Massachusetts",25,508,"Chronic respiratory diseases",3,"Both",27,"Age-standardized",2011,"Rate",44.8699700861715,43.6125097310516,46.1760255549608
1,"Deaths",544,"Massachusetts",25,508,"Chronic respiratory diseases",3,"Both",27,"Age-standardized",2012,"Rate",43.695333678884,42.4564000245803,44.9669077303955
1,"Deaths",544,"Massachusetts",25,508,"Chronic respiratory diseases",3,"Both",27,"Age-standardized",2013,"Rate",43.3591524121632,42.1017105939246,44.7295617542268
1,"Deaths",544,"Massachusetts",25,508,"Chronic respiratory diseases",3,"Both",27,"Age-standardized",2014,"Rate",44.1701161523902,42.8866192213474,45.6874831743976
1,"Deaths",1800,"Barnstable County",25001,508,"Chronic respiratory diseases",1,"Male",27,"Age-standardized",1980,"Rate",50.7504671120453,47.5520433421744,54.1608321919368
1,"Deaths",1800,"Barnstable County",25001,508,"Chronic respiratory diseases",1,"Male",27,"Age-standardized",1981,"Rate",50.9829429704544,47.9497182967829,54.3331551077902
1,"Deaths",1800,"Barnstable County",25001,508,"Chronic respiratory diseases",1,"Male",27,"Age-standardized",1982,"Rate",49.965365454114,46.8055961647943,53.0510247761792
1,"Deaths",1800,"Barnstable County",25001,508,"Chronic respiratory diseases",1,"Male",27,"Age-standardized",1983,"Rate",48.8535847358294,45.7869676786301,51.8356798547381
1,"Deaths",1800,"Barnstable County",25001,508,"Chronic respiratory diseases",1,"Male",27,"Age-standardized",1984,"Rate",51.5804209438264,48.4450608521985,54.8074202598838
1,"Deaths",1800,"Barnstable County",25001,508,"Chronic respiratory diseases",1,"Male",27,"Age-standardized",1985,"Rate",51.3726478458526,48.4479005988279,54.4611367464531
1,"Deaths",1800,"Barnstable County",25001,508,"Chronic respiratory diseases",1,"Male",27,"Age-standardized",1986,"Rate",49.8037687978959,47.0704422852604,52.5480781327278
1,"Deaths",1800,"Barnstable County",25001,508,"Chronic respiratory diseases",1,"Male",27,"Age-standardized",1987,"Rate",51.998094012489,49.2023141624344,54.8983850889176
1,"Deaths",1800,"Barnstable County",25001,508,"Chronic respiratory diseases",1,"Male",27,"Age-standardized",1988,"Rate",51.3476159881835,48.3784717750581,54.4382268450675
1,"Deaths",1800,"Barnstable County",25001,508,"Chronic respiratory diseases",1,"Male",27,"Age-standardized",1989,"Rate",50.44925172837,47.5708360920685,53.1711630999365
1,"Deaths",1800,"Barnstable County",25001,508,"Chronic respiratory diseases",1,"Male",27,"Age-standardized",1990,"Rate",51.0558785810565,48.2768455846975,54.0053581946382
1,"Deaths",1800,"Barnstable County",25001,508,"Chronic respiratory diseases",1,"Male",27,"Age-standardized",1991,"Rate",50.7139225165644,48.0847973970927,53.5363655286754
1,"Deaths",1800,"Barnstable County",25001,508,"Chronic respiratory diseases",1,"Male",27,"Age-standardized",1992,"Rate",51.4405857524476,48.8080951929588,54.3394228844376
1,"Deaths",1800,"Barnstable County",25001,508,"Chronic respiratory diseases",1,"Male",27,"Age-standardized",1993,"Rate",50.0797089722602,47.2617030667721,52.919749626132
1,"Deaths",1800,"Barnstable County",25001,508,"Chronic respiratory diseases",1,"Male",27,"Age-standardized",1994,"Rate",50.9162721046336,48.3056057815387,53.6046819790613
1,"Deaths",1800,"Barnstable County",25001,508,"Chronic respiratory diseases",1,"Male",27,"Age-standardized",1995,"Rate",51.8419560213234,49.1353904629654,54.5716580018459
1,"Deaths",1800,"Barnstable County",25001,508,"Chronic respiratory diseases",1,"Male",27,"Age-standardized",1996,"Rate",52.2288699659332,49.5261990596548,55.0794233526241
1,"Deaths",1800,"Barnstable County",25001,508,"Chronic respiratory diseases",1,"Male",27,"Age-standardized",1997,"Rate",50.631008964309,48.1258606900408,53.2642311857137
1,"Deaths",1800,"Barnstable County",25001,508,"Chronic respiratory diseases",1,"Male",27,"Age-standardized",1998,"Rate",52.4789373837738,49.786462949614,55.3401782012365
1,"Deaths",1800,"Barnstable County",25001,508,"Chronic respiratory diseases",1,"Male",27,"Age-standardized",1999,"Rate",52.1961989326464,49.5598464211745,54.9834769496251
1,"Deaths",1800,"Barnstable County",25001,508,"Chronic respiratory diseases",1,"Male",27,"Age-standardized",2000,"Rate",50.909669355237,48.2557836181679,53.7194930505116
1,"Deaths",1800,"Barnstable County",25001,508,"Chronic respiratory diseases",1,"Male",27,"Age-standardized",2001,"Rate",52.3461087575121,49.4925112922925,55.3336058746842
1,"Deaths",1800,"Barnstable County",25001,508,"Chronic respiratory diseases",1,"Male",27,"Age-standardized",2002,"Rate",52.4028083362325,49.8714548108648,55.1110071890429
1,"Deaths",1800,"Barnstable County",25001,508,"Chronic respiratory diseases",1,"Male",27,"Age-standardized",2003,"Rate",51.2007600573419,48.5666904933415,53.8982722950446
1,"Deaths",1800,"Barnstable County",25001,508,"Chronic respiratory diseases",1,"Male",27,"Age-standardized",2004,"Rate",50.4971454634705,47.8656239929441,53.2906441637707
1,"Deaths",1800,"Barnstable County",25001,508,"Chronic respiratory diseases",1,"Male",27,"Age-standardized",2005,"Rate",49.7257497832371,46.9827988538209,52.5864995625065
1,"Deaths",1800,"Barnstable County",25001,508,"Chronic respiratory diseases",1,"Male",27,"Age-standardized",2006,"Rate",50.3343073963974,47.6630600133982,53.1560780567654
1,"Deaths",1800,"Barnstable County",25001,508,"Chronic respiratory diseases",1,"Male",27,"Age-standardized",2007,"Rate",49.75585825449,47.1465545394223,52.4883037547469
1,"Deaths",1800,"Barnstable County",25001,508,"Chronic respiratory diseases",1,"Male",27,"Age-standardized",2008,"Rate",47.9353041661377,45.3398195700351,50.7252280658621
1,"Deaths",1800,"Barnstable County",25001,508,"Chronic respiratory diseases",1,"Male",27,"Age-standardized",2009,"Rate",48.4489255828073,45.7067732585478,51.1712190420477
1,"Deaths",1800,"Barnstable County",25001,508,"Chronic respiratory diseases",1,"Male",27,"Age-standardized",2010,"Rate",48.8082114321027,46.1884719544173,51.469643974145
1,"Deaths",1800,"Barnstable County",25001,508,"Chronic respiratory diseases",1,"Male",27,"Age-standardized",2011,"Rate",48.4708968578134,45.7807467950831,51.2979537562022
1,"Deaths",1800,"Barnstable County",25001,508,"Chronic respiratory diseases",1,"Male",27,"Age-standardized",2012,"Rate",46.0325772724713,43.43230399681,48.7112267029666
1,"Deaths",1800,"Barnstable County",25001,508,"Chronic respiratory diseases",1,"Male",27,"Age-standardized",2013,"Rate",47.0577765183692,44.3830302658215,49.8316096455986
1,"Deaths",1800,"Barnstable County",25001,508,"Chronic respiratory diseases",1,"Male",27,"Age-standardized",2014,"Rate",46.5648514270161,43.8712452779813,49.2894130943008
1,"Deaths",1800,"Barnstable County",25001,508,"Chronic respiratory diseases",2,"Female",27,"Age-standardized",1980,"Rate",20.0283013071933,18.5916185729371,21.5446240847662
1,"Deaths",1800,"Barnstable County",25001,508,"Chronic respiratory diseases",2,"Female",27,"Age-standardized",1981,"Rate",20.2830493753549,18.8169325918348,21.7546330323721
1,"Deaths",1800,"Barnstable County",25001,508,"Chronic respiratory diseases",2,"Female",27,"Age-standardized",1982,"Rate",20.0475720332015,18.6460350516458,21.4540699495384
1,"Deaths",1800,"Barnstable County",25001,508,"Chronic respiratory diseases",2,"Female",27,"Age-standardized",1983,"Rate",20.6083051915334,19.2083831395177,22.1113385211575
1,"Deaths",1800,"Barnstable County",25001,508,"Chronic respiratory diseases",2,"Female",27,"Age-standardized",1984,"Rate",21.5908479615449,20.1528791994413,23.115747048702
1,"Deaths",1800,"Barnstable County",25001,508,"Chronic respiratory diseases",2,"Female",27,"Age-standardized",1985,"Rate",22.8839929474383,21.451620782985,24.3829264016342
1,"Deaths",1800,"Barnstable County",25001,508,"Chronic respiratory diseases",2,"Female",27,"Age-standardized",1986,"Rate",23.4971733199715,22.0598659931227,25.0176005469508
1,"Deaths",1800,"Barnstable County",25001,508,"Chronic respiratory diseases",2,"Female",27,"Age-standardized",1987,"Rate",24.1672073384361,22.7505668174633,25.7073569058045
1,"Deaths",1800,"Barnstable County",25001,508,"Chronic respiratory diseases",2,"Female",27,"Age-standardized",1988,"Rate",25.725537256167,24.207404945704,27.3397641740848
1,"Deaths",1800,"Barnstable County",25001,508,"Chronic respiratory diseases",2,"Female",27,"Age-standardized",1989,"Rate",25.8957962526727,24.4216733626633,27.4100175773818
1,"Deaths",1800,"Barnstable County",25001,508,"Chronic respiratory diseases",2,"Female",27,"Age-standardized",1990,"Rate",26.1034414837031,24.6347814021978,27.6945784783551
1,"Deaths",1800,"Barnstable County",25001,508,"Chronic respiratory diseases",2,"Female",27,"Age-standardized",1991,"Rate",28.2493936645801,26.5242447286406,30.0006142898761
1,"Deaths",1800,"Barnstable County",25001,508,"Chronic respiratory diseases",2,"Female",27,"Age-standardized",1992,"Rate",28.4864398451803,27.0544850361222,30.3225909994798
1,"Deaths",1800,"Barnstable County",25001,508,"Chronic respiratory diseases",2,"Female",27,"Age-standardized",1993,"Rate",30.6175138330544,28.8703867134369,32.4353688363627
1,"Deaths",1800,"Barnstable County",25001,508,"Chronic respiratory diseases",2,"Female",27,"Age-standardized",1994,"Rate",32.2614006243902,30.4456998555047,34.1091869994163
1,"Deaths",1800,"Barnstable County",25001,508,"Chronic respiratory diseases",2,"Female",27,"Age-standardized",1995,"Rate",32.1190680545642,30.3669376611782,34.149417221567
1,"Deaths",1800,"Barnstable County",25001,508,"Chronic respiratory diseases",2,"Female",27,"Age-standardized",1996,"Rate",34.4077279635763,32.6303071767796,36.4105125148722
1,"Deaths",1800,"Barnstable County",25001,508,"Chronic respiratory diseases",2,"Female",27,"Age-standardized",1997,"Rate",34.5095012493365,32.6678530496797,36.3559383616543
1,"Deaths",1800,"Barnstable County",25001,508,"Chronic respiratory diseases",2,"Female",27,"Age-standardized",1998,"Rate",36.6726864114967,34.7542801050779,38.7109513298686
1,"Deaths",1800,"Barnstable County",25001,508,"Chronic respiratory diseases",2,"Female",27,"Age-standardized",1999,"Rate",37.7048840034395,35.6568236216695,39.6422928636474
1,"Deaths",1800,"Barnstable County",25001,508,"Chronic respiratory diseases",2,"Female",27,"Age-standardized",2000,"Rate",39.6955422737695,37.5917654301225,41.8462470595152
1,"Deaths",1800,"Barnstable County",25001,508,"Chronic respiratory diseases",2,"Female",27,"Age-standardized",2001,"Rate",40.5606476407506,38.580205193744,42.5802718337722
1,"Deaths",1800,"Barnstable County",25001,508,"Chronic respiratory diseases",2,"Female",27,"Age-standardized",2002,"Rate",40.3235982121646,38.2702504848608,42.6629706249458
1,"Deaths",1800,"Barnstable County",25001,508,"Chronic respiratory diseases",2,"Female",27,"Age-standardized",2003,"Rate",41.011477976516,39.0121981138692,43.2552190301142
1,"Deaths",1800,"Barnstable County",25001,508,"Chronic respiratory diseases",2,"Female",27,"Age-standardized",2004,"Rate",40.146563931545,38.2154805315986,42.2898385897111
1,"Deaths",1800,"Barnstable County",25001,508,"Chronic respiratory diseases",2,"Female",27,"Age-standardized",2005,"Rate",39.5619044655718,37.5126659077384,41.7195847845493
1,"Deaths",1800,"Barnstable County",25001,508,"Chronic respiratory diseases",2,"Female",27,"Age-standardized",2006,"Rate",41.3043948418552,39.1005420967317,43.5200289068918
1,"Deaths",1800,"Barnstable County",25001,508,"Chronic respiratory diseases",2,"Female",27,"Age-standardized",2007,"Rate",39.8444441655643,37.7736353444446,41.918827139056
1,"Deaths",1800,"Barnstable County",25001,508,"Chronic respiratory diseases",2,"Female",27,"Age-standardized",2008,"Rate",40.5524070390184,38.2404966792522,42.764996994372
1,"Deaths",1800,"Barnstable County",25001,508,"Chronic respiratory diseases",2,"Female",27,"Age-standardized",2009,"Rate",40.008011475213,37.8039624659084,42.2373141735467
1,"Deaths",1800,"Barnstable County",25001,508,"Chronic respiratory diseases",2,"Female",27,"Age-standardized",2010,"Rate",38.7211890544454,36.5469617109339,40.8582232392532
1,"Deaths",1800,"Barnstable County",25001,508,"Chronic respiratory diseases",2,"Female",27,"Age-standardized",2011,"Rate",40.6936725016379,38.4526845393083,43.1673026737146
1,"Deaths",1800,"Barnstable County",25001,508,"Chronic respiratory diseases",2,"Female",27,"Age-standardized",2012,"Rate",40.7536882133851,38.5325065135945,43.0648938780122
1,"Deaths",1800,"Barnstable County",25001,508,"Chronic respiratory diseases",2,"Female",27,"Age-standardized",2013,"Rate",40.603147121951,38.217989364687,43.0719902414112
1,"Deaths",1800,"Barnstable County",25001,508,"Chronic respiratory diseases",2,"Female",27,"Age-standardized",2014,"Rate",38.9088800830328,36.6405085425661,41.3522040399332
1,"Deaths",1800,"Barnstable County",25001,508,"Chronic respiratory diseases",3,"Both",27,"Age-standardized",1980,"Rate",31.6716751623772,30.069321774796,33.4658188192108
1,"Deaths",1800,"Barnstable County",25001,508,"Chronic respiratory diseases",3,"Both",27,"Age-standardized",1981,"Rate",31.8641668481325,30.3981758183962,33.5173369229815
1,"Deaths",1800,"Barnstable County",25001,508,"Chronic respiratory diseases",3,"Both",27,"Age-standardized",1982,"Rate",31.2799515348933,29.6530698096442,32.8323345609574
1,"Deaths",1800,"Barnstable County",25001,508,"Chronic respiratory diseases",3,"Both",27,"Age-standardized",1983,"Rate",31.1880644812376,29.7083891171159,32.7430910768103
1,"Deaths",1800,"Barnstable County",25001,508,"Chronic respiratory diseases",3,"Both",27,"Age-standardized",1984,"Rate",32.8025617138031,31.2409450631786,34.2947930150693
1,"Deaths",1800,"Barnstable County",25001,508,"Chronic respiratory diseases",3,"Both",27,"Age-standardized",1985,"Rate",33.4835073181834,32.0148761614341,35.0344405001162
1,"Deaths",1800,"Barnstable County",25001,508,"Chronic respiratory diseases",3,"Both",27,"Age-standardized",1986,"Rate",33.2555524277486,31.7515624386007,34.8389894413541
1,"Deaths",1800,"Barnstable County",25001,508,"Chronic respiratory diseases",3,"Both",27,"Age-standardized",1987,"Rate",34.5487244501301,32.959161385189,36.0075870794356
1,"Deaths",1800,"Barnstable County",25001,508,"Chronic respiratory diseases",3,"Both",27,"Age-standardized",1988,"Rate",35.2813334889886,33.626643920668,36.910989194075
1,"Deaths",1800,"Barnstable County",25001,508,"Chronic respiratory diseases",3,"Both",27,"Age-standardized",1989,"Rate",35.0820707494629,33.4932760998366,36.6070959750309
1,"Deaths",1800,"Barnstable County",25001,508,"Chronic respiratory diseases",3,"Both",27,"Age-standardized",1990,"Rate",35.442955169744,33.9975116996777,37.0958828929905
1,"Deaths",1800,"Barnstable County",25001,508,"Chronic respiratory diseases",3,"Both",27,"Age-standardized",1991,"Rate",36.6341395796121,35.0971984598901,38.2436410810548
1,"Deaths",1800,"Barnstable County",25001,508,"Chronic respiratory diseases",3,"Both",27,"Age-standardized",1992,"Rate",37.0823169900287,35.5204738416916,38.7209013035624
1,"Deaths",1800,"Barnstable County",25001,508,"Chronic respiratory diseases",3,"Both",27,"Age-standardized",1993,"Rate",37.8837626852176,36.2931336051025,39.5048414460727
1,"Deaths",1800,"Barnstable County",25001,508,"Chronic respiratory diseases",3,"Both",27,"Age-standardized",1994,"Rate",39.2633026169619,37.7413589873271,40.9868818077658
1,"Deaths",1800,"Barnstable County",25001,508,"Chronic respiratory diseases",3,"Both",27,"Age-standardized",1995,"Rate",39.5655203187553,38.0038946989408,41.342610794602
1,"Deaths",1800,"Barnstable County",25001,508,"Chronic respiratory diseases",3,"Both",27,"Age-standardized",1996,"Rate",41.1203944469507,39.4820443076955,42.8694541133683
1,"Deaths",1800,"Barnstable County",25001,508,"Chronic respiratory diseases",3,"Both",27,"Age-standardized",1997,"Rate",40.5969858960579,38.9669283734195,42.2598700884633
1,"Deaths",1800,"Barnstable County",25001,508,"Chronic respiratory diseases",3,"Both",27,"Age-standardized",1998,"Rate",42.6543286744724,40.9887765568562,44.4481068848336
1,"Deaths",1800,"Barnstable County",25001,508,"Chronic respiratory diseases",3,"Both",27,"Age-standardized",1999,"Rate",43.2582731021247,41.5260152300957,44.9568912916776
1,"Deaths",1800,"Barnstable County",25001,508,"Chronic respiratory diseases",3,"Both",27,"Age-standardized",2000,"Rate",43.9462747288251,42.1226385513991,45.7155326275203
1,"Deaths",1800,"Barnstable County",25001,508,"Chronic respiratory diseases",3,"Both",27,"Age-standardized",2001,"Rate",45.1328833705477,43.3416218493487,46.9189442576292
1,"Deaths",1800,"Barnstable County",25001,508,"Chronic respiratory diseases",3,"Both",27,"Age-standardized",2002,"Rate",45.0627258505507,43.4047058005326,46.9177219849186
1,"Deaths",1800,"Barnstable County",25001,508,"Chronic respiratory diseases",3,"Both",27,"Age-standardized",2003,"Rate",45.0185240736196,43.320649711866,46.949557468477
1,"Deaths",1800,"Barnstable County",25001,508,"Chronic respiratory diseases",3,"Both",27,"Age-standardized",2004,"Rate",44.2856639304135,42.572969340637,46.0153528779852
1,"Deaths",1800,"Barnstable County",25001,508,"Chronic respiratory diseases",3,"Both",27,"Age-standardized",2005,"Rate",43.6466889908657,41.8506502523996,45.4567742044898
1,"Deaths",1800,"Barnstable County",25001,508,"Chronic respiratory diseases",3,"Both",27,"Age-standardized",2006,"Rate",44.9266686508018,43.1020784095476,46.7964044671756
1,"Deaths",1800,"Barnstable County",25001,508,"Chronic respiratory diseases",3,"Both",27,"Age-standardized",2007,"Rate",43.8712833685092,42.0639337495228,45.6975909877171
1,"Deaths",1800,"Barnstable County",25001,508,"Chronic respiratory diseases",3,"Both",27,"Age-standardized",2008,"Rate",43.5551333150352,41.9300260242041,45.3488769669771
1,"Deaths",1800,"Barnstable County",25001,508,"Chronic respiratory diseases",3,"Both",27,"Age-standardized",2009,"Rate",43.4639842922866,41.718898296689,45.2872138484476
1,"Deaths",1800,"Barnstable County",25001,508,"Chronic respiratory diseases",3,"Both",27,"Age-standardized",2010,"Rate",42.8766726940557,41.1331008297418,44.6719382194924
1,"Deaths",1800,"Barnstable County",25001,508,"Chronic respiratory diseases",3,"Both",27,"Age-standardized",2011,"Rate",43.865266976738,42.0864202419831,45.7025434671815
1,"Deaths",1800,"Barnstable County",25001,508,"Chronic respiratory diseases",3,"Both",27,"Age-standardized",2012,"Rate",42.9375908411954,41.2562323709347,44.7975272515687
1,"Deaths",1800,"Barnstable County",25001,508,"Chronic respiratory diseases",3,"Both",27,"Age-standardized",2013,"Rate",43.2666521904267,41.3296994337282,45.2248255649916
1,"Deaths",1800,"Barnstable County",25001,508,"Chronic respiratory diseases",3,"Both",27,"Age-standardized",2014,"Rate",42.0617497487412,40.2649923621811,43.8636894527661
1,"Deaths",1790,"Berkshire County",25003,508,"Chronic respiratory diseases",1,"Male",27,"Age-standardized",1980,"Rate",72.4434610192964,67.657445128096,77.1415506290755
1,"Deaths",1790,"Berkshire County",25003,508,"Chronic respiratory diseases",1,"Male",27,"Age-standardized",1981,"Rate",71.5939907246603,66.9456721636482,76.8036049674291
1,"Deaths",1790,"Berkshire County",25003,508,"Chronic respiratory diseases",1,"Male",27,"Age-standardized",1982,"Rate",70.934907752749,66.6980166365064,75.4929332294946
1,"Deaths",1790,"Berkshire County",25003,508,"Chronic respiratory diseases",1,"Male",27,"Age-standardized",1983,"Rate",72.6359086703054,67.9363739010621,77.3888383259389
1,"Deaths",1790,"Berkshire County",25003,508,"Chronic respiratory diseases",1,"Male",27,"Age-standardized",1984,"Rate",72.1400980549055,67.2736346829062,76.638339783332
1,"Deaths",1790,"Berkshire County",25003,508,"Chronic respiratory diseases",1,"Male",27,"Age-standardized",1985,"Rate",72.927193443373,68.5715353520525,77.486006928698
1,"Deaths",1790,"Berkshire County",25003,508,"Chronic respiratory diseases",1,"Male",27,"Age-standardized",1986,"Rate",73.7701744753603,69.0307680429944,78.4761282245596
1,"Deaths",1790,"Berkshire County",25003,508,"Chronic respiratory diseases",1,"Male",27,"Age-standardized",1987,"Rate",72.1327632371496,68.0404859515165,76.3642992358447
1,"Deaths",1790,"Berkshire County",25003,508,"Chronic respiratory diseases",1,"Male",27,"Age-standardized",1988,"Rate",72.7680648600395,68.3551867378438,76.9262430826082
1,"Deaths",1790,"Berkshire County",25003,508,"Chronic respiratory diseases",1,"Male",27,"Age-standardized",1989,"Rate",72.418593449943,68.3500128039793,76.6516386484054
1,"Deaths",1790,"Berkshire County",25003,508,"Chronic respiratory diseases",1,"Male",27,"Age-standardized",1990,"Rate",71.3584363170591,67.4498373291456,75.5030327113109
1,"Deaths",1790,"Berkshire County",25003,508,"Chronic respiratory diseases",1,"Male",27,"Age-standardized",1991,"Rate",69.4381319133207,65.5735722456186,73.6355127020836
1,"Deaths",1790,"Berkshire County",25003,508,"Chronic respiratory diseases",1,"Male",27,"Age-standardized",1992,"Rate",69.2744233027543,65.465662620852,73.2559425454097
1,"Deaths",1790,"Berkshire County",25003,508,"Chronic respiratory diseases",1,"Male",27,"Age-standardized",1993,"Rate",71.035833967813,67.0543152231916,75.1017671805007
1,"Deaths",1790,"Berkshire County",25003,508,"Chronic respiratory diseases",1,"Male",27,"Age-standardized",1994,"Rate",69.2476229475296,65.5005784374311,73.2507368088661
1,"Deaths",1790,"Berkshire County",25003,508,"Chronic respiratory diseases",1,"Male",27,"Age-standardized",1995,"Rate",71.1857992283416,67.0908254012219,75.3575323141805
1,"Deaths",1790,"Berkshire County",25003,508,"Chronic respiratory diseases",1,"Male",27,"Age-standardized",1996,"Rate",70.6844484293462,66.8711841634598,74.8289007256563
1,"Deaths",1790,"Berkshire County",25003,508,"Chronic respiratory diseases",1,"Male",27,"Age-standardized",1997,"Rate",71.3177156993028,67.5398309351764,75.5617162203764
1,"Deaths",1790,"Berkshire County",25003,508,"Chronic respiratory diseases",1,"Male",27,"Age-standardized",1998,"Rate",71.7663505801723,67.8548793280443,75.6649036953742
1,"Deaths",1790,"Berkshire County",25003,508,"Chronic respiratory diseases",1,"Male",27,"Age-standardized",1999,"Rate",72.6024652112822,68.7889099856341,76.6157708725328
1,"Deaths",1790,"Berkshire County",25003,508,"Chronic respiratory diseases",1,"Male",27,"Age-standardized",2000,"Rate",73.1209606745061,69.2988137924416,77.2924125868261
1,"Deaths",1790,"Berkshire County",25003,508,"Chronic respiratory diseases",1,"Male",27,"Age-standardized",2001,"Rate",73.1853412081994,69.2658100111852,77.3219563821649
1,"Deaths",1790,"Berkshire County",25003,508,"Chronic respiratory diseases",1,"Male",27,"Age-standardized",2002,"Rate",70.6199429820205,66.4497848883453,74.749784656918
1,"Deaths",1790,"Berkshire County",25003,508,"Chronic respiratory diseases",1,"Male",27,"Age-standardized",2003,"Rate",71.2286722383189,67.4112002246154,75.1753279459614
1,"Deaths",1790,"Berkshire County",25003,508,"Chronic respiratory diseases",1,"Male",27,"Age-standardized",2004,"Rate",68.3643272988445,64.7188934201213,72.0790267592428
1,"Deaths",1790,"Berkshire County",25003,508,"Chronic respiratory diseases",1,"Male",27,"Age-standardized",2005,"Rate",67.4054621656464,63.7397452775203,71.3305600985875
1,"Deaths",1790,"Berkshire County",25003,508,"Chronic respiratory diseases",1,"Male",27,"Age-standardized",2006,"Rate",64.1981909650555,60.7498755198825,68.0634076822444
1,"Deaths",1790,"Berkshire County",25003,508,"Chronic respiratory diseases",1,"Male",27,"Age-standardized",2007,"Rate",63.8770103561582,60.010053666982,67.5693527561746
1,"Deaths",1790,"Berkshire County",25003,508,"Chronic respiratory diseases",1,"Male",27,"Age-standardized",2008,"Rate",65.0139431946752,61.0963206096054,68.615217092133
1,"Deaths",1790,"Berkshire County",25003,508,"Chronic respiratory diseases",1,"Male",27,"Age-standardized",2009,"Rate",63.8350386619136,60.3525446378485,67.6585291625516
1,"Deaths",1790,"Berkshire County",25003,508,"Chronic respiratory diseases",1,"Male",27,"Age-standardized",2010,"Rate",61.5377215397479,57.7288410847172,65.1150271967329
1,"Deaths",1790,"Berkshire County",25003,508,"Chronic respiratory diseases",1,"Male",27,"Age-standardized",2011,"Rate",63.034345459878,59.3809855631261,66.8685144999836
1,"Deaths",1790,"Berkshire County",25003,508,"Chronic respiratory diseases",1,"Male",27,"Age-standardized",2012,"Rate",60.4659887081967,56.9717950968866,64.5246854582159
1,"Deaths",1790,"Berkshire County",25003,508,"Chronic respiratory diseases",1,"Male",27,"Age-standardized",2013,"Rate",61.4292539644217,57.2914640744217,65.2943403140718
1,"Deaths",1790,"Berkshire County",25003,508,"Chronic respiratory diseases",1,"Male",27,"Age-standardized",2014,"Rate",62.3180809111425,58.410490491543,66.1250477787359
1,"Deaths",1790,"Berkshire County",25003,508,"Chronic respiratory diseases",2,"Female",27,"Age-standardized",1980,"Rate",25.1940368458313,23.3883141931461,27.0582661492923
1,"Deaths",1790,"Berkshire County",25003,508,"Chronic respiratory diseases",2,"Female",27,"Age-standardized",1981,"Rate",25.4488569159672,23.5519802018414,27.4474650581218
1,"Deaths",1790,"Berkshire County",25003,508,"Chronic respiratory diseases",2,"Female",27,"Age-standardized",1982,"Rate",25.4384189685948,23.6073278281034,27.3992347738885
1,"Deaths",1790,"Berkshire County",25003,508,"Chronic respiratory diseases",2,"Female",27,"Age-standardized",1983,"Rate",26.4365988323703,24.6298594599884,28.492052121979
1,"Deaths",1790,"Berkshire County",25003,508,"Chronic respiratory diseases",2,"Female",27,"Age-standardized",1984,"Rate",27.6278077523216,25.8503379744236,29.6634141278161
1,"Deaths",1790,"Berkshire County",25003,508,"Chronic respiratory diseases",2,"Female",27,"Age-standardized",1985,"Rate",28.5706889263624,26.6426172586112,30.5740487932946
1,"Deaths",1790,"Berkshire County",25003,508,"Chronic respiratory diseases",2,"Female",27,"Age-standardized",1986,"Rate",28.4541900603311,26.5817241007402,30.261538492792
1,"Deaths",1790,"Berkshire County",25003,508,"Chronic respiratory diseases",2,"Female",27,"Age-standardized",1987,"Rate",30.9789257415463,29.1232847611101,32.9021018616457
1,"Deaths",1790,"Berkshire County",25003,508,"Chronic respiratory diseases",2,"Female",27,"Age-standardized",1988,"Rate",31.0735804230638,29.1272350125968,33.0841776455276
1,"Deaths",1790,"Berkshire County",25003,508,"Chronic respiratory diseases",2,"Female",27,"Age-standardized",1989,"Rate",31.9793222220548,30.140457055063,33.9535326886249
1,"Deaths",1790,"Berkshire County",25003,508,"Chronic respiratory diseases",2,"Female",27,"Age-standardized",1990,"Rate",31.8243604812454,29.9758634777267,33.7044507765657
1,"Deaths",1790,"Berkshire County",25003,508,"Chronic respiratory diseases",2,"Female",27,"Age-standardized",1991,"Rate",32.9666538125528,31.0507805659862,34.9867253488428
1,"Deaths",1790,"Berkshire County",25003,508,"Chronic respiratory diseases",2,"Female",27,"Age-standardized",1992,"Rate",34.5386688870343,32.7169859767246,36.5609558173371
1,"Deaths",1790,"Berkshire County",25003,508,"Chronic respiratory diseases",2,"Female",27,"Age-standardized",1993,"Rate",36.5637067654021,34.5333671445545,38.4636356586068
1,"Deaths",1790,"Berkshire County",25003,508,"Chronic respiratory diseases",2,"Female",27,"Age-standardized",1994,"Rate",38.4820058169592,36.3470911833769,40.6923130310883
1,"Deaths",1790,"Berkshire County",25003,508,"Chronic respiratory diseases",2,"Female",27,"Age-standardized",1995,"Rate",40.2624817549993,38.0360555291789,42.6205375836901
1,"Deaths",1790,"Berkshire County",25003,508,"Chronic respiratory diseases",2,"Female",27,"Age-standardized",1996,"Rate",41.6716501803543,39.3194380383762,43.8950793742443
1,"Deaths",1790,"Berkshire County",25003,508,"Chronic respiratory diseases",2,"Female",27,"Age-standardized",1997,"Rate",41.9376938235915,39.6212985682674,44.263497760294
1,"Deaths",1790,"Berkshire County",25003,508,"Chronic respiratory diseases",2,"Female",27,"Age-standardized",1998,"Rate",43.3569319511923,40.9796507837532,45.652365965658
1,"Deaths",1790,"Berkshire County",25003,508,"Chronic respiratory diseases",2,"Female",27,"Age-standardized",1999,"Rate",45.3343037298232,43.0371673955073,47.9530120856602
1,"Deaths",1790,"Berkshire County",25003,508,"Chronic respiratory diseases",2,"Female",27,"Age-standardized",2000,"Rate",46.9462197489167,44.4535120523566,49.7764951611714
1,"Deaths",1790,"Berkshire County",25003,508,"Chronic respiratory diseases",2,"Female",27,"Age-standardized",2001,"Rate",48.1566385092462,45.6202839880108,50.7243656250505
1,"Deaths",1790,"Berkshire County",25003,508,"Chronic respiratory diseases",2,"Female",27,"Age-standardized",2002,"Rate",47.6720726975168,44.9458856441728,50.2819867354284
1,"Deaths",1790,"Berkshire County",25003,508,"Chronic respiratory diseases",2,"Female",27,"Age-standardized",2003,"Rate",49.4307350854165,46.6918330641982,52.2835580848095
1,"Deaths",1790,"Berkshire County",25003,508,"Chronic respiratory diseases",2,"Female",27,"Age-standardized",2004,"Rate",47.196840399018,44.6716040400813,49.738270647474
1,"Deaths",1790,"Berkshire County",25003,508,"Chronic respiratory diseases",2,"Female",27,"Age-standardized",2005,"Rate",49.8471356806718,47.2212698139408,52.6672420319859
1,"Deaths",1790,"Berkshire County",25003,508,"Chronic respiratory diseases",2,"Female",27,"Age-standardized",2006,"Rate",49.2509471348062,46.5130853201727,52.1340259411628
1,"Deaths",1790,"Berkshire County",25003,508,"Chronic respiratory diseases",2,"Female",27,"Age-standardized",2007,"Rate",49.1994671649045,46.5209701256693,51.9965751989713
1,"Deaths",1790,"Berkshire County",25003,508,"Chronic respiratory diseases",2,"Female",27,"Age-standardized",2008,"Rate",48.0538450816367,45.4081672024054,50.9005604251219
1,"Deaths",1790,"Berkshire County",25003,508,"Chronic respiratory diseases",2,"Female",27,"Age-standardized",2009,"Rate",48.1109222974129,45.3519355154718,51.1397750592736
1,"Deaths",1790,"Berkshire County",25003,508,"Chronic respiratory diseases",2,"Female",27,"Age-standardized",2010,"Rate",46.533728987691,43.8618443829544,49.0829891548577
1,"Deaths",1790,"Berkshire County",25003,508,"Chronic respiratory diseases",2,"Female",27,"Age-standardized",2011,"Rate",47.0889433777183,44.3079208016519,49.9160539423302
1,"Deaths",1790,"Berkshire County",25003,508,"Chronic respiratory diseases",2,"Female",27,"Age-standardized",2012,"Rate",46.4004800144791,43.6451856427322,49.3417481194996
1,"Deaths",1790,"Berkshire County",25003,508,"Chronic respiratory diseases",2,"Female",27,"Age-standardized",2013,"Rate",45.7536076630306,42.7492577325401,48.9815282010712
1,"Deaths",1790,"Berkshire County",25003,508,"Chronic respiratory diseases",2,"Female",27,"Age-standardized",2014,"Rate",46.6505744815963,43.6206976225278,49.9704072378882
1,"Deaths",1790,"Berkshire County",25003,508,"Chronic respiratory diseases",3,"Both",27,"Age-standardized",1980,"Rate",42.0820496786116,39.9507438069536,44.1929594766858
1,"Deaths",1790,"Berkshire County",25003,508,"Chronic respiratory diseases",3,"Both",27,"Age-standardized",1981,"Rate",41.8067186482783,39.6611716658305,43.9573341334063
1,"Deaths",1790,"Berkshire County",25003,508,"Chronic respiratory diseases",3,"Both",27,"Age-standardized",1982,"Rate",41.4440066762268,39.4577191087159,43.4838407473304
1,"Deaths",1790,"Berkshire County",25003,508,"Chronic respiratory diseases",3,"Both",27,"Age-standardized",1983,"Rate",42.5748615441131,40.4297060048199,44.7824752796812
1,"Deaths",1790,"Berkshire County",25003,508,"Chronic respiratory diseases",3,"Both",27,"Age-standardized",1984,"Rate",43.0661126752534,40.8902742230382,45.1979054377122
1,"Deaths",1790,"Berkshire County",25003,508,"Chronic respiratory diseases",3,"Both",27,"Age-standardized",1985,"Rate",43.8486734690269,41.8856301473837,45.8830507377006
1,"Deaths",1790,"Berkshire County",25003,508,"Chronic respiratory diseases",3,"Both",27,"Age-standardized",1986,"Rate",44.0377669447652,42.0152945852127,46.0692233424585
1,"Deaths",1790,"Berkshire County",25003,508,"Chronic respiratory diseases",3,"Both",27,"Age-standardized",1987,"Rate",45.0065535008259,43.0198014908099,47.0360366441472
1,"Deaths",1790,"Berkshire County",25003,508,"Chronic respiratory diseases",3,"Both",27,"Age-standardized",1988,"Rate",45.3170108208016,43.2723517752681,47.4614117730408
1,"Deaths",1790,"Berkshire County",25003,508,"Chronic respiratory diseases",3,"Both",27,"Age-standardized",1989,"Rate",45.7277286543628,43.764927915887,47.6920922413616
1,"Deaths",1790,"Berkshire County",25003,508,"Chronic respiratory diseases",3,"Both",27,"Age-standardized",1990,"Rate",45.2645188071199,43.3458637463716,47.1279926254715
1,"Deaths",1790,"Berkshire County",25003,508,"Chronic respiratory diseases",3,"Both",27,"Age-standardized",1991,"Rate",45.3461635508346,43.387753926944,47.3914217677754
1,"Deaths",1790,"Berkshire County",25003,508,"Chronic respiratory diseases",3,"Both",27,"Age-standardized",1992,"Rate",46.3369140642568,44.4279470500961,48.4009489807599
1,"Deaths",1790,"Berkshire County",25003,508,"Chronic respiratory diseases",3,"Both",27,"Age-standardized",1993,"Rate",48.3318061376121,46.3436637102229,50.440432619688
1,"Deaths",1790,"Berkshire County",25003,508,"Chronic respiratory diseases",3,"Both",27,"Age-standardized",1994,"Rate",48.9621481443774,46.9042039134246,51.1911776962562
1,"Deaths",1790,"Berkshire County",25003,508,"Chronic respiratory diseases",3,"Both",27,"Age-standardized",1995,"Rate",50.8704437550852,48.8177831438963,52.9952410563259
1,"Deaths",1790,"Berkshire County",25003,508,"Chronic respiratory diseases",3,"Both",27,"Age-standardized",1996,"Rate",51.5868492036846,49.494602304189,53.6823857865509
1,"Deaths",1790,"Berkshire County",25003,508,"Chronic respiratory diseases",3,"Both",27,"Age-standardized",1997,"Rate",52.0940958800032,49.9865459217088,54.2712254077827
1,"Deaths",1790,"Berkshire County",25003,508,"Chronic respiratory diseases",3,"Both",27,"Age-standardized",1998,"Rate",53.1790019594878,50.9937368616235,55.2601811311005
1,"Deaths",1790,"Berkshire County",25003,508,"Chronic respiratory diseases",3,"Both",27,"Age-standardized",1999,"Rate",54.7766969306093,52.6942809563844,57.0463499239598
1,"Deaths",1790,"Berkshire County",25003,508,"Chronic respiratory diseases",3,"Both",27,"Age-standardized",2000,"Rate",56.1197115169392,53.8383909118901,58.5215452176811
1,"Deaths",1790,"Berkshire County",25003,508,"Chronic respiratory diseases",3,"Both",27,"Age-standardized",2001,"Rate",56.96554204248,54.8427879515732,59.2339682448526
1,"Deaths",1790,"Berkshire County",25003,508,"Chronic respiratory diseases",3,"Both",27,"Age-standardized",2002,"Rate",55.8784999345807,53.5563208830737,58.2599445952406
1,"Deaths",1790,"Berkshire County",25003,508,"Chronic respiratory diseases",3,"Both",27,"Age-standardized",2003,"Rate",57.2537138182016,54.9789849094346,59.5836524491267
1,"Deaths",1790,"Berkshire County",25003,508,"Chronic respiratory diseases",3,"Both",27,"Age-standardized",2004,"Rate",54.8828716542874,52.7489888076081,57.2673309466989
1,"Deaths",1790,"Berkshire County",25003,508,"Chronic respiratory diseases",3,"Both",27,"Age-standardized",2005,"Rate",56.3132104679637,53.9803678816293,58.678116824508
1,"Deaths",1790,"Berkshire County",25003,508,"Chronic respiratory diseases",3,"Both",27,"Age-standardized",2006,"Rate",54.7886313769692,52.6896519029398,57.197359276489
1,"Deaths",1790,"Berkshire County",25003,508,"Chronic respiratory diseases",3,"Both",27,"Age-standardized",2007,"Rate",54.712939845241,52.3395494363581,56.9800557699611
1,"Deaths",1790,"Berkshire County",25003,508,"Chronic respiratory diseases",3,"Both",27,"Age-standardized",2008,"Rate",54.5151634790353,52.1296815016841,56.9858127292036
1,"Deaths",1790,"Berkshire County",25003,508,"Chronic respiratory diseases",3,"Both",27,"Age-standardized",2009,"Rate",54.1419494272545,51.7813166808657,56.6133857019988
1,"Deaths",1790,"Berkshire County",25003,508,"Chronic respiratory diseases",3,"Both",27,"Age-standardized",2010,"Rate",52.3427620519176,49.9913857287467,54.6171265020177
1,"Deaths",1790,"Berkshire County",25003,508,"Chronic respiratory diseases",3,"Both",27,"Age-standardized",2011,"Rate",53.3558955125887,51.0396440269045,55.7129324688345
1,"Deaths",1790,"Berkshire County",25003,508,"Chronic respiratory diseases",3,"Both",27,"Age-standardized",2012,"Rate",51.9104990568853,49.556647689319,54.4792005028254
1,"Deaths",1790,"Berkshire County",25003,508,"Chronic respiratory diseases",3,"Both",27,"Age-standardized",2013,"Rate",51.9974728931835,49.4331926833436,54.6062180430681
1,"Deaths",1790,"Berkshire County",25003,508,"Chronic respiratory diseases",3,"Both",27,"Age-standardized",2014,"Rate",52.9443147525479,50.3036726072778,55.6331827456183
1,"Deaths",1799,"Bristol County",25005,508,"Chronic respiratory diseases",1,"Male",27,"Age-standardized",1980,"Rate",58.5399083041407,55.048424115679,61.8976663225369
1,"Deaths",1799,"Bristol County",25005,508,"Chronic respiratory diseases",1,"Male",27,"Age-standardized",1981,"Rate",57.0769596755292,53.7288150347501,60.2593816852294
1,"Deaths",1799,"Bristol County",25005,508,"Chronic respiratory diseases",1,"Male",27,"Age-standardized",1982,"Rate",56.4521634192718,53.3699283014959,59.5159824994776
1,"Deaths",1799,"Bristol County",25005,508,"Chronic respiratory diseases",1,"Male",27,"Age-standardized",1983,"Rate",59.8516075961139,56.6407154217434,63.0338867905305
1,"Deaths",1799,"Bristol County",25005,508,"Chronic respiratory diseases",1,"Male",27,"Age-standardized",1984,"Rate",61.1828299651958,57.9098215818286,64.4785656202728
1,"Deaths",1799,"Bristol County",25005,508,"Chronic respiratory diseases",1,"Male",27,"Age-standardized",1985,"Rate",63.3319189520541,60.0251364423728,66.5451485417685
1,"Deaths",1799,"Bristol County",25005,508,"Chronic respiratory diseases",1,"Male",27,"Age-standardized",1986,"Rate",58.0498940489525,55.0522980675605,61.0549398949421
1,"Deaths",1799,"Bristol County",25005,508,"Chronic respiratory diseases",1,"Male",27,"Age-standardized",1987,"Rate",60.8442558688748,57.7418397173097,64.0960478834355
1,"Deaths",1799,"Bristol County",25005,508,"Chronic respiratory diseases",1,"Male",27,"Age-standardized",1988,"Rate",61.957689351666,58.7819447210313,65.3040552528488
1,"Deaths",1799,"Bristol County",25005,508,"Chronic respiratory diseases",1,"Male",27,"Age-standardized",1989,"Rate",60.9428809963939,57.6485362093229,64.2115330046335
1,"Deaths",1799,"Bristol County",25005,508,"Chronic respiratory diseases",1,"Male",27,"Age-standardized",1990,"Rate",62.3657170848225,59.4305400229107,65.6130770612662
1,"Deaths",1799,"Bristol County",25005,508,"Chronic respiratory diseases",1,"Male",27,"Age-standardized",1991,"Rate",60.7588883474712,57.6826014815938,63.8078487881911
1,"Deaths",1799,"Bristol County",25005,508,"Chronic respiratory diseases",1,"Male",27,"Age-standardized",1992,"Rate",61.467070298411,58.4977245334951,64.5585978561057
1,"Deaths",1799,"Bristol County",25005,508,"Chronic respiratory diseases",1,"Male",27,"Age-standardized",1993,"Rate",62.8744784702109,60.0384730282276,65.9757991353827
1,"Deaths",1799,"Bristol County",25005,508,"Chronic respiratory diseases",1,"Male",27,"Age-standardized",1994,"Rate",63.1733881526066,60.1522106954391,66.2675659608404
1,"Deaths",1799,"Bristol County",25005,508,"Chronic respiratory diseases",1,"Male",27,"Age-standardized",1995,"Rate",66.7574980481324,63.5695978384191,69.8996708066808
1,"Deaths",1799,"Bristol County",25005,508,"Chronic respiratory diseases",1,"Male",27,"Age-standardized",1996,"Rate",66.1102922521675,62.9876041943395,69.4182614087589
1,"Deaths",1799,"Bristol County",25005,508,"Chronic respiratory diseases",1,"Male",27,"Age-standardized",1997,"Rate",64.1209943512947,61.3460667868403,67.1285146074893
1,"Deaths",1799,"Bristol County",25005,508,"Chronic respiratory diseases",1,"Male",27,"Age-standardized",1998,"Rate",65.4226856315252,62.1690857815944,68.3028093102816
1,"Deaths",1799,"Bristol County",25005,508,"Chronic respiratory diseases",1,"Male",27,"Age-standardized",1999,"Rate",68.2844646468928,65.2471885967403,71.4941055773159
1,"Deaths",1799,"Bristol County",25005,508,"Chronic respiratory diseases",1,"Male",27,"Age-standardized",2000,"Rate",70.542240901901,67.3456885176439,73.8819477043248
1,"Deaths",1799,"Bristol County",25005,508,"Chronic respiratory diseases",1,"Male",27,"Age-standardized",2001,"Rate",71.1567448055118,67.9460912959506,74.3211980281952
1,"Deaths",1799,"Bristol County",25005,508,"Chronic respiratory diseases",1,"Male",27,"Age-standardized",2002,"Rate",72.0646453210748,68.9466883381149,75.4645769157394
1,"Deaths",1799,"Bristol County",25005,508,"Chronic respiratory diseases",1,"Male",27,"Age-standardized",2003,"Rate",70.4129126907991,67.3413540390968,73.6115609967871
1,"Deaths",1799,"Bristol County",25005,508,"Chronic respiratory diseases",1,"Male",27,"Age-standardized",2004,"Rate",69.0250255951746,66.1288650907675,72.0526309236621
1,"Deaths",1799,"Bristol County",25005,508,"Chronic respiratory diseases",1,"Male",27,"Age-standardized",2005,"Rate",66.4028194637709,63.3539812776172,69.2692547587345
1,"Deaths",1799,"Bristol County",25005,508,"Chronic respiratory diseases",1,"Male",27,"Age-standardized",2006,"Rate",65.8254323458823,62.768278864852,69.0657129031665
1,"Deaths",1799,"Bristol County",25005,508,"Chronic respiratory diseases",1,"Male",27,"Age-standardized",2007,"Rate",61.0775408341189,58.3137730136255,63.9363170893895
1,"Deaths",1799,"Bristol County",25005,508,"Chronic respiratory diseases",1,"Male",27,"Age-standardized",2008,"Rate",63.7434856420641,60.8555501448008,66.6821792672011
1,"Deaths",1799,"Bristol County",25005,508,"Chronic respiratory diseases",1,"Male",27,"Age-standardized",2009,"Rate",63.0656975170944,60.1639393397018,66.0379807191072
1,"Deaths",1799,"Bristol County",25005,508,"Chronic respiratory diseases",1,"Male",27,"Age-standardized",2010,"Rate",60.6663311620311,57.8349393947327,63.6454183027336
1,"Deaths",1799,"Bristol County",25005,508,"Chronic respiratory diseases",1,"Male",27,"Age-standardized",2011,"Rate",64.0453692666214,61.0014110303738,67.0871882503639
1,"Deaths",1799,"Bristol County",25005,508,"Chronic respiratory diseases",1,"Male",27,"Age-standardized",2012,"Rate",59.3650728912324,56.5930678269257,62.4521660919537
1,"Deaths",1799,"Bristol County",25005,508,"Chronic respiratory diseases",1,"Male",27,"Age-standardized",2013,"Rate",62.9865702344956,60.0231484920759,66.1824447135435
1,"Deaths",1799,"Bristol County",25005,508,"Chronic respiratory diseases",1,"Male",27,"Age-standardized",2014,"Rate",63.9529754292421,60.853016469143,67.1670191109838
1,"Deaths",1799,"Bristol County",25005,508,"Chronic respiratory diseases",2,"Female",27,"Age-standardized",1980,"Rate",18.3201082010511,17.0700543319421,19.5335332664028
1,"Deaths",1799,"Bristol County",25005,508,"Chronic respiratory diseases",2,"Female",27,"Age-standardized",1981,"Rate",18.8656514192454,17.6038920270241,20.1402786642618
1,"Deaths",1799,"Bristol County",25005,508,"Chronic respiratory diseases",2,"Female",27,"Age-standardized",1982,"Rate",18.6887361147711,17.4466848159716,19.9556393053395
1,"Deaths",1799,"Bristol County",25005,508,"Chronic respiratory diseases",2,"Female",27,"Age-standardized",1983,"Rate",20.0988320994061,18.7681518772042,21.4535516825563
1,"Deaths",1799,"Bristol County",25005,508,"Chronic respiratory diseases",2,"Female",27,"Age-standardized",1984,"Rate",19.8671197608222,18.6795886481405,21.1100966903714
1,"Deaths",1799,"Bristol County",25005,508,"Chronic respiratory diseases",2,"Female",27,"Age-standardized",1985,"Rate",21.4670333095082,20.2954655572061,22.7516026758804
1,"Deaths",1799,"Bristol County",25005,508,"Chronic respiratory diseases",2,"Female",27,"Age-standardized",1986,"Rate",21.6856357284166,20.4435472617209,22.9374985041463
1,"Deaths",1799,"Bristol County",25005,508,"Chronic respiratory diseases",2,"Female",27,"Age-standardized",1987,"Rate",22.8802277660715,21.6364456885794,24.2259973733696
1,"Deaths",1799,"Bristol County",25005,508,"Chronic respiratory diseases",2,"Female",27,"Age-standardized",1988,"Rate",24.7635866394273,23.4015102216749,26.2229594533389
1,"Deaths",1799,"Bristol County",25005,508,"Chronic respiratory diseases",2,"Female",27,"Age-standardized",1989,"Rate",23.9496049574814,22.6488660712376,25.3293103097022
1,"Deaths",1799,"Bristol County",25005,508,"Chronic respiratory diseases",2,"Female",27,"Age-standardized",1990,"Rate",24.4416827249413,23.1992571351075,25.8954155490416
1,"Deaths",1799,"Bristol County",25005,508,"Chronic respiratory diseases",2,"Female",27,"Age-standardized",1991,"Rate",25.7375785238213,24.4718423512874,27.1694910972119
1,"Deaths",1799,"Bristol County",25005,508,"Chronic respiratory diseases",2,"Female",27,"Age-standardized",1992,"Rate",26.8257852235612,25.5236063524825,28.1648453964414
1,"Deaths",1799,"Bristol County",25005,508,"Chronic respiratory diseases",2,"Female",27,"Age-standardized",1993,"Rate",29.1006721280561,27.6304801430237,30.6872647007972
1,"Deaths",1799,"Bristol County",25005,508,"Chronic respiratory diseases",2,"Female",27,"Age-standardized",1994,"Rate",29.8526731827534,28.3728500657308,31.3279978866968
1,"Deaths",1799,"Bristol County",25005,508,"Chronic respiratory diseases",2,"Female",27,"Age-standardized",1995,"Rate",31.6434703507263,30.1954441332963,33.2787809396706
1,"Deaths",1799,"Bristol County",25005,508,"Chronic respiratory diseases",2,"Female",27,"Age-standardized",1996,"Rate",31.8632839927967,30.3133685581663,33.5100055892013
1,"Deaths",1799,"Bristol County",25005,508,"Chronic respiratory diseases",2,"Female",27,"Age-standardized",1997,"Rate",33.4820440626938,31.8511870337942,35.4170182173258
1,"Deaths",1799,"Bristol County",25005,508,"Chronic respiratory diseases",2,"Female",27,"Age-standardized",1998,"Rate",33.6799469959746,32.126472948336,35.3240702486652
1,"Deaths",1799,"Bristol County",25005,508,"Chronic respiratory diseases",2,"Female",27,"Age-standardized",1999,"Rate",36.0746375542175,34.3450064334422,37.9644586791978
1,"Deaths",1799,"Bristol County",25005,508,"Chronic respiratory diseases",2,"Female",27,"Age-standardized",2000,"Rate",38.4988833859479,36.827636413365,40.3896454075401
1,"Deaths",1799,"Bristol County",25005,508,"Chronic respiratory diseases",2,"Female",27,"Age-standardized",2001,"Rate",39.0573134101254,37.221997081326,40.8639113810961
1,"Deaths",1799,"Bristol County",25005,508,"Chronic respiratory diseases",2,"Female",27,"Age-standardized",2002,"Rate",40.0250191744081,38.2332663683176,41.981300508836
1,"Deaths",1799,"Bristol County",25005,508,"Chronic respiratory diseases",2,"Female",27,"Age-standardized",2003,"Rate",39.3080584047401,37.5193431800204,41.1215391236121
1,"Deaths",1799,"Bristol County",25005,508,"Chronic respiratory diseases",2,"Female",27,"Age-standardized",2004,"Rate",38.0669002494947,36.23821753886,39.8387020947799
1,"Deaths",1799,"Bristol County",25005,508,"Chronic respiratory diseases",2,"Female",27,"Age-standardized",2005,"Rate",39.1225677067755,37.3209517826595,40.9232942117669
1,"Deaths",1799,"Bristol County",25005,508,"Chronic respiratory diseases",2,"Female",27,"Age-standardized",2006,"Rate",37.8980993222885,36.3033497986537,39.7956124080297
1,"Deaths",1799,"Bristol County",25005,508,"Chronic respiratory diseases",2,"Female",27,"Age-standardized",2007,"Rate",36.5235793604405,34.931154401164,38.3627863779328
1,"Deaths",1799,"Bristol County",25005,508,"Chronic respiratory diseases",2,"Female",27,"Age-standardized",2008,"Rate",37.9816883969803,36.2906469642969,39.7152024210331
1,"Deaths",1799,"Bristol County",25005,508,"Chronic respiratory diseases",2,"Female",27,"Age-standardized",2009,"Rate",38.8324102790004,36.9934182438365,40.6720514261445
1,"Deaths",1799,"Bristol County",25005,508,"Chronic respiratory diseases",2,"Female",27,"Age-standardized",2010,"Rate",38.6221818767567,36.9071404427347,40.5231723968181
1,"Deaths",1799,"Bristol County",25005,508,"Chronic respiratory diseases",2,"Female",27,"Age-standardized",2011,"Rate",38.7253408435192,36.7982738143864,40.6872522813557
1,"Deaths",1799,"Bristol County",25005,508,"Chronic respiratory diseases",2,"Female",27,"Age-standardized",2012,"Rate",37.583923111509,35.6706170475351,39.5634846663062
1,"Deaths",1799,"Bristol County",25005,508,"Chronic respiratory diseases",2,"Female",27,"Age-standardized",2013,"Rate",39.2875440856149,37.3560933640276,41.4868420832896
1,"Deaths",1799,"Bristol County",25005,508,"Chronic respiratory diseases",2,"Female",27,"Age-standardized",2014,"Rate",39.2690547266542,37.1995778375367,41.4416695781792
1,"Deaths",1799,"Bristol County",25005,508,"Chronic respiratory diseases",3,"Both",27,"Age-standardized",1980,"Rate",32.4346058418318,30.9431133863593,33.8605972607101
1,"Deaths",1799,"Bristol County",25005,508,"Chronic respiratory diseases",3,"Both",27,"Age-standardized",1981,"Rate",32.1645795385994,30.7338907448413,33.6526311570372
1,"Deaths",1799,"Bristol County",25005,508,"Chronic respiratory diseases",3,"Both",27,"Age-standardized",1982,"Rate",31.761414562767,30.393901086908,33.1384889506082
1,"Deaths",1799,"Bristol County",25005,508,"Chronic respiratory diseases",3,"Both",27,"Age-standardized",1983,"Rate",33.7857748586336,32.3887977464918,35.2527840439904
1,"Deaths",1799,"Bristol County",25005,508,"Chronic respiratory diseases",3,"Both",27,"Age-standardized",1984,"Rate",34.0865408767793,32.7392775030227,35.5176229807209
1,"Deaths",1799,"Bristol County",25005,508,"Chronic respiratory diseases",3,"Both",27,"Age-standardized",1985,"Rate",35.7860412071255,34.3544102071673,37.2284651739015
1,"Deaths",1799,"Bristol County",25005,508,"Chronic respiratory diseases",3,"Both",27,"Age-standardized",1986,"Rate",34.0720505559678,32.7380727147447,35.4519662979062
1,"Deaths",1799,"Bristol County",25005,508,"Chronic respiratory diseases",3,"Both",27,"Age-standardized",1987,"Rate",35.8191255473238,34.3540190212081,37.3407596352882
1,"Deaths",1799,"Bristol County",25005,508,"Chronic respiratory diseases",3,"Both",27,"Age-standardized",1988,"Rate",37.4002532899699,35.8583031265691,38.8851000876901
1,"Deaths",1799,"Bristol County",25005,508,"Chronic respiratory diseases",3,"Both",27,"Age-standardized",1989,"Rate",36.5752241983996,35.1064452720584,38.088068235855
1,"Deaths",1799,"Bristol County",25005,508,"Chronic respiratory diseases",3,"Both",27,"Age-standardized",1990,"Rate",37.4030927989456,35.9011204413488,38.8358582294925
1,"Deaths",1799,"Bristol County",25005,508,"Chronic respiratory diseases",3,"Both",27,"Age-standardized",1991,"Rate",37.686935126052,36.2790595472525,39.0189128132596
1,"Deaths",1799,"Bristol County",25005,508,"Chronic respiratory diseases",3,"Both",27,"Age-standardized",1992,"Rate",38.6752670637215,37.2474842322064,40.1576602116057
1,"Deaths",1799,"Bristol County",25005,508,"Chronic respiratory diseases",3,"Both",27,"Age-standardized",1993,"Rate",40.6837481019484,39.2006554167659,42.2333401282571
1,"Deaths",1799,"Bristol County",25005,508,"Chronic respiratory diseases",3,"Both",27,"Age-standardized",1994,"Rate",41.314357387645,39.8581651358362,42.8185497874517
1,"Deaths",1799,"Bristol County",25005,508,"Chronic respiratory diseases",3,"Both",27,"Age-standardized",1995,"Rate",43.7850887229214,42.2240832325786,45.3724914311755
1,"Deaths",1799,"Bristol County",25005,508,"Chronic respiratory diseases",3,"Both",27,"Age-standardized",1996,"Rate",43.727792576503,42.2597525530804,45.386869553469
1,"Deaths",1799,"Bristol County",25005,508,"Chronic respiratory diseases",3,"Both",27,"Age-standardized",1997,"Rate",44.0616109840767,42.5235403757899,45.7039050324174
1,"Deaths",1799,"Bristol County",25005,508,"Chronic respiratory diseases",3,"Both",27,"Age-standardized",1998,"Rate",44.7089686541611,43.1969814486638,46.3610008950778
1,"Deaths",1799,"Bristol County",25005,508,"Chronic respiratory diseases",3,"Both",27,"Age-standardized",1999,"Rate",47.3410626863174,45.7299138910869,48.9510270407742
1,"Deaths",1799,"Bristol County",25005,508,"Chronic respiratory diseases",3,"Both",27,"Age-standardized",2000,"Rate",49.76946207262,48.03666945153,51.4478418618793
1,"Deaths",1799,"Bristol County",25005,508,"Chronic respiratory diseases",3,"Both",27,"Age-standardized",2001,"Rate",50.4689650864795,48.8192730533836,52.0933695042654
1,"Deaths",1799,"Bristol County",25005,508,"Chronic respiratory diseases",3,"Both",27,"Age-standardized",2002,"Rate",51.4930638296631,49.7960917002206,53.2656937485754
1,"Deaths",1799,"Bristol County",25005,508,"Chronic respiratory diseases",3,"Both",27,"Age-standardized",2003,"Rate",50.5209583461599,48.8504665378211,52.2572750201653
1,"Deaths",1799,"Bristol County",25005,508,"Chronic respiratory diseases",3,"Both",27,"Age-standardized",2004,"Rate",49.3139381852072,47.6961725335528,50.8835110695797
1,"Deaths",1799,"Bristol County",25005,508,"Chronic respiratory diseases",3,"Both",27,"Age-standardized",2005,"Rate",49.1034612892923,47.3606226264913,50.7569076477992
1,"Deaths",1799,"Bristol County",25005,508,"Chronic respiratory diseases",3,"Both",27,"Age-standardized",2006,"Rate",48.2364688230347,46.6542772049888,50.0688501044018
1,"Deaths",1799,"Bristol County",25005,508,"Chronic respiratory diseases",3,"Both",27,"Age-standardized",2007,"Rate",45.6527498838439,44.1189163055793,47.2000637450082
1,"Deaths",1799,"Bristol County",25005,508,"Chronic respiratory diseases",3,"Both",27,"Age-standardized",2008,"Rate",47.6819926678233,46.1142338962422,49.316993276466
1,"Deaths",1799,"Bristol County",25005,508,"Chronic respiratory diseases",3,"Both",27,"Age-standardized",2009,"Rate",48.0285224467199,46.4255632717475,49.6917456481999
1,"Deaths",1799,"Bristol County",25005,508,"Chronic respiratory diseases",3,"Both",27,"Age-standardized",2010,"Rate",46.9988846262357,45.4655363221932,48.6397025787838
1,"Deaths",1799,"Bristol County",25005,508,"Chronic respiratory diseases",3,"Both",27,"Age-standardized",2011,"Rate",48.4294291382817,46.6686566477114,50.2664234845049
1,"Deaths",1799,"Bristol County",25005,508,"Chronic respiratory diseases",3,"Both",27,"Age-standardized",2012,"Rate",45.9691916958163,44.2197431736342,47.6902677606542
1,"Deaths",1799,"Bristol County",25005,508,"Chronic respiratory diseases",3,"Both",27,"Age-standardized",2013,"Rate",48.4742582030737,46.553492548822,50.4073061475609
1,"Deaths",1799,"Bristol County",25005,508,"Chronic respiratory diseases",3,"Both",27,"Age-standardized",2014,"Rate",48.8803330457324,47.0486285690815,50.8027144709722
1,"Deaths",1801,"Dukes County",25007,508,"Chronic respiratory diseases",1,"Male",27,"Age-standardized",1980,"Rate",69.0980949993874,60.3914210252445,79.1359301250983
1,"Deaths",1801,"Dukes County",25007,508,"Chronic respiratory diseases",1,"Male",27,"Age-standardized",1981,"Rate",67.4032797005252,59.1328137976797,76.8147188143773
1,"Deaths",1801,"Dukes County",25007,508,"Chronic respiratory diseases",1,"Male",27,"Age-standardized",1982,"Rate",65.4338614952863,57.2796401919434,73.8652303586477
1,"Deaths",1801,"Dukes County",25007,508,"Chronic respiratory diseases",1,"Male",27,"Age-standardized",1983,"Rate",65.662641662257,57.6742213472456,74.2010574303317
1,"Deaths",1801,"Dukes County",25007,508,"Chronic respiratory diseases",1,"Male",27,"Age-standardized",1984,"Rate",64.1807201061717,56.7525787623766,72.2056561126806
1,"Deaths",1801,"Dukes County",25007,508,"Chronic respiratory diseases",1,"Male",27,"Age-standardized",1985,"Rate",63.9646659783562,56.8973714454032,70.8887183990335
1,"Deaths",1801,"Dukes County",25007,508,"Chronic respiratory diseases",1,"Male",27,"Age-standardized",1986,"Rate",63.5063804657995,56.4095310590437,71.2131881126008
1,"Deaths",1801,"Dukes County",25007,508,"Chronic respiratory diseases",1,"Male",27,"Age-standardized",1987,"Rate",62.2368053736495,55.6837008218981,69.6945586287897
1,"Deaths",1801,"Dukes County",25007,508,"Chronic respiratory diseases",1,"Male",27,"Age-standardized",1988,"Rate",61.8974358444745,55.3430691282052,68.3884901597659
1,"Deaths",1801,"Dukes County",25007,508,"Chronic respiratory diseases",1,"Male",27,"Age-standardized",1989,"Rate",59.0663664969254,52.8247979847382,65.4493339348136
1,"Deaths",1801,"Dukes County",25007,508,"Chronic respiratory diseases",1,"Male",27,"Age-standardized",1990,"Rate",57.6178569926511,52.0379733357927,63.7019510469314
1,"Deaths",1801,"Dukes County",25007,508,"Chronic respiratory diseases",1,"Male",27,"Age-standardized",1991,"Rate",56.7265412950604,51.2535972808792,62.6452191629428
1,"Deaths",1801,"Dukes County",25007,508,"Chronic respiratory diseases",1,"Male",27,"Age-standardized",1992,"Rate",55.1611668882435,49.9636167757468,60.7082817214674
1,"Deaths",1801,"Dukes County",25007,508,"Chronic respiratory diseases",1,"Male",27,"Age-standardized",1993,"Rate",55.8405160213338,50.7775427961522,61.5235358695182
1,"Deaths",1801,"Dukes County",25007,508,"Chronic respiratory diseases",1,"Male",27,"Age-standardized",1994,"Rate",55.3073319439989,50.2410710017351,61.3637023586219
1,"Deaths",1801,"Dukes County",25007,508,"Chronic respiratory diseases",1,"Male",27,"Age-standardized",1995,"Rate",54.8760541756075,49.6948132450535,60.5321690101552
1,"Deaths",1801,"Dukes County",25007,508,"Chronic respiratory diseases",1,"Male",27,"Age-standardized",1996,"Rate",53.6375996673945,48.8229299565343,59.0543628978492
1,"Deaths",1801,"Dukes County",25007,508,"Chronic respiratory diseases",1,"Male",27,"Age-standardized",1997,"Rate",52.6136666386617,47.8232903758366,57.7728004922314
1,"Deaths",1801,"Dukes County",25007,508,"Chronic respiratory diseases",1,"Male",27,"Age-standardized",1998,"Rate",52.588494631626,47.7557870219672,57.6843492524065
1,"Deaths",1801,"Dukes County",25007,508,"Chronic respiratory diseases",1,"Male",27,"Age-standardized",1999,"Rate",53.5812319090459,48.4859848529017,59.2595543720444
1,"Deaths",1801,"Dukes County",25007,508,"Chronic respiratory diseases",1,"Male",27,"Age-standardized",2000,"Rate",51.7816060929702,47.0088490994167,56.8045466829333
1,"Deaths",1801,"Dukes County",25007,508,"Chronic respiratory diseases",1,"Male",27,"Age-standardized",2001,"Rate",52.1406684237341,47.2000478363562,57.5444856922187
1,"Deaths",1801,"Dukes County",25007,508,"Chronic respiratory diseases",1,"Male",27,"Age-standardized",2002,"Rate",51.1193727277837,45.9541734129751,56.362042607393
1,"Deaths",1801,"Dukes County",25007,508,"Chronic respiratory diseases",1,"Male",27,"Age-standardized",2003,"Rate",50.2395811123748,45.2298525165943,55.3824515130571
1,"Deaths",1801,"Dukes County",25007,508,"Chronic respiratory diseases",1,"Male",27,"Age-standardized",2004,"Rate",47.425497789894,42.747450462613,52.7033128457967
1,"Deaths",1801,"Dukes County",25007,508,"Chronic respiratory diseases",1,"Male",27,"Age-standardized",2005,"Rate",46.5190036618889,41.728377390712,51.9805440569642
1,"Deaths",1801,"Dukes County",25007,508,"Chronic respiratory diseases",1,"Male",27,"Age-standardized",2006,"Rate",45.8021021781799,41.0473911195186,51.0111573284912
1,"Deaths",1801,"Dukes County",25007,508,"Chronic respiratory diseases",1,"Male",27,"Age-standardized",2007,"Rate",43.7693543646563,38.9644023815025,48.5400791827201
1,"Deaths",1801,"Dukes County",25007,508,"Chronic respiratory diseases",1,"Male",27,"Age-standardized",2008,"Rate",42.2628429297709,37.7117952501512,47.1311311385041
1,"Deaths",1801,"Dukes County",25007,508,"Chronic respiratory diseases",1,"Male",27,"Age-standardized",2009,"Rate",41.1621364063653,36.591836267685,46.3194255364708
1,"Deaths",1801,"Dukes County",25007,508,"Chronic respiratory diseases",1,"Male",27,"Age-standardized",2010,"Rate",40.3905871727061,35.9053061323127,45.2279088771039
1,"Deaths",1801,"Dukes County",25007,508,"Chronic respiratory diseases",1,"Male",27,"Age-standardized",2011,"Rate",39.5991266439464,34.8916846904889,44.2182981961067
1,"Deaths",1801,"Dukes County",25007,508,"Chronic respiratory diseases",1,"Male",27,"Age-standardized",2012,"Rate",39.3980587801944,34.2835560456054,44.3247381035205
1,"Deaths",1801,"Dukes County",25007,508,"Chronic respiratory diseases",1,"Male",27,"Age-standardized",2013,"Rate",38.8664597667098,34.1575442574621,44.0039170792776
1,"Deaths",1801,"Dukes County",25007,508,"Chronic respiratory diseases",1,"Male",27,"Age-standardized",2014,"Rate",38.0344480436012,33.1398740237137,43.2261156969523
1,"Deaths",1801,"Dukes County",25007,508,"Chronic respiratory diseases",2,"Female",27,"Age-standardized",1980,"Rate",24.5830925144097,21.0717325287559,28.76981452757
1,"Deaths",1801,"Dukes County",25007,508,"Chronic respiratory diseases",2,"Female",27,"Age-standardized",1981,"Rate",24.3016467677838,20.9737045027316,28.1601966627656
1,"Deaths",1801,"Dukes County",25007,508,"Chronic respiratory diseases",2,"Female",27,"Age-standardized",1982,"Rate",24.5019543419861,21.1785915714752,28.3775425864114
1,"Deaths",1801,"Dukes County",25007,508,"Chronic respiratory diseases",2,"Female",27,"Age-standardized",1983,"Rate",25.1982418171875,21.957639695617,29.0279471924302
1,"Deaths",1801,"Dukes County",25007,508,"Chronic respiratory diseases",2,"Female",27,"Age-standardized",1984,"Rate",25.9898874925312,22.6970806254281,29.7311189563399
1,"Deaths",1801,"Dukes County",25007,508,"Chronic respiratory diseases",2,"Female",27,"Age-standardized",1985,"Rate",26.5894699530278,23.2993837224729,30.3038611953734
1,"Deaths",1801,"Dukes County",25007,508,"Chronic respiratory diseases",2,"Female",27,"Age-standardized",1986,"Rate",27.7049996588822,24.4005211546056,31.1757204265296
1,"Deaths",1801,"Dukes County",25007,508,"Chronic respiratory diseases",2,"Female",27,"Age-standardized",1987,"Rate",28.2381494510594,24.7955791999723,31.9923273282098
1,"Deaths",1801,"Dukes County",25007,508,"Chronic respiratory diseases",2,"Female",27,"Age-standardized",1988,"Rate",29.1948579308578,25.8247825891522,32.8100362303893
1,"Deaths",1801,"Dukes County",25007,508,"Chronic respiratory diseases",2,"Female",27,"Age-standardized",1989,"Rate",29.845852488457,26.4842629007331,33.4229308188201
1,"Deaths",1801,"Dukes County",25007,508,"Chronic respiratory diseases",2,"Female",27,"Age-standardized",1990,"Rate",29.0715636297769,26.0511853382045,32.2065968138988
1,"Deaths",1801,"Dukes County",25007,508,"Chronic respiratory diseases",2,"Female",27,"Age-standardized",1991,"Rate",30.5494317421845,27.3844814244558,33.8925448950592
1,"Deaths",1801,"Dukes County",25007,508,"Chronic respiratory diseases",2,"Female",27,"Age-standardized",1992,"Rate",30.5926614007881,27.5867653675621,34.1128378333607
1,"Deaths",1801,"Dukes County",25007,508,"Chronic respiratory diseases",2,"Female",27,"Age-standardized",1993,"Rate",32.5121645001229,29.1843176143041,35.8717157254412
1,"Deaths",1801,"Dukes County",25007,508,"Chronic respiratory diseases",2,"Female",27,"Age-standardized",1994,"Rate",33.1211798021109,30.0816819965307,36.4050159402341
1,"Deaths",1801,"Dukes County",25007,508,"Chronic respiratory diseases",2,"Female",27,"Age-standardized",1995,"Rate",34.568796825357,31.2339714817383,38.090167295919
1,"Deaths",1801,"Dukes County",25007,508,"Chronic respiratory diseases",2,"Female",27,"Age-standardized",1996,"Rate",34.7612416240087,31.6507185364553,38.0979524459472
1,"Deaths",1801,"Dukes County",25007,508,"Chronic respiratory diseases",2,"Female",27,"Age-standardized",1997,"Rate",35.4808828234093,32.3813676682756,38.8412135692882
1,"Deaths",1801,"Dukes County",25007,508,"Chronic respiratory diseases",2,"Female",27,"Age-standardized",1998,"Rate",36.4084308761208,33.1269641211552,39.8384011918568
1,"Deaths",1801,"Dukes County",25007,508,"Chronic respiratory diseases",2,"Female",27,"Age-standardized",1999,"Rate",37.2665176846028,33.9324008235181,40.5399206643432
1,"Deaths",1801,"Dukes County",25007,508,"Chronic respiratory diseases",2,"Female",27,"Age-standardized",2000,"Rate",38.5116390725623,35.2275233300774,42.0409350073148
1,"Deaths",1801,"Dukes County",25007,508,"Chronic respiratory diseases",2,"Female",27,"Age-standardized",2001,"Rate",39.5499561450766,36.1975313547113,43.1641802842254
1,"Deaths",1801,"Dukes County",25007,508,"Chronic respiratory diseases",2,"Female",27,"Age-standardized",2002,"Rate",39.1902273870999,35.8923588691037,42.8260957535723
1,"Deaths",1801,"Dukes County",25007,508,"Chronic respiratory diseases",2,"Female",27,"Age-standardized",2003,"Rate",39.6449963079822,36.0742463805016,43.3094332741076
1,"Deaths",1801,"Dukes County",25007,508,"Chronic respiratory diseases",2,"Female",27,"Age-standardized",2004,"Rate",38.4090392677334,35.1211360043133,41.980453021775
1,"Deaths",1801,"Dukes County",25007,508,"Chronic respiratory diseases",2,"Female",27,"Age-standardized",2005,"Rate",39.1365914442456,35.7179186602812,42.9634633183097
1,"Deaths",1801,"Dukes County",25007,508,"Chronic respiratory diseases",2,"Female",27,"Age-standardized",2006,"Rate",39.9213584117262,36.1361646908805,44.0243935380751
1,"Deaths",1801,"Dukes County",25007,508,"Chronic respiratory diseases",2,"Female",27,"Age-standardized",2007,"Rate",38.3877081686425,34.9499848689722,42.1481816848088
1,"Deaths",1801,"Dukes County",25007,508,"Chronic respiratory diseases",2,"Female",27,"Age-standardized",2008,"Rate",38.4139881066766,34.8369220068808,42.3412164576621
1,"Deaths",1801,"Dukes County",25007,508,"Chronic respiratory diseases",2,"Female",27,"Age-standardized",2009,"Rate",37.8097322234709,34.0991746476326,41.9564983773279
1,"Deaths",1801,"Dukes County",25007,508,"Chronic respiratory diseases",2,"Female",27,"Age-standardized",2010,"Rate",37.550185555068,33.8108790813152,41.7163872468902
1,"Deaths",1801,"Dukes County",25007,508,"Chronic respiratory diseases",2,"Female",27,"Age-standardized",2011,"Rate",38.331359100883,34.4879406201495,42.7025346756446
1,"Deaths",1801,"Dukes County",25007,508,"Chronic respiratory diseases",2,"Female",27,"Age-standardized",2012,"Rate",37.6756365181473,33.6334685568677,42.0181064835046
1,"Deaths",1801,"Dukes County",25007,508,"Chronic respiratory diseases",2,"Female",27,"Age-standardized",2013,"Rate",37.4099024076982,33.2198414229493,41.5270523199313
1,"Deaths",1801,"Dukes County",25007,508,"Chronic respiratory diseases",2,"Female",27,"Age-standardized",2014,"Rate",37.3239657981723,33.0703468766431,41.9886064025002
1,"Deaths",1801,"Dukes County",25007,508,"Chronic respiratory diseases",3,"Both",27,"Age-standardized",1980,"Rate",39.9019652968904,35.6498506540419,44.5096665009939
1,"Deaths",1801,"Dukes County",25007,508,"Chronic respiratory diseases",3,"Both",27,"Age-standardized",1981,"Rate",39.2387552807566,35.0858514103646,43.8982349937519
1,"Deaths",1801,"Dukes County",25007,508,"Chronic respiratory diseases",3,"Both",27,"Age-standardized",1982,"Rate",38.6700966505531,34.6948128307669,42.9680057562265
1,"Deaths",1801,"Dukes County",25007,508,"Chronic respiratory diseases",3,"Both",27,"Age-standardized",1983,"Rate",39.1968603391198,35.2051187642121,43.4269382817638
1,"Deaths",1801,"Dukes County",25007,508,"Chronic respiratory diseases",3,"Both",27,"Age-standardized",1984,"Rate",39.3128114372126,35.4327867910201,43.5341144186313
1,"Deaths",1801,"Dukes County",25007,508,"Chronic respiratory diseases",3,"Both",27,"Age-standardized",1985,"Rate",39.788465300506,36.0206510532823,43.7079003541234
1,"Deaths",1801,"Dukes County",25007,508,"Chronic respiratory diseases",3,"Both",27,"Age-standardized",1986,"Rate",40.4506054294063,36.6663208161904,44.4543413999847
1,"Deaths",1801,"Dukes County",25007,508,"Chronic respiratory diseases",3,"Both",27,"Age-standardized",1987,"Rate",40.3966035403139,36.6878630626688,44.4917267150898
1,"Deaths",1801,"Dukes County",25007,508,"Chronic respiratory diseases",3,"Both",27,"Age-standardized",1988,"Rate",41.0081134580628,37.3545299932912,44.8767182668719
1,"Deaths",1801,"Dukes County",25007,508,"Chronic respiratory diseases",3,"Both",27,"Age-standardized",1989,"Rate",40.4303828764398,37.1108438451106,44.2832604290326
1,"Deaths",1801,"Dukes County",25007,508,"Chronic respiratory diseases",3,"Both",27,"Age-standardized",1990,"Rate",39.4419168877916,36.0669708739221,42.9789764453303
1,"Deaths",1801,"Dukes County",25007,508,"Chronic respiratory diseases",3,"Both",27,"Age-standardized",1991,"Rate",39.9789691738048,36.7072159396127,43.5587013252836
1,"Deaths",1801,"Dukes County",25007,508,"Chronic respiratory diseases",3,"Both",27,"Age-standardized",1992,"Rate",39.3639552606637,36.0830348218332,42.7053105031602
1,"Deaths",1801,"Dukes County",25007,508,"Chronic respiratory diseases",3,"Both",27,"Age-standardized",1993,"Rate",40.8451098505103,37.5525473895614,44.1031832255241
1,"Deaths",1801,"Dukes County",25007,508,"Chronic respiratory diseases",3,"Both",27,"Age-standardized",1994,"Rate",40.9849872953678,37.9891566443708,44.3461774353805
1,"Deaths",1801,"Dukes County",25007,508,"Chronic respiratory diseases",3,"Both",27,"Age-standardized",1995,"Rate",41.7134623125505,38.5627142605637,45.0989131770558
1,"Deaths",1801,"Dukes County",25007,508,"Chronic respiratory diseases",3,"Both",27,"Age-standardized",1996,"Rate",41.369125954174,38.1504181188881,44.6966452274147
1,"Deaths",1801,"Dukes County",25007,508,"Chronic respiratory diseases",3,"Both",27,"Age-standardized",1997,"Rate",41.4672047819328,38.4416883995051,44.903952853696
1,"Deaths",1801,"Dukes County",25007,508,"Chronic respiratory diseases",3,"Both",27,"Age-standardized",1998,"Rate",42.0019707262134,38.7577572502221,45.3359213855035
1,"Deaths",1801,"Dukes County",25007,508,"Chronic respiratory diseases",3,"Both",27,"Age-standardized",1999,"Rate",42.9237400100215,39.6426507547737,46.1978846781661
1,"Deaths",1801,"Dukes County",25007,508,"Chronic respiratory diseases",3,"Both",27,"Age-standardized",2000,"Rate",43.1098603720127,39.9399033866327,46.5008089758478
1,"Deaths",1801,"Dukes County",25007,508,"Chronic respiratory diseases",3,"Both",27,"Age-standardized",2001,"Rate",43.9643134598999,40.6516291502643,47.4764376178886
1,"Deaths",1801,"Dukes County",25007,508,"Chronic respiratory diseases",3,"Both",27,"Age-standardized",2002,"Rate",43.6054697220625,40.2482467668267,47.1220193678322
1,"Deaths",1801,"Dukes County",25007,508,"Chronic respiratory diseases",3,"Both",27,"Age-standardized",2003,"Rate",43.5337970651523,40.2335051749423,47.0303384483924
1,"Deaths",1801,"Dukes County",25007,508,"Chronic respiratory diseases",3,"Both",27,"Age-standardized",2004,"Rate",41.8925720037015,38.9011678489521,45.293886626211
1,"Deaths",1801,"Dukes County",25007,508,"Chronic respiratory diseases",3,"Both",27,"Age-standardized",2005,"Rate",41.99057617797,38.716047844815,45.3685677167508
1,"Deaths",1801,"Dukes County",25007,508,"Chronic respiratory diseases",3,"Both",27,"Age-standardized",2006,"Rate",42.2550106890783,38.8322023357462,45.8996504897277
1,"Deaths",1801,"Dukes County",25007,508,"Chronic respiratory diseases",3,"Both",27,"Age-standardized",2007,"Rate",40.5483107593676,37.1960653160116,43.9524204785848
1,"Deaths",1801,"Dukes County",25007,508,"Chronic respiratory diseases",3,"Both",27,"Age-standardized",2008,"Rate",39.9585495811632,36.6053321327976,43.3727095615795
1,"Deaths",1801,"Dukes County",25007,508,"Chronic respiratory diseases",3,"Both",27,"Age-standardized",2009,"Rate",39.1607668353826,35.8039699434661,42.6529314298013
1,"Deaths",1801,"Dukes County",25007,508,"Chronic respiratory diseases",3,"Both",27,"Age-standardized",2010,"Rate",38.7327434603592,35.4328497264484,42.1402561552976
1,"Deaths",1801,"Dukes County",25007,508,"Chronic respiratory diseases",3,"Both",27,"Age-standardized",2011,"Rate",38.9014344370062,35.4944820154318,42.3832105023806
1,"Deaths",1801,"Dukes County",25007,508,"Chronic respiratory diseases",3,"Both",27,"Age-standardized",2012,"Rate",38.4043242504035,34.6966682940029,42.0152394707423
1,"Deaths",1801,"Dukes County",25007,508,"Chronic respiratory diseases",3,"Both",27,"Age-standardized",2013,"Rate",38.061859205535,34.6856057830321,41.7841670340875
1,"Deaths",1801,"Dukes County",25007,508,"Chronic respiratory diseases",3,"Both",27,"Age-standardized",2014,"Rate",37.6686333242427,34.0089661123488,41.3610442740851
1,"Deaths",1789,"Essex County",25009,508,"Chronic respiratory diseases",1,"Male",27,"Age-standardized",1980,"Rate",71.4770367134696,67.7861574823482,75.115575638867
1,"Deaths",1789,"Essex County",25009,508,"Chronic respiratory diseases",1,"Male",27,"Age-standardized",1981,"Rate",65.9811349790517,62.7028840827098,69.888395425847
1,"Deaths",1789,"Essex County",25009,508,"Chronic respiratory diseases",1,"Male",27,"Age-standardized",1982,"Rate",61.4599838189847,58.1428577287927,64.643781021236
1,"Deaths",1789,"Essex County",25009,508,"Chronic respiratory diseases",1,"Male",27,"Age-standardized",1983,"Rate",65.2603912870592,62.1318722652724,68.6825135297521
1,"Deaths",1789,"Essex County",25009,508,"Chronic respiratory diseases",1,"Male",27,"Age-standardized",1984,"Rate",67.6522095855838,64.5380467912221,70.9829579209136
1,"Deaths",1789,"Essex County",25009,508,"Chronic respiratory diseases",1,"Male",27,"Age-standardized",1985,"Rate",65.5079048120219,62.4154206621848,68.7013587598522
1,"Deaths",1789,"Essex County",25009,508,"Chronic respiratory diseases",1,"Male",27,"Age-standardized",1986,"Rate",68.7464722644315,65.8031210839601,71.9319382040451
1,"Deaths",1789,"Essex County",25009,508,"Chronic respiratory diseases",1,"Male",27,"Age-standardized",1987,"Rate",65.8833262332351,62.7341710937151,69.2118765750135
1,"Deaths",1789,"Essex County",25009,508,"Chronic respiratory diseases",1,"Male",27,"Age-standardized",1988,"Rate",66.5588681599145,63.494785794963,69.7406946549128
1,"Deaths",1789,"Essex County",25009,508,"Chronic respiratory diseases",1,"Male",27,"Age-standardized",1989,"Rate",61.9480688214255,58.8658646487835,65.0319951486654
1,"Deaths",1789,"Essex County",25009,508,"Chronic respiratory diseases",1,"Male",27,"Age-standardized",1990,"Rate",60.2484453190131,57.4215114911699,63.112960002869
1,"Deaths",1789,"Essex County",25009,508,"Chronic respiratory diseases",1,"Male",27,"Age-standardized",1991,"Rate",60.3418997694989,57.541397626398,63.489828773693
1,"Deaths",1789,"Essex County",25009,508,"Chronic respiratory diseases",1,"Male",27,"Age-standardized",1992,"Rate",62.0195366795004,59.2112082144015,65.0395499080117
1,"Deaths",1789,"Essex County",25009,508,"Chronic respiratory diseases",1,"Male",27,"Age-standardized",1993,"Rate",60.9279167996776,58.0983018825206,64.1443700768809
1,"Deaths",1789,"Essex County",25009,508,"Chronic respiratory diseases",1,"Male",27,"Age-standardized",1994,"Rate",60.886662452466,58.3151440182336,63.685989663944
1,"Deaths",1789,"Essex County",25009,508,"Chronic respiratory diseases",1,"Male",27,"Age-standardized",1995,"Rate",60.7095939066702,57.887620065274,63.6865051713658
1,"Deaths",1789,"Essex County",25009,508,"Chronic respiratory diseases",1,"Male",27,"Age-standardized",1996,"Rate",61.0358528208322,58.0386077422022,64.1203352314566
1,"Deaths",1789,"Essex County",25009,508,"Chronic respiratory diseases",1,"Male",27,"Age-standardized",1997,"Rate",58.1052382665394,55.3704469642408,60.7835157023858
1,"Deaths",1789,"Essex County",25009,508,"Chronic respiratory diseases",1,"Male",27,"Age-standardized",1998,"Rate",62.3206634276879,59.6377028646992,65.2661495188826
1,"Deaths",1789,"Essex County",25009,508,"Chronic respiratory diseases",1,"Male",27,"Age-standardized",1999,"Rate",63.5684477301526,60.7003815717529,66.3579583322087
1,"Deaths",1789,"Essex County",25009,508,"Chronic respiratory diseases",1,"Male",27,"Age-standardized",2000,"Rate",62.2967637115384,59.4664987200269,65.0213870786838
1,"Deaths",1789,"Essex County",25009,508,"Chronic respiratory diseases",1,"Male",27,"Age-standardized",2001,"Rate",57.2141635815997,54.6350524410809,59.8624209113048
1,"Deaths",1789,"Essex County",25009,508,"Chronic respiratory diseases",1,"Male",27,"Age-standardized",2002,"Rate",63.3761271335429,60.3934109019475,66.2889604762486
1,"Deaths",1789,"Essex County",25009,508,"Chronic respiratory diseases",1,"Male",27,"Age-standardized",2003,"Rate",57.3128939011607,54.7696738986742,59.8511684633755
1,"Deaths",1789,"Essex County",25009,508,"Chronic respiratory diseases",1,"Male",27,"Age-standardized",2004,"Rate",58.0804148639886,55.5362721572131,60.6863236436587
1,"Deaths",1789,"Essex County",25009,508,"Chronic respiratory diseases",1,"Male",27,"Age-standardized",2005,"Rate",52.8123946507257,50.3293328699259,55.3349437421592
1,"Deaths",1789,"Essex County",25009,508,"Chronic respiratory diseases",1,"Male",27,"Age-standardized",2006,"Rate",52.9106080619532,50.4239435392621,55.3783926565265
1,"Deaths",1789,"Essex County",25009,508,"Chronic respiratory diseases",1,"Male",27,"Age-standardized",2007,"Rate",51.7614715556728,49.4092572116068,54.2475213493557
1,"Deaths",1789,"Essex County",25009,508,"Chronic respiratory diseases",1,"Male",27,"Age-standardized",2008,"Rate",51.4019166015965,49.0200093035209,53.8313538558994
1,"Deaths",1789,"Essex County",25009,508,"Chronic respiratory diseases",1,"Male",27,"Age-standardized",2009,"Rate",50.0989647891886,47.7254934478017,52.4476866681771
1,"Deaths",1789,"Essex County",25009,508,"Chronic respiratory diseases",1,"Male",27,"Age-standardized",2010,"Rate",49.5478788594945,47.2803546341397,52.0228719675081
1,"Deaths",1789,"Essex County",25009,508,"Chronic respiratory diseases",1,"Male",27,"Age-standardized",2011,"Rate",47.9196011606869,45.5563296899981,50.3030716871277
1,"Deaths",1789,"Essex County",25009,508,"Chronic respiratory diseases",1,"Male",27,"Age-standardized",2012,"Rate",47.8243995909053,45.5207339504998,50.2106184412009
1,"Deaths",1789,"Essex County",25009,508,"Chronic respiratory diseases",1,"Male",27,"Age-standardized",2013,"Rate",47.0685654554397,44.7707940110011,49.5621315128634
1,"Deaths",1789,"Essex County",25009,508,"Chronic respiratory diseases",1,"Male",27,"Age-standardized",2014,"Rate",49.1108599989564,46.4765455024194,51.7079420767869
1,"Deaths",1789,"Essex County",25009,508,"Chronic respiratory diseases",2,"Female",27,"Age-standardized",1980,"Rate",25.0246903487526,23.5126686490835,26.5284812228605
1,"Deaths",1789,"Essex County",25009,508,"Chronic respiratory diseases",2,"Female",27,"Age-standardized",1981,"Rate",24.1974166114573,22.7867792421723,25.6104808798423
1,"Deaths",1789,"Essex County",25009,508,"Chronic respiratory diseases",2,"Female",27,"Age-standardized",1982,"Rate",24.1755426758421,22.7445037963393,25.5047995022785
1,"Deaths",1789,"Essex County",25009,508,"Chronic respiratory diseases",2,"Female",27,"Age-standardized",1983,"Rate",25.6772414483381,24.3346170640449,27.0046399571753
1,"Deaths",1789,"Essex County",25009,508,"Chronic respiratory diseases",2,"Female",27,"Age-standardized",1984,"Rate",26.529968032098,25.0422833940864,28.021786520128
1,"Deaths",1789,"Essex County",25009,508,"Chronic respiratory diseases",2,"Female",27,"Age-standardized",1985,"Rate",26.0346736811275,24.6244609909161,27.4851887661471
1,"Deaths",1789,"Essex County",25009,508,"Chronic respiratory diseases",2,"Female",27,"Age-standardized",1986,"Rate",29.0103408059577,27.5324320931736,30.5559833495747
1,"Deaths",1789,"Essex County",25009,508,"Chronic respiratory diseases",2,"Female",27,"Age-standardized",1987,"Rate",28.6533504273057,27.2021001159039,30.1552259517714
1,"Deaths",1789,"Essex County",25009,508,"Chronic respiratory diseases",2,"Female",27,"Age-standardized",1988,"Rate",30.8448716528424,29.3356745079624,32.45875804639
1,"Deaths",1789,"Essex County",25009,508,"Chronic respiratory diseases",2,"Female",27,"Age-standardized",1989,"Rate",30.6684433307933,29.2119482516426,32.2464968422653
1,"Deaths",1789,"Essex County",25009,508,"Chronic respiratory diseases",2,"Female",27,"Age-standardized",1990,"Rate",30.1128868092927,28.6647783848565,31.5766629364674
1,"Deaths",1789,"Essex County",25009,508,"Chronic respiratory diseases",2,"Female",27,"Age-standardized",1991,"Rate",31.6850112957007,30.1231533242973,33.2894050492208
1,"Deaths",1789,"Essex County",25009,508,"Chronic respiratory diseases",2,"Female",27,"Age-standardized",1992,"Rate",32.9883304697386,31.5269615573983,34.601105797372
1,"Deaths",1789,"Essex County",25009,508,"Chronic respiratory diseases",2,"Female",27,"Age-standardized",1993,"Rate",34.1478820003814,32.5943154179657,35.7441310532901
1,"Deaths",1789,"Essex County",25009,508,"Chronic respiratory diseases",2,"Female",27,"Age-standardized",1994,"Rate",35.0128566873674,33.3008916335858,36.6782964431687
1,"Deaths",1789,"Essex County",25009,508,"Chronic respiratory diseases",2,"Female",27,"Age-standardized",1995,"Rate",37.8149224162618,36.1286193179771,39.7437892042413
1,"Deaths",1789,"Essex County",25009,508,"Chronic respiratory diseases",2,"Female",27,"Age-standardized",1996,"Rate",40.0023020773453,38.1277705708541,42.0271564182437
1,"Deaths",1789,"Essex County",25009,508,"Chronic respiratory diseases",2,"Female",27,"Age-standardized",1997,"Rate",38.5955165263895,36.8464921143763,40.5320917547935
1,"Deaths",1789,"Essex County",25009,508,"Chronic respiratory diseases",2,"Female",27,"Age-standardized",1998,"Rate",40.7081614396541,38.8029597583209,42.5832159888137
1,"Deaths",1789,"Essex County",25009,508,"Chronic respiratory diseases",2,"Female",27,"Age-standardized",1999,"Rate",42.7660371459535,40.9367918820028,44.6282669724811
1,"Deaths",1789,"Essex County",25009,508,"Chronic respiratory diseases",2,"Female",27,"Age-standardized",2000,"Rate",44.0348999590488,41.9718175822687,46.0799237347788
1,"Deaths",1789,"Essex County",25009,508,"Chronic respiratory diseases",2,"Female",27,"Age-standardized",2001,"Rate",44.1146182012327,42.048659452712,46.1617737569778
1,"Deaths",1789,"Essex County",25009,508,"Chronic respiratory diseases",2,"Female",27,"Age-standardized",2002,"Rate",42.9285024820322,41.0119205266151,44.8805240775789
1,"Deaths",1789,"Essex County",25009,508,"Chronic respiratory diseases",2,"Female",27,"Age-standardized",2003,"Rate",44.2507215619033,42.1597366372406,46.3099486897852
1,"Deaths",1789,"Essex County",25009,508,"Chronic respiratory diseases",2,"Female",27,"Age-standardized",2004,"Rate",43.3373686593241,41.4064683835866,45.2439915925551
1,"Deaths",1789,"Essex County",25009,508,"Chronic respiratory diseases",2,"Female",27,"Age-standardized",2005,"Rate",41.0674353315709,39.2369749431527,43.0966848257946
1,"Deaths",1789,"Essex County",25009,508,"Chronic respiratory diseases",2,"Female",27,"Age-standardized",2006,"Rate",43.8856543488726,41.8427290553403,45.9756937210695
1,"Deaths",1789,"Essex County",25009,508,"Chronic respiratory diseases",2,"Female",27,"Age-standardized",2007,"Rate",39.5266969848407,37.6145013757636,41.4819671932496
1,"Deaths",1789,"Essex County",25009,508,"Chronic respiratory diseases",2,"Female",27,"Age-standardized",2008,"Rate",42.475653123455,40.3675219710778,44.5271068377968
1,"Deaths",1789,"Essex County",25009,508,"Chronic respiratory diseases",2,"Female",27,"Age-standardized",2009,"Rate",40.4238962644134,38.6135441820851,42.2466301483877
1,"Deaths",1789,"Essex County",25009,508,"Chronic respiratory diseases",2,"Female",27,"Age-standardized",2010,"Rate",39.9548642968687,38.0147630037799,42.0899689922393
1,"Deaths",1789,"Essex County",25009,508,"Chronic respiratory diseases",2,"Female",27,"Age-standardized",2011,"Rate",40.2593217422452,38.1930249414607,42.3871407115362
1,"Deaths",1789,"Essex County",25009,508,"Chronic respiratory diseases",2,"Female",27,"Age-standardized",2012,"Rate",39.5493362179234,37.494217361926,41.8886778088248
1,"Deaths",1789,"Essex County",25009,508,"Chronic respiratory diseases",2,"Female",27,"Age-standardized",2013,"Rate",37.0668058125249,35.0160342019069,39.3256362884108
1,"Deaths",1789,"Essex County",25009,508,"Chronic respiratory diseases",2,"Female",27,"Age-standardized",2014,"Rate",40.8318154741061,38.5929939165272,43.3157165757193
1,"Deaths",1789,"Essex County",25009,508,"Chronic respiratory diseases",3,"Both",27,"Age-standardized",1980,"Rate",40.8488884625421,39.1860341045879,42.5836035407794
1,"Deaths",1789,"Essex County",25009,508,"Chronic respiratory diseases",3,"Both",27,"Age-standardized",1981,"Rate",38.3767600911072,36.8094320384082,40.0058063737208
1,"Deaths",1789,"Essex County",25009,508,"Chronic respiratory diseases",3,"Both",27,"Age-standardized",1982,"Rate",36.6951980040424,35.2400117927573,38.1886193528462
1,"Deaths",1789,"Essex County",25009,508,"Chronic respiratory diseases",3,"Both",27,"Age-standardized",1983,"Rate",38.9447181196937,37.4622550542604,40.4288936491333
1,"Deaths",1789,"Essex County",25009,508,"Chronic respiratory diseases",3,"Both",27,"Age-standardized",1984,"Rate",40.2899411069888,38.7805568340606,41.8874859493692
1,"Deaths",1789,"Essex County",25009,508,"Chronic respiratory diseases",3,"Both",27,"Age-standardized",1985,"Rate",39.1966367466771,37.739502376438,40.7051614086371
1,"Deaths",1789,"Essex County",25009,508,"Chronic respiratory diseases",3,"Both",27,"Age-standardized",1986,"Rate",42.2293860669989,40.7814051599154,43.6770729708174
1,"Deaths",1789,"Essex County",25009,508,"Chronic respiratory diseases",3,"Both",27,"Age-standardized",1987,"Rate",41.0205138035762,39.53814987001,42.5535165877142
1,"Deaths",1789,"Essex County",25009,508,"Chronic respiratory diseases",3,"Both",27,"Age-standardized",1988,"Rate",42.7082500703371,41.1996930365149,44.3049907024487
1,"Deaths",1789,"Essex County",25009,508,"Chronic respiratory diseases",3,"Both",27,"Age-standardized",1989,"Rate",41.0556057543856,39.6011673748229,42.4693154444921
1,"Deaths",1789,"Essex County",25009,508,"Chronic respiratory diseases",3,"Both",27,"Age-standardized",1990,"Rate",40.1390516163607,38.691273153837,41.6049033939076
1,"Deaths",1789,"Essex County",25009,508,"Chronic respiratory diseases",3,"Both",27,"Age-standardized",1991,"Rate",41.2317700304648,39.8609245349207,42.764437880148
1,"Deaths",1789,"Essex County",25009,508,"Chronic respiratory diseases",3,"Both",27,"Age-standardized",1992,"Rate",42.7046668227129,41.3486659346998,44.1966751588677
1,"Deaths",1789,"Essex County",25009,508,"Chronic respiratory diseases",3,"Both",27,"Age-standardized",1993,"Rate",43.1303178604363,41.6053766793491,44.6776172755177
1,"Deaths",1789,"Essex County",25009,508,"Chronic respiratory diseases",3,"Both",27,"Age-standardized",1994,"Rate",43.7256233075597,42.2656462168948,45.2739839731391
1,"Deaths",1789,"Essex County",25009,508,"Chronic respiratory diseases",3,"Both",27,"Age-standardized",1995,"Rate",45.516078648231,43.9062671221459,47.1823925585246
1,"Deaths",1789,"Essex County",25009,508,"Chronic respiratory diseases",3,"Both",27,"Age-standardized",1996,"Rate",47.0824407664378,45.4427083634125,48.7391829215064
1,"Deaths",1789,"Essex County",25009,508,"Chronic respiratory diseases",3,"Both",27,"Age-standardized",1997,"Rate",45.1974417746418,43.588686286839,46.8127409170536
1,"Deaths",1789,"Essex County",25009,508,"Chronic respiratory diseases",3,"Both",27,"Age-standardized",1998,"Rate",48.1020479899837,46.2909364898885,49.791916997424
1,"Deaths",1789,"Essex County",25009,508,"Chronic respiratory diseases",3,"Both",27,"Age-standardized",1999,"Rate",49.9565825325381,48.3153171558854,51.6874723331345
1,"Deaths",1789,"Essex County",25009,508,"Chronic respiratory diseases",3,"Both",27,"Age-standardized",2000,"Rate",50.3781810847614,48.630950371672,52.1386926910219
1,"Deaths",1789,"Essex County",25009,508,"Chronic respiratory diseases",3,"Both",27,"Age-standardized",2001,"Rate",48.5740941135235,46.8542612901755,50.2232279794402
1,"Deaths",1789,"Essex County",25009,508,"Chronic respiratory diseases",3,"Both",27,"Age-standardized",2002,"Rate",50.181538571717,48.321883019736,51.9625171736302
1,"Deaths",1789,"Essex County",25009,508,"Chronic respiratory diseases",3,"Both",27,"Age-standardized",2003,"Rate",48.7966678036499,47.1155272141362,50.5371213105903
1,"Deaths",1789,"Essex County",25009,508,"Chronic respiratory diseases",3,"Both",27,"Age-standardized",2004,"Rate",48.6014849633131,46.8892942046643,50.250871638074
1,"Deaths",1789,"Essex County",25009,508,"Chronic respiratory diseases",3,"Both",27,"Age-standardized",2005,"Rate",45.3240821682096,43.6848848245636,47.0512587925643
1,"Deaths",1789,"Essex County",25009,508,"Chronic respiratory diseases",3,"Both",27,"Age-standardized",2006,"Rate",47.1160793697026,45.3073309786,48.8621856453449
1,"Deaths",1789,"Essex County",25009,508,"Chronic respiratory diseases",3,"Both",27,"Age-standardized",2007,"Rate",44.052844972938,42.4295194671077,45.6638348580814
1,"Deaths",1789,"Essex County",25009,508,"Chronic respiratory diseases",3,"Both",27,"Age-standardized",2008,"Rate",45.7450963985429,44.1693048501039,47.3276056366935
1,"Deaths",1789,"Essex County",25009,508,"Chronic respiratory diseases",3,"Both",27,"Age-standardized",2009,"Rate",44.0466412327067,42.403448097411,45.6183497250487
1,"Deaths",1789,"Essex County",25009,508,"Chronic respiratory diseases",3,"Both",27,"Age-standardized",2010,"Rate",43.552192084518,41.8342464741953,45.2443054201008
1,"Deaths",1789,"Essex County",25009,508,"Chronic respiratory diseases",3,"Both",27,"Age-standardized",2011,"Rate",43.1250331738194,41.434263906879,44.8832392085253
1,"Deaths",1789,"Essex County",25009,508,"Chronic respiratory diseases",3,"Both",27,"Age-standardized",2012,"Rate",42.7073825133554,41.0559805335803,44.5702066781021
1,"Deaths",1789,"Essex County",25009,508,"Chronic respiratory diseases",3,"Both",27,"Age-standardized",2013,"Rate",40.9296998469318,39.3076282676609,42.7566440877205
1,"Deaths",1789,"Essex County",25009,508,"Chronic respiratory diseases",3,"Both",27,"Age-standardized",2014,"Rate",44.0145684169137,42.1557478225229,46.1053742920152
1,"Deaths",1791,"Franklin County",25011,508,"Chronic respiratory diseases",1,"Male",27,"Age-standardized",1980,"Rate",65.8018444999646,60.3137511968661,71.2044796955939
1,"Deaths",1791,"Franklin County",25011,508,"Chronic respiratory diseases",1,"Male",27,"Age-standardized",1981,"Rate",65.1741313483552,59.8785608234368,69.9799316287792
1,"Deaths",1791,"Franklin County",25011,508,"Chronic respiratory diseases",1,"Male",27,"Age-standardized",1982,"Rate",67.032178909145,61.6562873343717,72.5998026720969
1,"Deaths",1791,"Franklin County",25011,508,"Chronic respiratory diseases",1,"Male",27,"Age-standardized",1983,"Rate",69.0132911734345,63.7471211407905,74.6296519679331
1,"Deaths",1791,"Franklin County",25011,508,"Chronic respiratory diseases",1,"Male",27,"Age-standardized",1984,"Rate",66.2269156052792,61.3529504185158,71.1678228700469
1,"Deaths",1791,"Franklin County",25011,508,"Chronic respiratory diseases",1,"Male",27,"Age-standardized",1985,"Rate",69.8915984424127,65.0107744299452,74.8869630321015
1,"Deaths",1791,"Franklin County",25011,508,"Chronic respiratory diseases",1,"Male",27,"Age-standardized",1986,"Rate",72.1921546340132,67.2132619852165,77.1688735743966
1,"Deaths",1791,"Franklin County",25011,508,"Chronic respiratory diseases",1,"Male",27,"Age-standardized",1987,"Rate",70.2992942793326,65.4823481887901,75.4102394548827
1,"Deaths",1791,"Franklin County",25011,508,"Chronic respiratory diseases",1,"Male",27,"Age-standardized",1988,"Rate",72.4179757370844,67.5687765938782,77.1945097308197
1,"Deaths",1791,"Franklin County",25011,508,"Chronic respiratory diseases",1,"Male",27,"Age-standardized",1989,"Rate",70.7835340471015,66.395223669223,75.3986236795716
1,"Deaths",1791,"Franklin County",25011,508,"Chronic respiratory diseases",1,"Male",27,"Age-standardized",1990,"Rate",68.2897310227879,63.6544936828449,73.0572652745316
1,"Deaths",1791,"Franklin County",25011,508,"Chronic respiratory diseases",1,"Male",27,"Age-standardized",1991,"Rate",67.9779506086675,63.9782724014951,72.4508971269963
1,"Deaths",1791,"Franklin County",25011,508,"Chronic respiratory diseases",1,"Male",27,"Age-standardized",1992,"Rate",69.106582333308,64.6636254766557,73.6769925243021
1,"Deaths",1791,"Franklin County",25011,508,"Chronic respiratory diseases",1,"Male",27,"Age-standardized",1993,"Rate",69.3909778505785,65.0951980537834,73.5697114918336
1,"Deaths",1791,"Franklin County",25011,508,"Chronic respiratory diseases",1,"Male",27,"Age-standardized",1994,"Rate",67.7952708499255,63.585340777339,72.3836429790882
1,"Deaths",1791,"Franklin County",25011,508,"Chronic respiratory diseases",1,"Male",27,"Age-standardized",1995,"Rate",69.158662446476,64.8365877792713,73.7725474691262
1,"Deaths",1791,"Franklin County",25011,508,"Chronic respiratory diseases",1,"Male",27,"Age-standardized",1996,"Rate",69.2349205505187,65.0757185265231,73.5316255553967
1,"Deaths",1791,"Franklin County",25011,508,"Chronic respiratory diseases",1,"Male",27,"Age-standardized",1997,"Rate",68.5288077897467,64.2274864077593,73.1624673027677
1,"Deaths",1791,"Franklin County",25011,508,"Chronic respiratory diseases",1,"Male",27,"Age-standardized",1998,"Rate",69.5647674876495,65.2579853943478,73.9670843281977
1,"Deaths",1791,"Franklin County",25011,508,"Chronic respiratory diseases",1,"Male",27,"Age-standardized",1999,"Rate",70.7116736508644,66.1207108463854,75.2278200030203
1,"Deaths",1791,"Franklin County",25011,508,"Chronic respiratory diseases",1,"Male",27,"Age-standardized",2000,"Rate",70.6032742436568,66.3461052214876,75.049065049764
1,"Deaths",1791,"Franklin County",25011,508,"Chronic respiratory diseases",1,"Male",27,"Age-standardized",2001,"Rate",69.42295705323,65.2247097588198,73.8107181295386
1,"Deaths",1791,"Franklin County",25011,508,"Chronic respiratory diseases",1,"Male",27,"Age-standardized",2002,"Rate",70.0887793076301,65.718281867789,74.5090987344432
1,"Deaths",1791,"Franklin County",25011,508,"Chronic respiratory diseases",1,"Male",27,"Age-standardized",2003,"Rate",67.9740383491241,63.8938846928566,72.0651379531659
1,"Deaths",1791,"Franklin County",25011,508,"Chronic respiratory diseases",1,"Male",27,"Age-standardized",2004,"Rate",68.6307127620889,64.4555807616042,72.8219502626311
1,"Deaths",1791,"Franklin County",25011,508,"Chronic respiratory diseases",1,"Male",27,"Age-standardized",2005,"Rate",68.4369045691484,64.0850472532444,72.8710728847463
1,"Deaths",1791,"Franklin County",25011,508,"Chronic respiratory diseases",1,"Male",27,"Age-standardized",2006,"Rate",66.8789626585054,62.7339942271876,71.2840586568711
1,"Deaths",1791,"Franklin County",25011,508,"Chronic respiratory diseases",1,"Male",27,"Age-standardized",2007,"Rate",66.8477887816659,62.2939462923485,71.230822957216
1,"Deaths",1791,"Franklin County",25011,508,"Chronic respiratory diseases",1,"Male",27,"Age-standardized",2008,"Rate",66.0091278347726,61.9895494229587,70.4764982031153
1,"Deaths",1791,"Franklin County",25011,508,"Chronic respiratory diseases",1,"Male",27,"Age-standardized",2009,"Rate",65.2736598526185,61.0511175857374,70.0252307249456
1,"Deaths",1791,"Franklin County",25011,508,"Chronic respiratory diseases",1,"Male",27,"Age-standardized",2010,"Rate",63.8398406687747,59.7413558236471,68.0123379063642
1,"Deaths",1791,"Franklin County",25011,508,"Chronic respiratory diseases",1,"Male",27,"Age-standardized",2011,"Rate",64.5627780873492,60.4266749297945,69.1305748220462
1,"Deaths",1791,"Franklin County",25011,508,"Chronic respiratory diseases",1,"Male",27,"Age-standardized",2012,"Rate",65.2110868426184,60.8138894557163,70.1599816764525
1,"Deaths",1791,"Franklin County",25011,508,"Chronic respiratory diseases",1,"Male",27,"Age-standardized",2013,"Rate",66.1426292798783,61.7481199418699,70.8226246476714
1,"Deaths",1791,"Franklin County",25011,508,"Chronic respiratory diseases",1,"Male",27,"Age-standardized",2014,"Rate",64.3002410672543,59.7636449894442,69.051817860118
1,"Deaths",1791,"Franklin County",25011,508,"Chronic respiratory diseases",2,"Female",27,"Age-standardized",1980,"Rate",22.1706368454987,20.1922478406035,24.3592564213162
1,"Deaths",1791,"Franklin County",25011,508,"Chronic respiratory diseases",2,"Female",27,"Age-standardized",1981,"Rate",21.7486978351309,19.744147896292,23.8820170172957
1,"Deaths",1791,"Franklin County",25011,508,"Chronic respiratory diseases",2,"Female",27,"Age-standardized",1982,"Rate",22.1618800484689,20.1710948547326,24.2030860206823
1,"Deaths",1791,"Franklin County",25011,508,"Chronic respiratory diseases",2,"Female",27,"Age-standardized",1983,"Rate",23.6874707986227,21.6729359630375,25.8336423811478
1,"Deaths",1791,"Franklin County",25011,508,"Chronic respiratory diseases",2,"Female",27,"Age-standardized",1984,"Rate",24.4439565197506,22.4768682851913,26.476098482619
1,"Deaths",1791,"Franklin County",25011,508,"Chronic respiratory diseases",2,"Female",27,"Age-standardized",1985,"Rate",25.2554133934187,23.1850234065412,27.4844219215437
1,"Deaths",1791,"Franklin County",25011,508,"Chronic respiratory diseases",2,"Female",27,"Age-standardized",1986,"Rate",27.4901956677293,25.3989738107245,29.8433666272467
1,"Deaths",1791,"Franklin County",25011,508,"Chronic respiratory diseases",2,"Female",27,"Age-standardized",1987,"Rate",27.5589324702305,25.3201277998433,29.9006564372233
1,"Deaths",1791,"Franklin County",25011,508,"Chronic respiratory diseases",2,"Female",27,"Age-standardized",1988,"Rate",28.4535337652555,26.3472445616962,30.5240363203028
1,"Deaths",1791,"Franklin County",25011,508,"Chronic respiratory diseases",2,"Female",27,"Age-standardized",1989,"Rate",29.809922180126,27.6475842709906,31.8650301016756
1,"Deaths",1791,"Franklin County",25011,508,"Chronic respiratory diseases",2,"Female",27,"Age-standardized",1990,"Rate",29.7708419677644,27.7073412774547,32.1989208755668
1,"Deaths",1791,"Franklin County",25011,508,"Chronic respiratory diseases",2,"Female",27,"Age-standardized",1991,"Rate",31.2492472049995,29.0595565631643,33.4389409193413
1,"Deaths",1791,"Franklin County",25011,508,"Chronic respiratory diseases",2,"Female",27,"Age-standardized",1992,"Rate",32.0155218828097,29.7752791512007,34.3787650399142
1,"Deaths",1791,"Franklin County",25011,508,"Chronic respiratory diseases",2,"Female",27,"Age-standardized",1993,"Rate",34.1725359587288,31.8505440470973,36.4537870976555
1,"Deaths",1791,"Franklin County",25011,508,"Chronic respiratory diseases",2,"Female",27,"Age-standardized",1994,"Rate",35.417745252087,33.0111370832153,37.8870630919024
1,"Deaths",1791,"Franklin County",25011,508,"Chronic respiratory diseases",2,"Female",27,"Age-standardized",1995,"Rate",37.93355055955,35.4696561301033,40.6069698107268
1,"Deaths",1791,"Franklin County",25011,508,"Chronic respiratory diseases",2,"Female",27,"Age-standardized",1996,"Rate",38.1587466573441,35.8399181526251,40.5573680566023
1,"Deaths",1791,"Franklin County",25011,508,"Chronic respiratory diseases",2,"Female",27,"Age-standardized",1997,"Rate",39.4265979822587,36.9694939000842,42.0498934578582
1,"Deaths",1791,"Franklin County",25011,508,"Chronic respiratory diseases",2,"Female",27,"Age-standardized",1998,"Rate",40.6875145056897,38.3199199501676,43.2552181680205
1,"Deaths",1791,"Franklin County",25011,508,"Chronic respiratory diseases",2,"Female",27,"Age-standardized",1999,"Rate",43.5691221864452,40.7265804067888,46.2469287818122
1,"Deaths",1791,"Franklin County",25011,508,"Chronic respiratory diseases",2,"Female",27,"Age-standardized",2000,"Rate",44.2405607141961,41.3572499386176,47.3360673338951
1,"Deaths",1791,"Franklin County",25011,508,"Chronic respiratory diseases",2,"Female",27,"Age-standardized",2001,"Rate",44.9012761576164,42.0944002071888,47.908581133933
1,"Deaths",1791,"Franklin County",25011,508,"Chronic respiratory diseases",2,"Female",27,"Age-standardized",2002,"Rate",46.5039223502115,43.7454696811626,49.4354656621412
1,"Deaths",1791,"Franklin County",25011,508,"Chronic respiratory diseases",2,"Female",27,"Age-standardized",2003,"Rate",46.3293528156992,43.676059299772,49.4117434869536
1,"Deaths",1791,"Franklin County",25011,508,"Chronic respiratory diseases",2,"Female",27,"Age-standardized",2004,"Rate",46.2588819573232,43.4384348684494,49.1488453944696
1,"Deaths",1791,"Franklin County",25011,508,"Chronic respiratory diseases",2,"Female",27,"Age-standardized",2005,"Rate",46.8037612723776,43.9103948775518,49.7950780638853
1,"Deaths",1791,"Franklin County",25011,508,"Chronic respiratory diseases",2,"Female",27,"Age-standardized",2006,"Rate",47.7258896492867,44.6945680464852,50.963414675046
1,"Deaths",1791,"Franklin County",25011,508,"Chronic respiratory diseases",2,"Female",27,"Age-standardized",2007,"Rate",47.0481032403705,43.9687481444294,50.2393776152246
1,"Deaths",1791,"Franklin County",25011,508,"Chronic respiratory diseases",2,"Female",27,"Age-standardized",2008,"Rate",47.6717660859964,44.5868045152934,50.7118096164418
1,"Deaths",1791,"Franklin County",25011,508,"Chronic respiratory diseases",2,"Female",27,"Age-standardized",2009,"Rate",46.8673072311235,43.8608364587216,49.8935821935245
1,"Deaths",1791,"Franklin County",25011,508,"Chronic respiratory diseases",2,"Female",27,"Age-standardized",2010,"Rate",46.7118399641958,43.540177902797,50.0243248302277
1,"Deaths",1791,"Franklin County",25011,508,"Chronic respiratory diseases",2,"Female",27,"Age-standardized",2011,"Rate",47.6051870901784,44.3379775548438,51.0883414868911
1,"Deaths",1791,"Franklin County",25011,508,"Chronic respiratory diseases",2,"Female",27,"Age-standardized",2012,"Rate",48.3158653559396,45.1186711811451,51.9485194156252
1,"Deaths",1791,"Franklin County",25011,508,"Chronic respiratory diseases",2,"Female",27,"Age-standardized",2013,"Rate",48.1422886297491,44.5607453263467,51.8185896376343
1,"Deaths",1791,"Franklin County",25011,508,"Chronic respiratory diseases",2,"Female",27,"Age-standardized",2014,"Rate",48.9796349510965,45.4301153532148,53.3244748685833
1,"Deaths",1791,"Franklin County",25011,508,"Chronic respiratory diseases",3,"Both",27,"Age-standardized",1980,"Rate",38.3670718021059,35.9452356960552,40.7447658665879
1,"Deaths",1791,"Franklin County",25011,508,"Chronic respiratory diseases",3,"Both",27,"Age-standardized",1981,"Rate",37.7745117978139,35.4405878596177,40.1210242753012
1,"Deaths",1791,"Franklin County",25011,508,"Chronic respiratory diseases",3,"Both",27,"Age-standardized",1982,"Rate",38.6090915998861,36.1891948277629,40.9360554716308
1,"Deaths",1791,"Franklin County",25011,508,"Chronic respiratory diseases",3,"Both",27,"Age-standardized",1983,"Rate",40.1993949727608,37.7503723474773,42.5910859679512
1,"Deaths",1791,"Franklin County",25011,508,"Chronic respiratory diseases",3,"Both",27,"Age-standardized",1984,"Rate",39.5396404841761,37.1878149948651,41.8784898847986
1,"Deaths",1791,"Franklin County",25011,508,"Chronic respiratory diseases",3,"Both",27,"Age-standardized",1985,"Rate",41.3217782431887,39.1153908917809,43.8285968250977
1,"Deaths",1791,"Franklin County",25011,508,"Chronic respiratory diseases",3,"Both",27,"Age-standardized",1986,"Rate",43.5158564779161,41.1455752311546,45.8070317875552
1,"Deaths",1791,"Franklin County",25011,508,"Chronic respiratory diseases",3,"Both",27,"Age-standardized",1987,"Rate",42.8428677882696,40.5660277970064,45.1471292941867
1,"Deaths",1791,"Franklin County",25011,508,"Chronic respiratory diseases",3,"Both",27,"Age-standardized",1988,"Rate",44.1776287389721,41.9534937083089,46.4181180593309
1,"Deaths",1791,"Franklin County",25011,508,"Chronic respiratory diseases",3,"Both",27,"Age-standardized",1989,"Rate",44.4093087931633,42.141222273767,46.6575724305097
1,"Deaths",1791,"Franklin County",25011,508,"Chronic respiratory diseases",3,"Both",27,"Age-standardized",1990,"Rate",43.4695221845211,41.1807834197796,45.8878391938487
1,"Deaths",1791,"Franklin County",25011,508,"Chronic respiratory diseases",3,"Both",27,"Age-standardized",1991,"Rate",44.3056699056851,42.214643646871,46.5780470333571
1,"Deaths",1791,"Franklin County",25011,508,"Chronic respiratory diseases",3,"Both",27,"Age-standardized",1992,"Rate",45.1776984798703,42.9381004520466,47.2852822155082
1,"Deaths",1791,"Franklin County",25011,508,"Chronic respiratory diseases",3,"Both",27,"Age-standardized",1993,"Rate",46.6987383251088,44.498442362849,49.0413838221806
1,"Deaths",1791,"Franklin County",25011,508,"Chronic respiratory diseases",3,"Both",27,"Age-standardized",1994,"Rate",46.9398640453665,44.5439312601584,49.2641096717763
1,"Deaths",1791,"Franklin County",25011,508,"Chronic respiratory diseases",3,"Both",27,"Age-standardized",1995,"Rate",49.0257399184728,46.7186632121714,51.2847466264445
1,"Deaths",1791,"Franklin County",25011,508,"Chronic respiratory diseases",3,"Both",27,"Age-standardized",1996,"Rate",49.2119286378867,46.8860715733031,51.691151242647
1,"Deaths",1791,"Franklin County",25011,508,"Chronic respiratory diseases",3,"Both",27,"Age-standardized",1997,"Rate",49.738159302525,47.4592136727537,52.1022029891472
1,"Deaths",1791,"Franklin County",25011,508,"Chronic respiratory diseases",3,"Both",27,"Age-standardized",1998,"Rate",50.9575404868628,48.5691337456063,53.2873821101149
1,"Deaths",1791,"Franklin County",25011,508,"Chronic respiratory diseases",3,"Both",27,"Age-standardized",1999,"Rate",53.2678296141614,50.8212111684992,55.6402061805178
1,"Deaths",1791,"Franklin County",25011,508,"Chronic respiratory diseases",3,"Both",27,"Age-standardized",2000,"Rate",53.6934316758033,51.3275080624055,56.234942645193
1,"Deaths",1791,"Franklin County",25011,508,"Chronic respiratory diseases",3,"Both",27,"Age-standardized",2001,"Rate",53.7349415306585,51.2755316022256,56.2136016236666
1,"Deaths",1791,"Franklin County",25011,508,"Chronic respiratory diseases",3,"Both",27,"Age-standardized",2002,"Rate",55.1310287787076,52.6146292375303,57.4800738605076
1,"Deaths",1791,"Franklin County",25011,508,"Chronic respiratory diseases",3,"Both",27,"Age-standardized",2003,"Rate",54.3317361270822,51.8922847388053,56.8436404803248
1,"Deaths",1791,"Franklin County",25011,508,"Chronic respiratory diseases",3,"Both",27,"Age-standardized",2004,"Rate",54.6861322396222,52.2266554877011,57.133453317258
1,"Deaths",1791,"Franklin County",25011,508,"Chronic respiratory diseases",3,"Both",27,"Age-standardized",2005,"Rate",55.1154879509093,52.6706962646173,57.8092862933568
1,"Deaths",1791,"Franklin County",25011,508,"Chronic respiratory diseases",3,"Both",27,"Age-standardized",2006,"Rate",55.039480312525,52.6717232578508,57.6586194110607
1,"Deaths",1791,"Franklin County",25011,508,"Chronic respiratory diseases",3,"Both",27,"Age-standardized",2007,"Rate",54.7004278417574,52.049770346005,57.2733750527791
1,"Deaths",1791,"Franklin County",25011,508,"Chronic respiratory diseases",3,"Both",27,"Age-standardized",2008,"Rate",54.8231088949514,52.4621681199481,57.3191357244925
1,"Deaths",1791,"Franklin County",25011,508,"Chronic respiratory diseases",3,"Both",27,"Age-standardized",2009,"Rate",54.0677285412909,51.4971651616553,56.7430948661752
1,"Deaths",1791,"Franklin County",25011,508,"Chronic respiratory diseases",3,"Both",27,"Age-standardized",2010,"Rate",53.4198652858133,51.0301040275117,55.9511948659083
1,"Deaths",1791,"Franklin County",25011,508,"Chronic respiratory diseases",3,"Both",27,"Age-standardized",2011,"Rate",54.2365665201461,51.6634392464146,57.015787321894
1,"Deaths",1791,"Franklin County",25011,508,"Chronic respiratory diseases",3,"Both",27,"Age-standardized",2012,"Rate",54.9580599231401,52.2451704865134,57.9451340698476
1,"Deaths",1791,"Franklin County",25011,508,"Chronic respiratory diseases",3,"Both",27,"Age-standardized",2013,"Rate",55.3291909119766,52.5242306955228,58.3946984763833
1,"Deaths",1791,"Franklin County",25011,508,"Chronic respiratory diseases",3,"Both",27,"Age-standardized",2014,"Rate",54.9698290028318,52.2278955979946,58.1893848112313
1,"Deaths",1796,"Hampden County",25013,508,"Chronic respiratory diseases",1,"Male",27,"Age-standardized",1980,"Rate",66.9947817964561,63.4157252733678,70.4946842305135
1,"Deaths",1796,"Hampden County",25013,508,"Chronic respiratory diseases",1,"Male",27,"Age-standardized",1981,"Rate",66.9629699617182,63.2409800892802,70.764467717799
1,"Deaths",1796,"Hampden County",25013,508,"Chronic respiratory diseases",1,"Male",27,"Age-standardized",1982,"Rate",64.8370783193072,61.2202888726926,68.4432997286393
1,"Deaths",1796,"Hampden County",25013,508,"Chronic respiratory diseases",1,"Male",27,"Age-standardized",1983,"Rate",69.6126303591037,66.1219226638388,73.0193415153857
1,"Deaths",1796,"Hampden County",25013,508,"Chronic respiratory diseases",1,"Male",27,"Age-standardized",1984,"Rate",69.2947270652318,65.9457802269466,72.8091152959758
1,"Deaths",1796,"Hampden County",25013,508,"Chronic respiratory diseases",1,"Male",27,"Age-standardized",1985,"Rate",70.7675188614594,67.3953114577355,74.5263077498909
1,"Deaths",1796,"Hampden County",25013,508,"Chronic respiratory diseases",1,"Male",27,"Age-standardized",1986,"Rate",70.325944425968,66.894954415462,73.7770031435311
1,"Deaths",1796,"Hampden County",25013,508,"Chronic respiratory diseases",1,"Male",27,"Age-standardized",1987,"Rate",69.3103100474187,65.9743167984463,72.7505740840677
1,"Deaths",1796,"Hampden County",25013,508,"Chronic respiratory diseases",1,"Male",27,"Age-standardized",1988,"Rate",71.5028280917628,68.3245425126683,75.0146105998918
1,"Deaths",1796,"Hampden County",25013,508,"Chronic respiratory diseases",1,"Male",27,"Age-standardized",1989,"Rate",66.5516353411291,63.4987561830817,69.7249092350806
1,"Deaths",1796,"Hampden County",25013,508,"Chronic respiratory diseases",1,"Male",27,"Age-standardized",1990,"Rate",65.9491907833477,62.8594955806084,68.9929949358793
1,"Deaths",1796,"Hampden County",25013,508,"Chronic respiratory diseases",1,"Male",27,"Age-standardized",1991,"Rate",67.4994470339584,64.3129456723028,70.5892106262417
1,"Deaths",1796,"Hampden County",25013,508,"Chronic respiratory diseases",1,"Male",27,"Age-standardized",1992,"Rate",64.6534782203215,61.7132818204694,67.8245511247648
1,"Deaths",1796,"Hampden County",25013,508,"Chronic respiratory diseases",1,"Male",27,"Age-standardized",1993,"Rate",69.4014503874261,66.2070824003711,72.7774831460053
1,"Deaths",1796,"Hampden County",25013,508,"Chronic respiratory diseases",1,"Male",27,"Age-standardized",1994,"Rate",68.3060848707609,64.8567947649821,71.7564165290948
1,"Deaths",1796,"Hampden County",25013,508,"Chronic respiratory diseases",1,"Male",27,"Age-standardized",1995,"Rate",66.5029667881624,63.3376786169084,69.817292060482
1,"Deaths",1796,"Hampden County",25013,508,"Chronic respiratory diseases",1,"Male",27,"Age-standardized",1996,"Rate",65.6173494521822,62.662929190571,68.75577072875
1,"Deaths",1796,"Hampden County",25013,508,"Chronic respiratory diseases",1,"Male",27,"Age-standardized",1997,"Rate",66.62860651635,63.6886710157509,69.8029347700973
1,"Deaths",1796,"Hampden County",25013,508,"Chronic respiratory diseases",1,"Male",27,"Age-standardized",1998,"Rate",69.0099556337073,65.7281204441431,72.460531000665
1,"Deaths",1796,"Hampden County",25013,508,"Chronic respiratory diseases",1,"Male",27,"Age-standardized",1999,"Rate",71.2849637151851,68.087885858764,74.7918600009933
1,"Deaths",1796,"Hampden County",25013,508,"Chronic respiratory diseases",1,"Male",27,"Age-standardized",2000,"Rate",70.6803421487357,67.6974334388838,73.7209155845764
1,"Deaths",1796,"Hampden County",25013,508,"Chronic respiratory diseases",1,"Male",27,"Age-standardized",2001,"Rate",65.637746379108,62.6448777300156,68.8663503846802
1,"Deaths",1796,"Hampden County",25013,508,"Chronic respiratory diseases",1,"Male",27,"Age-standardized",2002,"Rate",66.2420277308827,63.235488739132,69.3922995049897
1,"Deaths",1796,"Hampden County",25013,508,"Chronic respiratory diseases",1,"Male",27,"Age-standardized",2003,"Rate",65.1760262717793,61.9929050481901,68.3331289983264
1,"Deaths",1796,"Hampden County",25013,508,"Chronic respiratory diseases",1,"Male",27,"Age-standardized",2004,"Rate",64.2580531328539,61.3336334602742,67.2486163263133
1,"Deaths",1796,"Hampden County",25013,508,"Chronic respiratory diseases",1,"Male",27,"Age-standardized",2005,"Rate",62.5894526425058,59.4646106264116,65.7704159985035
1,"Deaths",1796,"Hampden County",25013,508,"Chronic respiratory diseases",1,"Male",27,"Age-standardized",2006,"Rate",63.16002802447,60.1479899107244,66.5221863112895
1,"Deaths",1796,"Hampden County",25013,508,"Chronic respiratory diseases",1,"Male",27,"Age-standardized",2007,"Rate",59.5545615848485,56.7489505532727,62.6402708318178
1,"Deaths",1796,"Hampden County",25013,508,"Chronic respiratory diseases",1,"Male",27,"Age-standardized",2008,"Rate",58.5882552386485,55.8173190897112,61.6815788182263
1,"Deaths",1796,"Hampden County",25013,508,"Chronic respiratory diseases",1,"Male",27,"Age-standardized",2009,"Rate",58.1667574858466,55.1904318516793,61.2031774855191
1,"Deaths",1796,"Hampden County",25013,508,"Chronic respiratory diseases",1,"Male",27,"Age-standardized",2010,"Rate",58.2392778494554,55.3660037453392,61.1603068253295
1,"Deaths",1796,"Hampden County",25013,508,"Chronic respiratory diseases",1,"Male",27,"Age-standardized",2011,"Rate",57.5075476013258,54.6235783140098,60.397339509375
1,"Deaths",1796,"Hampden County",25013,508,"Chronic respiratory diseases",1,"Male",27,"Age-standardized",2012,"Rate",56.6686412064019,53.7762630504139,59.5191214891144
1,"Deaths",1796,"Hampden County",25013,508,"Chronic respiratory diseases",1,"Male",27,"Age-standardized",2013,"Rate",56.7400275974686,53.7388022679199,59.7227100539362
1,"Deaths",1796,"Hampden County",25013,508,"Chronic respiratory diseases",1,"Male",27,"Age-standardized",2014,"Rate",58.0602654303405,55.0024390542611,61.1789018603666
1,"Deaths",1796,"Hampden County",25013,508,"Chronic respiratory diseases",2,"Female",27,"Age-standardized",1980,"Rate",24.4260815591179,22.926491977085,26.011612577862
1,"Deaths",1796,"Hampden County",25013,508,"Chronic respiratory diseases",2,"Female",27,"Age-standardized",1981,"Rate",24.8677632394043,23.3804491750734,26.5004512879825
1,"Deaths",1796,"Hampden County",25013,508,"Chronic respiratory diseases",2,"Female",27,"Age-standardized",1982,"Rate",24.72345705704,23.2780241254947,26.2248643815126
1,"Deaths",1796,"Hampden County",25013,508,"Chronic respiratory diseases",2,"Female",27,"Age-standardized",1983,"Rate",25.7606205421766,24.1602972352318,27.2672094016553
1,"Deaths",1796,"Hampden County",25013,508,"Chronic respiratory diseases",2,"Female",27,"Age-standardized",1984,"Rate",27.3008323700874,25.8148941393002,28.923357021703
1,"Deaths",1796,"Hampden County",25013,508,"Chronic respiratory diseases",2,"Female",27,"Age-standardized",1985,"Rate",27.4643921349711,26.0341763734244,29.1441702741323
1,"Deaths",1796,"Hampden County",25013,508,"Chronic respiratory diseases",2,"Female",27,"Age-standardized",1986,"Rate",30.6155423464991,28.9907869904682,32.3138778801952
1,"Deaths",1796,"Hampden County",25013,508,"Chronic respiratory diseases",2,"Female",27,"Age-standardized",1987,"Rate",30.3256753405816,28.6577726761809,31.9647929799456
1,"Deaths",1796,"Hampden County",25013,508,"Chronic respiratory diseases",2,"Female",27,"Age-standardized",1988,"Rate",31.8656425390419,30.2186889867733,33.608269466374
1,"Deaths",1796,"Hampden County",25013,508,"Chronic respiratory diseases",2,"Female",27,"Age-standardized",1989,"Rate",30.4220155967406,28.8303362704456,32.0638855573805
1,"Deaths",1796,"Hampden County",25013,508,"Chronic respiratory diseases",2,"Female",27,"Age-standardized",1990,"Rate",31.3991082705464,29.8195106496097,33.1619833001008
1,"Deaths",1796,"Hampden County",25013,508,"Chronic respiratory diseases",2,"Female",27,"Age-standardized",1991,"Rate",31.8392741253631,30.3541431440717,33.4610138665595
1,"Deaths",1796,"Hampden County",25013,508,"Chronic respiratory diseases",2,"Female",27,"Age-standardized",1992,"Rate",33.9626530543297,32.2616705113989,35.7053330953465
1,"Deaths",1796,"Hampden County",25013,508,"Chronic respiratory diseases",2,"Female",27,"Age-standardized",1993,"Rate",36.9692318788591,35.0648330738899,38.9313305030093
1,"Deaths",1796,"Hampden County",25013,508,"Chronic respiratory diseases",2,"Female",27,"Age-standardized",1994,"Rate",37.4318422202558,35.5138429445792,39.2939621620254
1,"Deaths",1796,"Hampden County",25013,508,"Chronic respiratory diseases",2,"Female",27,"Age-standardized",1995,"Rate",40.9211044801022,38.8594057571621,43.0295270210361
1,"Deaths",1796,"Hampden County",25013,508,"Chronic respiratory diseases",2,"Female",27,"Age-standardized",1996,"Rate",39.2044702311969,37.3415905101353,41.1199785244815
1,"Deaths",1796,"Hampden County",25013,508,"Chronic respiratory diseases",2,"Female",27,"Age-standardized",1997,"Rate",40.9744011389956,39.0534469306648,43.0537586229876
1,"Deaths",1796,"Hampden County",25013,508,"Chronic respiratory diseases",2,"Female",27,"Age-standardized",1998,"Rate",43.3176108699752,41.3045075671731,45.4786868782698
1,"Deaths",1796,"Hampden County",25013,508,"Chronic respiratory diseases",2,"Female",27,"Age-standardized",1999,"Rate",43.3809555688827,41.30481503249,45.4922044965091
1,"Deaths",1796,"Hampden County",25013,508,"Chronic respiratory diseases",2,"Female",27,"Age-standardized",2000,"Rate",47.1435858022719,44.8770438091809,49.3783460217882
1,"Deaths",1796,"Hampden County",25013,508,"Chronic respiratory diseases",2,"Female",27,"Age-standardized",2001,"Rate",46.2640725906471,44.1542468080297,48.5671176610647
1,"Deaths",1796,"Hampden County",25013,508,"Chronic respiratory diseases",2,"Female",27,"Age-standardized",2002,"Rate",46.8325351586763,44.6735197887139,49.1425332672612
1,"Deaths",1796,"Hampden County",25013,508,"Chronic respiratory diseases",2,"Female",27,"Age-standardized",2003,"Rate",46.1189564215361,43.8736574083725,48.304407976882
1,"Deaths",1796,"Hampden County",25013,508,"Chronic respiratory diseases",2,"Female",27,"Age-standardized",2004,"Rate",47.0442483441697,44.8039789063904,49.1915452811904
1,"Deaths",1796,"Hampden County",25013,508,"Chronic respiratory diseases",2,"Female",27,"Age-standardized",2005,"Rate",46.6458840792049,44.4220228840518,48.8849721312637
1,"Deaths",1796,"Hampden County",25013,508,"Chronic respiratory diseases",2,"Female",27,"Age-standardized",2006,"Rate",47.3469877782482,45.2243378211571,49.6410555987145
1,"Deaths",1796,"Hampden County",25013,508,"Chronic respiratory diseases",2,"Female",27,"Age-standardized",2007,"Rate",45.5321153436192,43.3611764516514,47.7271111014406
1,"Deaths",1796,"Hampden County",25013,508,"Chronic respiratory diseases",2,"Female",27,"Age-standardized",2008,"Rate",43.9759541703511,41.9092502424991,45.9252277540179
1,"Deaths",1796,"Hampden County",25013,508,"Chronic respiratory diseases",2,"Female",27,"Age-standardized",2009,"Rate",43.8964486939085,41.6902885025136,46.0234535508874
1,"Deaths",1796,"Hampden County",25013,508,"Chronic respiratory diseases",2,"Female",27,"Age-standardized",2010,"Rate",42.8160848245994,40.6966641044139,45.0205189419243
1,"Deaths",1796,"Hampden County",25013,508,"Chronic respiratory diseases",2,"Female",27,"Age-standardized",2011,"Rate",44.436992674722,42.2059646580388,46.6927192127794
1,"Deaths",1796,"Hampden County",25013,508,"Chronic respiratory diseases",2,"Female",27,"Age-standardized",2012,"Rate",44.9352579688029,42.5024612652013,47.3696736039547
1,"Deaths",1796,"Hampden County",25013,508,"Chronic respiratory diseases",2,"Female",27,"Age-standardized",2013,"Rate",43.1553714327383,40.8775343202114,45.5905399796155
1,"Deaths",1796,"Hampden County",25013,508,"Chronic respiratory diseases",2,"Female",27,"Age-standardized",2014,"Rate",43.5087921674149,41.1778898599069,45.9688585084349
1,"Deaths",1796,"Hampden County",25013,508,"Chronic respiratory diseases",3,"Both",27,"Age-standardized",1980,"Rate",39.2725716457627,37.6586783676984,40.925204398586
1,"Deaths",1796,"Hampden County",25013,508,"Chronic respiratory diseases",3,"Both",27,"Age-standardized",1981,"Rate",39.4317443131393,37.7617125512069,41.1173945634159
1,"Deaths",1796,"Hampden County",25013,508,"Chronic respiratory diseases",3,"Both",27,"Age-standardized",1982,"Rate",38.5042261784089,36.884351646259,40.1345237203722
1,"Deaths",1796,"Hampden County",25013,508,"Chronic respiratory diseases",3,"Both",27,"Age-standardized",1983,"Rate",40.8060573005449,39.0814871116609,42.5555198074292
1,"Deaths",1796,"Hampden County",25013,508,"Chronic respiratory diseases",3,"Both",27,"Age-standardized",1984,"Rate",41.6167409868217,40.1166394497379,43.2295014167908
1,"Deaths",1796,"Hampden County",25013,508,"Chronic respiratory diseases",3,"Both",27,"Age-standardized",1985,"Rate",42.1767309719513,40.6464255532744,43.8404687899245
1,"Deaths",1796,"Hampden County",25013,508,"Chronic respiratory diseases",3,"Both",27,"Age-standardized",1986,"Rate",43.9786950580267,42.2800350758968,45.6389049282312
1,"Deaths",1796,"Hampden County",25013,508,"Chronic respiratory diseases",3,"Both",27,"Age-standardized",1987,"Rate",43.4414992583273,41.8114958710462,45.0408512671703
1,"Deaths",1796,"Hampden County",25013,508,"Chronic respiratory diseases",3,"Both",27,"Age-standardized",1988,"Rate",45.225955238542,43.6103842257714,46.8788081572145
1,"Deaths",1796,"Hampden County",25013,508,"Chronic respiratory diseases",3,"Both",27,"Age-standardized",1989,"Rate",42.6194614455982,41.0598304286231,44.2038644212385
1,"Deaths",1796,"Hampden County",25013,508,"Chronic respiratory diseases",3,"Both",27,"Age-standardized",1990,"Rate",42.9999815781048,41.504222871743,44.5458987266187
1,"Deaths",1796,"Hampden County",25013,508,"Chronic respiratory diseases",3,"Both",27,"Age-standardized",1991,"Rate",43.9185609533544,42.3389232096394,45.493175285464
1,"Deaths",1796,"Hampden County",25013,508,"Chronic respiratory diseases",3,"Both",27,"Age-standardized",1992,"Rate",44.3180848552227,42.7614091150831,45.9964419193045
1,"Deaths",1796,"Hampden County",25013,508,"Chronic respiratory diseases",3,"Both",27,"Age-standardized",1993,"Rate",48.0042957939743,46.2170576183089,49.7299104209842
1,"Deaths",1796,"Hampden County",25013,508,"Chronic respiratory diseases",3,"Both",27,"Age-standardized",1994,"Rate",47.9814200744165,46.1695551746831,49.822081181095
1,"Deaths",1796,"Hampden County",25013,508,"Chronic respiratory diseases",3,"Both",27,"Age-standardized",1995,"Rate",49.6169297108811,47.7334211127768,51.4177466221028
1,"Deaths",1796,"Hampden County",25013,508,"Chronic respiratory diseases",3,"Both",27,"Age-standardized",1996,"Rate",48.2728457149563,46.5938808260247,50.0735105978026
1,"Deaths",1796,"Hampden County",25013,508,"Chronic respiratory diseases",3,"Both",27,"Age-standardized",1997,"Rate",49.8424405982982,48.1677210343128,51.6116513466898
1,"Deaths",1796,"Hampden County",25013,508,"Chronic respiratory diseases",3,"Both",27,"Age-standardized",1998,"Rate",52.2853187239858,50.4516796161046,54.1492197804069
1,"Deaths",1796,"Hampden County",25013,508,"Chronic respiratory diseases",3,"Both",27,"Age-standardized",1999,"Rate",53.2492074811034,51.4883738901201,55.2737447224109
1,"Deaths",1796,"Hampden County",25013,508,"Chronic respiratory diseases",3,"Both",27,"Age-standardized",2000,"Rate",55.4539611503825,53.6028634803031,57.4223086383327
1,"Deaths",1796,"Hampden County",25013,508,"Chronic respiratory diseases",3,"Both",27,"Age-standardized",2001,"Rate",53.1137047396131,51.2872316627629,55.0449935507093
1,"Deaths",1796,"Hampden County",25013,508,"Chronic respiratory diseases",3,"Both",27,"Age-standardized",2002,"Rate",53.8244305846041,51.9849613733725,55.7315564846476
1,"Deaths",1796,"Hampden County",25013,508,"Chronic respiratory diseases",3,"Both",27,"Age-standardized",2003,"Rate",52.9417934159143,50.9379922010762,54.968132731551
1,"Deaths",1796,"Hampden County",25013,508,"Chronic respiratory diseases",3,"Both",27,"Age-standardized",2004,"Rate",53.2713172539118,51.3901844443521,55.0985981190041
1,"Deaths",1796,"Hampden County",25013,508,"Chronic respiratory diseases",3,"Both",27,"Age-standardized",2005,"Rate",52.4282169636641,50.5936382963938,54.4738366040278
1,"Deaths",1796,"Hampden County",25013,508,"Chronic respiratory diseases",3,"Both",27,"Age-standardized",2006,"Rate",53.1046335961371,51.2171933295136,55.0514059180779
1,"Deaths",1796,"Hampden County",25013,508,"Chronic respiratory diseases",3,"Both",27,"Age-standardized",2007,"Rate",50.6906046125253,48.8606488654924,52.4295680925047
1,"Deaths",1796,"Hampden County",25013,508,"Chronic respiratory diseases",3,"Both",27,"Age-standardized",2008,"Rate",49.3836013788318,47.5813925085227,51.2426116829735
1,"Deaths",1796,"Hampden County",25013,508,"Chronic respiratory diseases",3,"Both",27,"Age-standardized",2009,"Rate",49.2286551978469,47.2681177546193,51.0060118180151
1,"Deaths",1796,"Hampden County",25013,508,"Chronic respiratory diseases",3,"Both",27,"Age-standardized",2010,"Rate",48.6060347859731,46.8925682311059,50.4021507134921
1,"Deaths",1796,"Hampden County",25013,508,"Chronic respiratory diseases",3,"Both",27,"Age-standardized",2011,"Rate",49.3052019793701,47.4491753739116,51.1604601359305
1,"Deaths",1796,"Hampden County",25013,508,"Chronic respiratory diseases",3,"Both",27,"Age-standardized",2012,"Rate",49.306817337535,47.4474242056522,51.2652305237119
1,"Deaths",1796,"Hampden County",25013,508,"Chronic respiratory diseases",3,"Both",27,"Age-standardized",2013,"Rate",48.3021867331601,46.3867348979054,50.3146685959214
1,"Deaths",1796,"Hampden County",25013,508,"Chronic respiratory diseases",3,"Both",27,"Age-standardized",2014,"Rate",49.0706411815229,47.1214332274417,51.1709706783166
1,"Deaths",1794,"Hampshire County",25015,508,"Chronic respiratory diseases",1,"Male",27,"Age-standardized",1980,"Rate",70.541452517427,65.5737986108426,75.9948228362121
1,"Deaths",1794,"Hampshire County",25015,508,"Chronic respiratory diseases",1,"Male",27,"Age-standardized",1981,"Rate",70.2266267590172,65.1027453402343,75.8478654598
1,"Deaths",1794,"Hampshire County",25015,508,"Chronic respiratory diseases",1,"Male",27,"Age-standardized",1982,"Rate",70.8344756650209,65.8616222535195,75.7660178620404
1,"Deaths",1794,"Hampshire County",25015,508,"Chronic respiratory diseases",1,"Male",27,"Age-standardized",1983,"Rate",69.792667606852,64.9753691908827,74.7826399445276
1,"Deaths",1794,"Hampshire County",25015,508,"Chronic respiratory diseases",1,"Male",27,"Age-standardized",1984,"Rate",71.7652377590627,67.3634939698615,76.6075520783322
1,"Deaths",1794,"Hampshire County",25015,508,"Chronic respiratory diseases",1,"Male",27,"Age-standardized",1985,"Rate",70.1082225834794,65.5501255084686,74.7005468908454
1,"Deaths",1794,"Hampshire County",25015,508,"Chronic respiratory diseases",1,"Male",27,"Age-standardized",1986,"Rate",70.0345610459077,65.4343520336364,74.5737143462946
1,"Deaths",1794,"Hampshire County",25015,508,"Chronic respiratory diseases",1,"Male",27,"Age-standardized",1987,"Rate",70.3221874915689,66.1929661865148,74.7984626399326
1,"Deaths",1794,"Hampshire County",25015,508,"Chronic respiratory diseases",1,"Male",27,"Age-standardized",1988,"Rate",70.1819479821432,65.9732847378363,74.4808833572979
1,"Deaths",1794,"Hampshire County",25015,508,"Chronic respiratory diseases",1,"Male",27,"Age-standardized",1989,"Rate",68.2359628727279,64.3445642628926,72.5147115147027
1,"Deaths",1794,"Hampshire County",25015,508,"Chronic respiratory diseases",1,"Male",27,"Age-standardized",1990,"Rate",65.9513103776772,62.1573713389669,70.1829916713127
1,"Deaths",1794,"Hampshire County",25015,508,"Chronic respiratory diseases",1,"Male",27,"Age-standardized",1991,"Rate",68.0094509137347,64.2389260475906,72.3157742108146
1,"Deaths",1794,"Hampshire County",25015,508,"Chronic respiratory diseases",1,"Male",27,"Age-standardized",1992,"Rate",65.4698325305828,61.5255422659449,69.4807383757777
1,"Deaths",1794,"Hampshire County",25015,508,"Chronic respiratory diseases",1,"Male",27,"Age-standardized",1993,"Rate",68.3903511727139,64.5712761517697,72.4936840128635
1,"Deaths",1794,"Hampshire County",25015,508,"Chronic respiratory diseases",1,"Male",27,"Age-standardized",1994,"Rate",65.8263498852795,62.0064481539803,69.6525026607901
1,"Deaths",1794,"Hampshire County",25015,508,"Chronic respiratory diseases",1,"Male",27,"Age-standardized",1995,"Rate",65.675743146105,61.9454420796934,69.6629490188333
1,"Deaths",1794,"Hampshire County",25015,508,"Chronic respiratory diseases",1,"Male",27,"Age-standardized",1996,"Rate",65.1700803788774,61.5331422207717,68.8545649908095
1,"Deaths",1794,"Hampshire County",25015,508,"Chronic respiratory diseases",1,"Male",27,"Age-standardized",1997,"Rate",64.4983798594783,60.6510535360695,68.4014549135758
1,"Deaths",1794,"Hampshire County",25015,508,"Chronic respiratory diseases",1,"Male",27,"Age-standardized",1998,"Rate",63.7404439427744,60.1004766823181,67.6309054295119
1,"Deaths",1794,"Hampshire County",25015,508,"Chronic respiratory diseases",1,"Male",27,"Age-standardized",1999,"Rate",65.3694108194801,61.670696947985,69.6710933029268
1,"Deaths",1794,"Hampshire County",25015,508,"Chronic respiratory diseases",1,"Male",27,"Age-standardized",2000,"Rate",65.8634475548509,62.2469457146093,69.6823858383147
1,"Deaths",1794,"Hampshire County",25015,508,"Chronic respiratory diseases",1,"Male",27,"Age-standardized",2001,"Rate",63.3315918505636,59.8461452920155,66.9452226398106
1,"Deaths",1794,"Hampshire County",25015,508,"Chronic respiratory diseases",1,"Male",27,"Age-standardized",2002,"Rate",65.0235556078503,61.2496685393957,68.88598516411
1,"Deaths",1794,"Hampshire County",25015,508,"Chronic respiratory diseases",1,"Male",27,"Age-standardized",2003,"Rate",64.0797066483379,60.2949971061931,67.7900300898191
1,"Deaths",1794,"Hampshire County",25015,508,"Chronic respiratory diseases",1,"Male",27,"Age-standardized",2004,"Rate",60.9214764858207,57.0196540723446,64.8186197639432
1,"Deaths",1794,"Hampshire County",25015,508,"Chronic respiratory diseases",1,"Male",27,"Age-standardized",2005,"Rate",59.3066829133904,55.9972228409165,62.8724893849132
1,"Deaths",1794,"Hampshire County",25015,508,"Chronic respiratory diseases",1,"Male",27,"Age-standardized",2006,"Rate",58.5380510412002,54.8989392970923,62.1864208941414
1,"Deaths",1794,"Hampshire County",25015,508,"Chronic respiratory diseases",1,"Male",27,"Age-standardized",2007,"Rate",58.158493355478,54.623239156,61.7100963840383
1,"Deaths",1794,"Hampshire County",25015,508,"Chronic respiratory diseases",1,"Male",27,"Age-standardized",2008,"Rate",57.3814344303488,53.8595131143731,61.045456529583
1,"Deaths",1794,"Hampshire County",25015,508,"Chronic respiratory diseases",1,"Male",27,"Age-standardized",2009,"Rate",57.7014765414554,54.1571600965521,61.5076427666263
1,"Deaths",1794,"Hampshire County",25015,508,"Chronic respiratory diseases",1,"Male",27,"Age-standardized",2010,"Rate",54.218059230573,51.0202213594368,57.9590494784515
1,"Deaths",1794,"Hampshire County",25015,508,"Chronic respiratory diseases",1,"Male",27,"Age-standardized",2011,"Rate",53.3180769089104,50.1335331147769,56.9761493630346
1,"Deaths",1794,"Hampshire County",25015,508,"Chronic respiratory diseases",1,"Male",27,"Age-standardized",2012,"Rate",52.6317267880634,49.4529050223216,56.1069515214105
1,"Deaths",1794,"Hampshire County",25015,508,"Chronic respiratory diseases",1,"Male",27,"Age-standardized",2013,"Rate",53.1322427819451,49.7621090715341,56.7179530545181
1,"Deaths",1794,"Hampshire County",25015,508,"Chronic respiratory diseases",1,"Male",27,"Age-standardized",2014,"Rate",53.8068640455577,50.2631333056412,57.7802666342478
1,"Deaths",1794,"Hampshire County",25015,508,"Chronic respiratory diseases",2,"Female",27,"Age-standardized",1980,"Rate",25.0165174286319,23.1126225837486,27.0785932236708
1,"Deaths",1794,"Hampshire County",25015,508,"Chronic respiratory diseases",2,"Female",27,"Age-standardized",1981,"Rate",24.4802668668037,22.6842843552096,26.4975449917386
1,"Deaths",1794,"Hampshire County",25015,508,"Chronic respiratory diseases",2,"Female",27,"Age-standardized",1982,"Rate",24.667455411645,22.8160718249596,26.5655706187614
1,"Deaths",1794,"Hampshire County",25015,508,"Chronic respiratory diseases",2,"Female",27,"Age-standardized",1983,"Rate",25.4322350029543,23.5336628009796,27.4292468945024
1,"Deaths",1794,"Hampshire County",25015,508,"Chronic respiratory diseases",2,"Female",27,"Age-standardized",1984,"Rate",26.3215807089405,24.4405640113247,28.3993166804406
1,"Deaths",1794,"Hampshire County",25015,508,"Chronic respiratory diseases",2,"Female",27,"Age-standardized",1985,"Rate",27.4377446807807,25.3677698415178,29.5924247549659
1,"Deaths",1794,"Hampshire County",25015,508,"Chronic respiratory diseases",2,"Female",27,"Age-standardized",1986,"Rate",27.7482925161682,25.8556636578001,29.7862665104372
1,"Deaths",1794,"Hampshire County",25015,508,"Chronic respiratory diseases",2,"Female",27,"Age-standardized",1987,"Rate",28.7381765200152,26.9369969175146,30.8252694107344
1,"Deaths",1794,"Hampshire County",25015,508,"Chronic respiratory diseases",2,"Female",27,"Age-standardized",1988,"Rate",30.4640459168803,28.3883866641729,32.6598605663365
1,"Deaths",1794,"Hampshire County",25015,508,"Chronic respiratory diseases",2,"Female",27,"Age-standardized",1989,"Rate",31.5309809841513,29.6547744463733,33.5303091097281
1,"Deaths",1794,"Hampshire County",25015,508,"Chronic respiratory diseases",2,"Female",27,"Age-standardized",1990,"Rate",30.8336720363352,28.9500398550642,32.8366663675892
1,"Deaths",1794,"Hampshire County",25015,508,"Chronic respiratory diseases",2,"Female",27,"Age-standardized",1991,"Rate",31.4927969840803,29.6062117137912,33.5909669218061
1,"Deaths",1794,"Hampshire County",25015,508,"Chronic respiratory diseases",2,"Female",27,"Age-standardized",1992,"Rate",33.0406983735392,31.0116513486302,35.3088790369617
1,"Deaths",1794,"Hampshire County",25015,508,"Chronic respiratory diseases",2,"Female",27,"Age-standardized",1993,"Rate",34.9575677496314,32.820766726568,37.0903103008117
1,"Deaths",1794,"Hampshire County",25015,508,"Chronic respiratory diseases",2,"Female",27,"Age-standardized",1994,"Rate",34.7247904736165,32.7868747671553,36.7908450909426
1,"Deaths",1794,"Hampshire County",25015,508,"Chronic respiratory diseases",2,"Female",27,"Age-standardized",1995,"Rate",37.3892618336535,35.0959167890632,39.7475053168284
1,"Deaths",1794,"Hampshire County",25015,508,"Chronic respiratory diseases",2,"Female",27,"Age-standardized",1996,"Rate",37.5943397840567,35.3984198720313,39.8655812252993
1,"Deaths",1794,"Hampshire County",25015,508,"Chronic respiratory diseases",2,"Female",27,"Age-standardized",1997,"Rate",38.635874308422,36.5691176203852,40.983090198558
1,"Deaths",1794,"Hampshire County",25015,508,"Chronic respiratory diseases",2,"Female",27,"Age-standardized",1998,"Rate",38.4854042051345,36.2837765864603,40.7853318202752
1,"Deaths",1794,"Hampshire County",25015,508,"Chronic respiratory diseases",2,"Female",27,"Age-standardized",1999,"Rate",41.5120105183408,39.2371126930945,44.0653648745382
1,"Deaths",1794,"Hampshire County",25015,508,"Chronic respiratory diseases",2,"Female",27,"Age-standardized",2000,"Rate",42.3788731624436,39.9530293298384,44.7843370627967
1,"Deaths",1794,"Hampshire County",25015,508,"Chronic respiratory diseases",2,"Female",27,"Age-standardized",2001,"Rate",42.1641612121711,39.7537717291272,44.525326794083
1,"Deaths",1794,"Hampshire County",25015,508,"Chronic respiratory diseases",2,"Female",27,"Age-standardized",2002,"Rate",43.8671767526848,41.4903749323891,46.6281473560827
1,"Deaths",1794,"Hampshire County",25015,508,"Chronic respiratory diseases",2,"Female",27,"Age-standardized",2003,"Rate",44.4599872957992,42.0586511309512,47.0134216810789
1,"Deaths",1794,"Hampshire County",25015,508,"Chronic respiratory diseases",2,"Female",27,"Age-standardized",2004,"Rate",41.7933548428754,39.4845258226875,44.2279344616905
1,"Deaths",1794,"Hampshire County",25015,508,"Chronic respiratory diseases",2,"Female",27,"Age-standardized",2005,"Rate",42.8424608240359,40.4101253092078,45.4896046936763
1,"Deaths",1794,"Hampshire County",25015,508,"Chronic respiratory diseases",2,"Female",27,"Age-standardized",2006,"Rate",42.5802559917049,40.0691361060912,45.3442847707544
1,"Deaths",1794,"Hampshire County",25015,508,"Chronic respiratory diseases",2,"Female",27,"Age-standardized",2007,"Rate",42.5794702555136,40.0524200111228,45.3151540220926
1,"Deaths",1794,"Hampshire County",25015,508,"Chronic respiratory diseases",2,"Female",27,"Age-standardized",2008,"Rate",41.3052311444395,38.5904338163798,43.8562776612813
1,"Deaths",1794,"Hampshire County",25015,508,"Chronic respiratory diseases",2,"Female",27,"Age-standardized",2009,"Rate",40.7087889909177,38.0904554773484,43.3842921667721
1,"Deaths",1794,"Hampshire County",25015,508,"Chronic respiratory diseases",2,"Female",27,"Age-standardized",2010,"Rate",40.7695102784626,38.2471354997164,43.4776446589166
1,"Deaths",1794,"Hampshire County",25015,508,"Chronic respiratory diseases",2,"Female",27,"Age-standardized",2011,"Rate",41.6950933387839,38.9685318261673,44.4517226628903
1,"Deaths",1794,"Hampshire County",25015,508,"Chronic respiratory diseases",2,"Female",27,"Age-standardized",2012,"Rate",39.8421449404471,37.1309987876314,42.6275763850388
1,"Deaths",1794,"Hampshire County",25015,508,"Chronic respiratory diseases",2,"Female",27,"Age-standardized",2013,"Rate",39.0722018639621,36.3010521215956,41.8346538002067
1,"Deaths",1794,"Hampshire County",25015,508,"Chronic respiratory diseases",2,"Female",27,"Age-standardized",2014,"Rate",41.6745761314438,38.7135265053866,44.5952478948024
1,"Deaths",1794,"Hampshire County",25015,508,"Chronic respiratory diseases",3,"Both",27,"Age-standardized",1980,"Rate",41.4347687335022,39.239135831651,43.9359313376133
1,"Deaths",1794,"Hampshire County",25015,508,"Chronic respiratory diseases",3,"Both",27,"Age-standardized",1981,"Rate",40.9273104384045,38.7665842518535,43.2798646688274
1,"Deaths",1794,"Hampshire County",25015,508,"Chronic respiratory diseases",3,"Both",27,"Age-standardized",1982,"Rate",41.2002191127513,39.1152103405485,43.4942220603576
1,"Deaths",1794,"Hampshire County",25015,508,"Chronic respiratory diseases",3,"Both",27,"Age-standardized",1983,"Rate",41.2196302465376,38.9876863814926,43.4614038208616
1,"Deaths",1794,"Hampshire County",25015,508,"Chronic respiratory diseases",3,"Both",27,"Age-standardized",1984,"Rate",42.4934232356534,40.4340277580812,44.7466541826943
1,"Deaths",1794,"Hampshire County",25015,508,"Chronic respiratory diseases",3,"Both",27,"Age-standardized",1985,"Rate",42.5411968585327,40.4692085301455,44.6823922234697
1,"Deaths",1794,"Hampshire County",25015,508,"Chronic respiratory diseases",3,"Both",27,"Age-standardized",1986,"Rate",42.7104528347513,40.561767614272,44.9135186653262
1,"Deaths",1794,"Hampshire County",25015,508,"Chronic respiratory diseases",3,"Both",27,"Age-standardized",1987,"Rate",43.4310138293559,41.4092702550294,45.5427975377548
1,"Deaths",1794,"Hampshire County",25015,508,"Chronic respiratory diseases",3,"Both",27,"Age-standardized",1988,"Rate",44.5208578479285,42.4848850861326,46.7037661937226
1,"Deaths",1794,"Hampshire County",25015,508,"Chronic respiratory diseases",3,"Both",27,"Age-standardized",1989,"Rate",44.5060684302657,42.4967331098983,46.6299786707101
1,"Deaths",1794,"Hampshire County",25015,508,"Chronic respiratory diseases",3,"Both",27,"Age-standardized",1990,"Rate",43.2393310936873,41.3932286662698,45.3223624463834
1,"Deaths",1794,"Hampshire County",25015,508,"Chronic respiratory diseases",3,"Both",27,"Age-standardized",1991,"Rate",44.4045849427636,42.4786695758659,46.6040592265256
1,"Deaths",1794,"Hampshire County",25015,508,"Chronic respiratory diseases",3,"Both",27,"Age-standardized",1992,"Rate",44.4704764029941,42.5058529063648,46.4456474573059
1,"Deaths",1794,"Hampshire County",25015,508,"Chronic respiratory diseases",3,"Both",27,"Age-standardized",1993,"Rate",46.7903720364686,44.73265812238,48.9429696456925
1,"Deaths",1794,"Hampshire County",25015,508,"Chronic respiratory diseases",3,"Both",27,"Age-standardized",1994,"Rate",45.7856490001295,43.8377550221386,47.8239605425925
1,"Deaths",1794,"Hampshire County",25015,508,"Chronic respiratory diseases",3,"Both",27,"Age-standardized",1995,"Rate",47.4209025746213,45.2548734006069,49.6863999316548
1,"Deaths",1794,"Hampshire County",25015,508,"Chronic respiratory diseases",3,"Both",27,"Age-standardized",1996,"Rate",47.4159317221071,45.340919523712,49.5901463959267
1,"Deaths",1794,"Hampshire County",25015,508,"Chronic respiratory diseases",3,"Both",27,"Age-standardized",1997,"Rate",47.8443656532599,45.5904648753889,49.9990849172334
1,"Deaths",1794,"Hampshire County",25015,508,"Chronic respiratory diseases",3,"Both",27,"Age-standardized",1998,"Rate",47.543037625616,45.4075771426316,49.6726529644625
1,"Deaths",1794,"Hampshire County",25015,508,"Chronic respiratory diseases",3,"Both",27,"Age-standardized",1999,"Rate",50.1035468760608,47.8515536742612,52.5519370161081
1,"Deaths",1794,"Hampshire County",25015,508,"Chronic respiratory diseases",3,"Both",27,"Age-standardized",2000,"Rate",50.8629894227915,48.5237088657686,52.9563655535523
1,"Deaths",1794,"Hampshire County",25015,508,"Chronic respiratory diseases",3,"Both",27,"Age-standardized",2001,"Rate",49.8252271290396,47.4510540653737,52.125566018442
1,"Deaths",1794,"Hampshire County",25015,508,"Chronic respiratory diseases",3,"Both",27,"Age-standardized",2002,"Rate",51.6479924137994,49.2664068715219,54.07347630468
1,"Deaths",1794,"Hampshire County",25015,508,"Chronic respiratory diseases",3,"Both",27,"Age-standardized",2003,"Rate",51.7196945293845,49.4552931557287,53.9357532274909
1,"Deaths",1794,"Hampshire County",25015,508,"Chronic respiratory diseases",3,"Both",27,"Age-standardized",2004,"Rate",48.9247076346051,46.6571217015136,51.2529004599835
1,"Deaths",1794,"Hampshire County",25015,508,"Chronic respiratory diseases",3,"Both",27,"Age-standardized",2005,"Rate",49.0176801650227,46.893021187721,51.3629640884667
1,"Deaths",1794,"Hampshire County",25015,508,"Chronic respiratory diseases",3,"Both",27,"Age-standardized",2006,"Rate",48.5664574730214,46.2064395519095,50.9143603366677
1,"Deaths",1794,"Hampshire County",25015,508,"Chronic respiratory diseases",3,"Both",27,"Age-standardized",2007,"Rate",48.4876849522151,46.168846377294,50.7176001576752
1,"Deaths",1794,"Hampshire County",25015,508,"Chronic respiratory diseases",3,"Both",27,"Age-standardized",2008,"Rate",47.4239270912049,45.1135451051691,49.7864859670402
1,"Deaths",1794,"Hampshire County",25015,508,"Chronic respiratory diseases",3,"Both",27,"Age-standardized",2009,"Rate",47.2782234360098,45.0613402578256,49.7833667331193
1,"Deaths",1794,"Hampshire County",25015,508,"Chronic respiratory diseases",3,"Both",27,"Age-standardized",2010,"Rate",45.9471552384456,43.8307689085057,48.2360640801967
1,"Deaths",1794,"Hampshire County",25015,508,"Chronic respiratory diseases",3,"Both",27,"Age-standardized",2011,"Rate",46.1567493472793,43.8029638477964,48.5476941030983
1,"Deaths",1794,"Hampshire County",25015,508,"Chronic respiratory diseases",3,"Both",27,"Age-standardized",2012,"Rate",44.8476577773493,42.6025562810512,47.1574279224946
1,"Deaths",1794,"Hampshire County",25015,508,"Chronic respiratory diseases",3,"Both",27,"Age-standardized",2013,"Rate",44.6161077205902,42.3559202315719,46.9324364179231
1,"Deaths",1794,"Hampshire County",25015,508,"Chronic respiratory diseases",3,"Both",27,"Age-standardized",2014,"Rate",46.4517704442734,43.9639243409522,49.0571801213948
1,"Deaths",1792,"Middlesex County",25017,508,"Chronic respiratory diseases",1,"Male",27,"Age-standardized",1980,"Rate",66.914446606294,63.7571006768243,70.103796189696
1,"Deaths",1792,"Middlesex County",25017,508,"Chronic respiratory diseases",1,"Male",27,"Age-standardized",1981,"Rate",63.5994538993107,60.7105535505471,66.3518838932926
1,"Deaths",1792,"Middlesex County",25017,508,"Chronic respiratory diseases",1,"Male",27,"Age-standardized",1982,"Rate",64.6984155349784,61.9283378564909,67.9610601177066
1,"Deaths",1792,"Middlesex County",25017,508,"Chronic respiratory diseases",1,"Male",27,"Age-standardized",1983,"Rate",65.5109999219979,62.667170480391,68.391914324803
1,"Deaths",1792,"Middlesex County",25017,508,"Chronic respiratory diseases",1,"Male",27,"Age-standardized",1984,"Rate",65.8059498546932,63.0860526441565,68.7593732628546
1,"Deaths",1792,"Middlesex County",25017,508,"Chronic respiratory diseases",1,"Male",27,"Age-standardized",1985,"Rate",64.506824920984,61.6613167408759,67.3721504962386
1,"Deaths",1792,"Middlesex County",25017,508,"Chronic respiratory diseases",1,"Male",27,"Age-standardized",1986,"Rate",63.5086292924503,60.7814807200141,66.3689939518606
1,"Deaths",1792,"Middlesex County",25017,508,"Chronic respiratory diseases",1,"Male",27,"Age-standardized",1987,"Rate",64.6331001736812,62.0761863990973,67.3618805083715
1,"Deaths",1792,"Middlesex County",25017,508,"Chronic respiratory diseases",1,"Male",27,"Age-standardized",1988,"Rate",61.3950405205524,58.814195073958,63.888435192683
1,"Deaths",1792,"Middlesex County",25017,508,"Chronic respiratory diseases",1,"Male",27,"Age-standardized",1989,"Rate",59.3702490411329,56.818674297146,62.0204949516694
1,"Deaths",1792,"Middlesex County",25017,508,"Chronic respiratory diseases",1,"Male",27,"Age-standardized",1990,"Rate",56.6657642175708,54.3053590636384,58.9789673808357
1,"Deaths",1792,"Middlesex County",25017,508,"Chronic respiratory diseases",1,"Male",27,"Age-standardized",1991,"Rate",58.0937854284625,55.6762126298306,60.647611552513
1,"Deaths",1792,"Middlesex County",25017,508,"Chronic respiratory diseases",1,"Male",27,"Age-standardized",1992,"Rate",59.3327168450343,56.9256197775401,62.0735035802738
1,"Deaths",1792,"Middlesex County",25017,508,"Chronic respiratory diseases",1,"Male",27,"Age-standardized",1993,"Rate",58.1266495176849,55.7681610110539,60.7620324130443
1,"Deaths",1792,"Middlesex County",25017,508,"Chronic respiratory diseases",1,"Male",27,"Age-standardized",1994,"Rate",56.8082606166963,54.3600775441906,59.370728455908
1,"Deaths",1792,"Middlesex County",25017,508,"Chronic respiratory diseases",1,"Male",27,"Age-standardized",1995,"Rate",59.1704705427996,56.7119962839001,61.7275460807586
1,"Deaths",1792,"Middlesex County",25017,508,"Chronic respiratory diseases",1,"Male",27,"Age-standardized",1996,"Rate",56.6980966230483,54.389654017147,59.1889661662259
1,"Deaths",1792,"Middlesex County",25017,508,"Chronic respiratory diseases",1,"Male",27,"Age-standardized",1997,"Rate",57.0727323896533,54.693805901468,59.5463561485567
1,"Deaths",1792,"Middlesex County",25017,508,"Chronic respiratory diseases",1,"Male",27,"Age-standardized",1998,"Rate",54.9111057196944,52.7080541950045,57.280130111461
1,"Deaths",1792,"Middlesex County",25017,508,"Chronic respiratory diseases",1,"Male",27,"Age-standardized",1999,"Rate",56.9810432757488,54.7324823818448,59.2960386332888
1,"Deaths",1792,"Middlesex County",25017,508,"Chronic respiratory diseases",1,"Male",27,"Age-standardized",2000,"Rate",59.2916748437849,56.7320589310735,61.7809177885535
1,"Deaths",1792,"Middlesex County",25017,508,"Chronic respiratory diseases",1,"Male",27,"Age-standardized",2001,"Rate",56.3217468873654,53.8250389328288,58.6554551222052
1,"Deaths",1792,"Middlesex County",25017,508,"Chronic respiratory diseases",1,"Male",27,"Age-standardized",2002,"Rate",53.4353664364155,51.303411839485,55.7460389223106
1,"Deaths",1792,"Middlesex County",25017,508,"Chronic respiratory diseases",1,"Male",27,"Age-standardized",2003,"Rate",51.8705953783899,49.7419566876122,54.1395688951746
1,"Deaths",1792,"Middlesex County",25017,508,"Chronic respiratory diseases",1,"Male",27,"Age-standardized",2004,"Rate",51.4259476665034,49.2511525309148,53.6803369832127
1,"Deaths",1792,"Middlesex County",25017,508,"Chronic respiratory diseases",1,"Male",27,"Age-standardized",2005,"Rate",51.0523199354174,49.0040896454095,53.2796414766067
1,"Deaths",1792,"Middlesex County",25017,508,"Chronic respiratory diseases",1,"Male",27,"Age-standardized",2006,"Rate",47.8081896768524,45.8408123367407,49.9342354657248
1,"Deaths",1792,"Middlesex County",25017,508,"Chronic respiratory diseases",1,"Male",27,"Age-standardized",2007,"Rate",46.2450120644059,44.2523704142037,48.3072073850274
1,"Deaths",1792,"Middlesex County",25017,508,"Chronic respiratory diseases",1,"Male",27,"Age-standardized",2008,"Rate",47.1475913597903,45.0381031336021,49.2752163272154
1,"Deaths",1792,"Middlesex County",25017,508,"Chronic respiratory diseases",1,"Male",27,"Age-standardized",2009,"Rate",47.3150605347589,45.2977090427281,49.5517586298892
1,"Deaths",1792,"Middlesex County",25017,508,"Chronic respiratory diseases",1,"Male",27,"Age-standardized",2010,"Rate",42.9554310439962,41.0708563618689,44.9224023482287
1,"Deaths",1792,"Middlesex County",25017,508,"Chronic respiratory diseases",1,"Male",27,"Age-standardized",2011,"Rate",46.6141198586732,44.4172164388801,48.6892780654957
1,"Deaths",1792,"Middlesex County",25017,508,"Chronic respiratory diseases",1,"Male",27,"Age-standardized",2012,"Rate",44.4498159774037,42.4707001466181,46.448705666301
1,"Deaths",1792,"Middlesex County",25017,508,"Chronic respiratory diseases",1,"Male",27,"Age-standardized",2013,"Rate",41.137952774396,39.1540412558973,43.0299139739393
1,"Deaths",1792,"Middlesex County",25017,508,"Chronic respiratory diseases",1,"Male",27,"Age-standardized",2014,"Rate",42.6163503190486,40.5579100458493,44.7059469468828
1,"Deaths",1792,"Middlesex County",25017,508,"Chronic respiratory diseases",2,"Female",27,"Age-standardized",1980,"Rate",22.5475775973665,21.4003645513495,23.7425808676834
1,"Deaths",1792,"Middlesex County",25017,508,"Chronic respiratory diseases",2,"Female",27,"Age-standardized",1981,"Rate",23.0695313999475,21.8494878483867,24.2753737326399
1,"Deaths",1792,"Middlesex County",25017,508,"Chronic respiratory diseases",2,"Female",27,"Age-standardized",1982,"Rate",22.7663280343135,21.4931529434574,23.8939136772112
1,"Deaths",1792,"Middlesex County",25017,508,"Chronic respiratory diseases",2,"Female",27,"Age-standardized",1983,"Rate",24.1607616533773,22.9764528599009,25.3794283993446
1,"Deaths",1792,"Middlesex County",25017,508,"Chronic respiratory diseases",2,"Female",27,"Age-standardized",1984,"Rate",25.9071724736903,24.7047664447786,27.1405890933467
1,"Deaths",1792,"Middlesex County",25017,508,"Chronic respiratory diseases",2,"Female",27,"Age-standardized",1985,"Rate",26.9293893710899,25.6903554799098,28.2534182852553
1,"Deaths",1792,"Middlesex County",25017,508,"Chronic respiratory diseases",2,"Female",27,"Age-standardized",1986,"Rate",26.1905191175638,24.9130637611006,27.5489504675651
1,"Deaths",1792,"Middlesex County",25017,508,"Chronic respiratory diseases",2,"Female",27,"Age-standardized",1987,"Rate",26.6600401352018,25.4361218054472,28.0016700892222
1,"Deaths",1792,"Middlesex County",25017,508,"Chronic respiratory diseases",2,"Female",27,"Age-standardized",1988,"Rate",28.3191207169425,26.9558956822621,29.6151634845667
1,"Deaths",1792,"Middlesex County",25017,508,"Chronic respiratory diseases",2,"Female",27,"Age-standardized",1989,"Rate",27.3621034552859,26.0546726146856,28.6503779811155
1,"Deaths",1792,"Middlesex County",25017,508,"Chronic respiratory diseases",2,"Female",27,"Age-standardized",1990,"Rate",29.2778900762282,27.974282924898,30.5836638705228
1,"Deaths",1792,"Middlesex County",25017,508,"Chronic respiratory diseases",2,"Female",27,"Age-standardized",1991,"Rate",28.902945962013,27.6594983111879,30.3083918313157
1,"Deaths",1792,"Middlesex County",25017,508,"Chronic respiratory diseases",2,"Female",27,"Age-standardized",1992,"Rate",29.7067319222873,28.5117988981598,31.1151867845108
1,"Deaths",1792,"Middlesex County",25017,508,"Chronic respiratory diseases",2,"Female",27,"Age-standardized",1993,"Rate",32.5322079255712,31.1680631285663,34.0349634881115
1,"Deaths",1792,"Middlesex County",25017,508,"Chronic respiratory diseases",2,"Female",27,"Age-standardized",1994,"Rate",33.3411760432074,31.8351282992283,34.9060242990709
1,"Deaths",1792,"Middlesex County",25017,508,"Chronic respiratory diseases",2,"Female",27,"Age-standardized",1995,"Rate",34.7576587599522,33.2922903956827,36.2355291324218
1,"Deaths",1792,"Middlesex County",25017,508,"Chronic respiratory diseases",2,"Female",27,"Age-standardized",1996,"Rate",34.9280608852449,33.3977175175098,36.5297039330033
1,"Deaths",1792,"Middlesex County",25017,508,"Chronic respiratory diseases",2,"Female",27,"Age-standardized",1997,"Rate",34.7959654787401,33.1985919398448,36.4166252276576
1,"Deaths",1792,"Middlesex County",25017,508,"Chronic respiratory diseases",2,"Female",27,"Age-standardized",1998,"Rate",37.7165088380631,36.1406697696791,39.3667716669477
1,"Deaths",1792,"Middlesex County",25017,508,"Chronic respiratory diseases",2,"Female",27,"Age-standardized",1999,"Rate",38.2359514155685,36.6198570764278,39.8959657183613
1,"Deaths",1792,"Middlesex County",25017,508,"Chronic respiratory diseases",2,"Female",27,"Age-standardized",2000,"Rate",41.5582972208482,39.7135827855162,43.3518025094276
1,"Deaths",1792,"Middlesex County",25017,508,"Chronic respiratory diseases",2,"Female",27,"Age-standardized",2001,"Rate",39.4703698906851,37.7437685462651,41.0546832542974
1,"Deaths",1792,"Middlesex County",25017,508,"Chronic respiratory diseases",2,"Female",27,"Age-standardized",2002,"Rate",39.2368716760918,37.595859920303,40.9086158970099
1,"Deaths",1792,"Middlesex County",25017,508,"Chronic respiratory diseases",2,"Female",27,"Age-standardized",2003,"Rate",38.6556128314722,37.0901076340017,40.3110752935296
1,"Deaths",1792,"Middlesex County",25017,508,"Chronic respiratory diseases",2,"Female",27,"Age-standardized",2004,"Rate",37.5659550983668,35.9305635058472,39.2128726340399
1,"Deaths",1792,"Middlesex County",25017,508,"Chronic respiratory diseases",2,"Female",27,"Age-standardized",2005,"Rate",38.3723934047098,36.8125035495029,40.1392459404997
1,"Deaths",1792,"Middlesex County",25017,508,"Chronic respiratory diseases",2,"Female",27,"Age-standardized",2006,"Rate",37.3748779561679,35.793533453997,39.0345807504871
1,"Deaths",1792,"Middlesex County",25017,508,"Chronic respiratory diseases",2,"Female",27,"Age-standardized",2007,"Rate",35.1727039680523,33.6306061148051,36.7050720779921
1,"Deaths",1792,"Middlesex County",25017,508,"Chronic respiratory diseases",2,"Female",27,"Age-standardized",2008,"Rate",35.6788650296294,34.1481590733389,37.2447512229828
1,"Deaths",1792,"Middlesex County",25017,508,"Chronic respiratory diseases",2,"Female",27,"Age-standardized",2009,"Rate",35.339260395635,33.8071581387938,36.9264344223018
1,"Deaths",1792,"Middlesex County",25017,508,"Chronic respiratory diseases",2,"Female",27,"Age-standardized",2010,"Rate",34.3744168112554,32.8764788363048,36.0768595332837
1,"Deaths",1792,"Middlesex County",25017,508,"Chronic respiratory diseases",2,"Female",27,"Age-standardized",2011,"Rate",35.9992410595407,34.4101362008818,37.5779627936317
1,"Deaths",1792,"Middlesex County",25017,508,"Chronic respiratory diseases",2,"Female",27,"Age-standardized",2012,"Rate",34.5664236873189,32.9094685874195,36.2482381430166
1,"Deaths",1792,"Middlesex County",25017,508,"Chronic respiratory diseases",2,"Female",27,"Age-standardized",2013,"Rate",33.4399477513322,31.8663141274479,35.1758083759834
1,"Deaths",1792,"Middlesex County",25017,508,"Chronic respiratory diseases",2,"Female",27,"Age-standardized",2014,"Rate",33.3813246304345,31.6872484365691,35.2557744089341
1,"Deaths",1792,"Middlesex County",25017,508,"Chronic respiratory diseases",3,"Both",27,"Age-standardized",1980,"Rate",37.4010746940247,36.0418377255582,38.7774011969546
1,"Deaths",1792,"Middlesex County",25017,508,"Chronic respiratory diseases",3,"Both",27,"Age-standardized",1981,"Rate",36.5208793807924,35.2713575977141,37.8643313929329
1,"Deaths",1792,"Middlesex County",25017,508,"Chronic respiratory diseases",3,"Both",27,"Age-standardized",1982,"Rate",36.6114392297958,35.2746373811119,37.9166711523987
1,"Deaths",1792,"Middlesex County",25017,508,"Chronic respiratory diseases",3,"Both",27,"Age-standardized",1983,"Rate",37.7509818788308,36.4438846252857,39.0349550700048
1,"Deaths",1792,"Middlesex County",25017,508,"Chronic respiratory diseases",3,"Both",27,"Age-standardized",1984,"Rate",38.9651238182997,37.6921531321404,40.298607069858
1,"Deaths",1792,"Middlesex County",25017,508,"Chronic respiratory diseases",3,"Both",27,"Age-standardized",1985,"Rate",39.1230262561559,37.8104504895878,40.4472813393357
1,"Deaths",1792,"Middlesex County",25017,508,"Chronic respiratory diseases",3,"Both",27,"Age-standardized",1986,"Rate",38.3209694592976,37.0532879554568,39.6136209142676
1,"Deaths",1792,"Middlesex County",25017,508,"Chronic respiratory diseases",3,"Both",27,"Age-standardized",1987,"Rate",38.9902969805592,37.7295634094746,40.3353409151414
1,"Deaths",1792,"Middlesex County",25017,508,"Chronic respiratory diseases",3,"Both",27,"Age-standardized",1988,"Rate",39.0141265593054,37.7175862502713,40.2858931207292
1,"Deaths",1792,"Middlesex County",25017,508,"Chronic respiratory diseases",3,"Both",27,"Age-standardized",1989,"Rate",37.7496258549138,36.441700042502,39.0813443930696
1,"Deaths",1792,"Middlesex County",25017,508,"Chronic respiratory diseases",3,"Both",27,"Age-standardized",1990,"Rate",38.0759999764382,36.8593360316944,39.348977404227
1,"Deaths",1792,"Middlesex County",25017,508,"Chronic respiratory diseases",3,"Both",27,"Age-standardized",1991,"Rate",38.3968329208857,37.1548626720161,39.8401736995757
1,"Deaths",1792,"Middlesex County",25017,508,"Chronic respiratory diseases",3,"Both",27,"Age-standardized",1992,"Rate",39.4104258861142,38.0440176654802,40.7211824819466
1,"Deaths",1792,"Middlesex County",25017,508,"Chronic respiratory diseases",3,"Both",27,"Age-standardized",1993,"Rate",40.9295877643394,39.4909307577365,42.3167559753592
1,"Deaths",1792,"Middlesex County",25017,508,"Chronic respiratory diseases",3,"Both",27,"Age-standardized",1994,"Rate",41.0663396590498,39.6518352743725,42.499516589906
1,"Deaths",1792,"Middlesex County",25017,508,"Chronic respiratory diseases",3,"Both",27,"Age-standardized",1995,"Rate",42.8423685692857,41.5119202498296,44.2504104137983
1,"Deaths",1792,"Middlesex County",25017,508,"Chronic respiratory diseases",3,"Both",27,"Age-standardized",1996,"Rate",42.1177216341195,40.8413499187806,43.6014910198064
1,"Deaths",1792,"Middlesex County",25017,508,"Chronic respiratory diseases",3,"Both",27,"Age-standardized",1997,"Rate",42.2663612121573,40.8941282373205,43.7208561193834
1,"Deaths",1792,"Middlesex County",25017,508,"Chronic respiratory diseases",3,"Both",27,"Age-standardized",1998,"Rate",43.3981814859545,42.0065377572062,44.6956869886125
1,"Deaths",1792,"Middlesex County",25017,508,"Chronic respiratory diseases",3,"Both",27,"Age-standardized",1999,"Rate",44.5572299144046,43.1250436094294,46.0083715340141
1,"Deaths",1792,"Middlesex County",25017,508,"Chronic respiratory diseases",3,"Both",27,"Age-standardized",2000,"Rate",47.5790625020606,45.9782735783057,49.0884932143131
1,"Deaths",1792,"Middlesex County",25017,508,"Chronic respiratory diseases",3,"Both",27,"Age-standardized",2001,"Rate",45.2992334876598,43.7553608875083,46.7205497797479
1,"Deaths",1792,"Middlesex County",25017,508,"Chronic respiratory diseases",3,"Both",27,"Age-standardized",2002,"Rate",44.1760391357518,42.7791701045244,45.4914203291874
1,"Deaths",1792,"Middlesex County",25017,508,"Chronic respiratory diseases",3,"Both",27,"Age-standardized",2003,"Rate",43.2965439702304,41.9395200677669,44.6762296025544
1,"Deaths",1792,"Middlesex County",25017,508,"Chronic respiratory diseases",3,"Both",27,"Age-standardized",2004,"Rate",42.5223632422225,41.1817675342215,43.8892935745135
1,"Deaths",1792,"Middlesex County",25017,508,"Chronic respiratory diseases",3,"Both",27,"Age-standardized",2005,"Rate",42.9952529520086,41.6696835398339,44.4173232866968
1,"Deaths",1792,"Middlesex County",25017,508,"Chronic respiratory diseases",3,"Both",27,"Age-standardized",2006,"Rate",41.2050710794394,39.7921160206235,42.6185700172769
1,"Deaths",1792,"Middlesex County",25017,508,"Chronic respiratory diseases",3,"Both",27,"Age-standardized",2007,"Rate",39.3020244127263,37.9599977390389,40.5913817090447
1,"Deaths",1792,"Middlesex County",25017,508,"Chronic respiratory diseases",3,"Both",27,"Age-standardized",2008,"Rate",40.0176129677434,38.6134466476907,41.41073132691
1,"Deaths",1792,"Middlesex County",25017,508,"Chronic respiratory diseases",3,"Both",27,"Age-standardized",2009,"Rate",39.8954983289741,38.6088386393465,41.26612337671
1,"Deaths",1792,"Middlesex County",25017,508,"Chronic respiratory diseases",3,"Both",27,"Age-standardized",2010,"Rate",37.6319117407312,36.3961449672983,39.0320258594167
1,"Deaths",1792,"Middlesex County",25017,508,"Chronic respiratory diseases",3,"Both",27,"Age-standardized",2011,"Rate",40.0871697270894,38.6859229429744,41.5208018617158
1,"Deaths",1792,"Middlesex County",25017,508,"Chronic respiratory diseases",3,"Both",27,"Age-standardized",2012,"Rate",38.4206645817997,37.0340516666639,39.801802881591
1,"Deaths",1792,"Middlesex County",25017,508,"Chronic respiratory diseases",3,"Both",27,"Age-standardized",2013,"Rate",36.419075517765,35.0726307474815,37.7875182497633
1,"Deaths",1792,"Middlesex County",25017,508,"Chronic respiratory diseases",3,"Both",27,"Age-standardized",2014,"Rate",36.9890190844762,35.6378461009435,38.5082921528503
1,"Deaths",1802,"Nantucket County",25019,508,"Chronic respiratory diseases",1,"Male",27,"Age-standardized",1980,"Rate",76.3307428832361,61.7306554906752,91.9708599920494
1,"Deaths",1802,"Nantucket County",25019,508,"Chronic respiratory diseases",1,"Male",27,"Age-standardized",1981,"Rate",74.3673062378969,60.9945955216561,89.1209733801762
1,"Deaths",1802,"Nantucket County",25019,508,"Chronic respiratory diseases",1,"Male",27,"Age-standardized",1982,"Rate",73.0646013803435,59.8127571711614,87.5535711577082
1,"Deaths",1802,"Nantucket County",25019,508,"Chronic respiratory diseases",1,"Male",27,"Age-standardized",1983,"Rate",73.5101052881587,60.4732685816826,86.885522070247
1,"Deaths",1802,"Nantucket County",25019,508,"Chronic respiratory diseases",1,"Male",27,"Age-standardized",1984,"Rate",71.8502258090177,60.1348366034536,84.2329390792258
1,"Deaths",1802,"Nantucket County",25019,508,"Chronic respiratory diseases",1,"Male",27,"Age-standardized",1985,"Rate",72.3986665068685,60.7145505582814,85.0420349640148
1,"Deaths",1802,"Nantucket County",25019,508,"Chronic respiratory diseases",1,"Male",27,"Age-standardized",1986,"Rate",70.9238634317539,59.5696422694507,82.4276110342053
1,"Deaths",1802,"Nantucket County",25019,508,"Chronic respiratory diseases",1,"Male",27,"Age-standardized",1987,"Rate",69.8447832811502,58.7907419801906,81.2631076624828
1,"Deaths",1802,"Nantucket County",25019,508,"Chronic respiratory diseases",1,"Male",27,"Age-standardized",1988,"Rate",69.2445151746059,59.2552681773368,80.300516559289
1,"Deaths",1802,"Nantucket County",25019,508,"Chronic respiratory diseases",1,"Male",27,"Age-standardized",1989,"Rate",66.3687692948037,56.4639231479568,75.9086175799789
1,"Deaths",1802,"Nantucket County",25019,508,"Chronic respiratory diseases",1,"Male",27,"Age-standardized",1990,"Rate",64.1328154004115,55.1742447726355,73.5922660709688
1,"Deaths",1802,"Nantucket County",25019,508,"Chronic respiratory diseases",1,"Male",27,"Age-standardized",1991,"Rate",62.9219773292301,54.5143731604155,71.8211891510774
1,"Deaths",1802,"Nantucket County",25019,508,"Chronic respiratory diseases",1,"Male",27,"Age-standardized",1992,"Rate",61.488208107774,53.2535238195094,70.6619757071003
1,"Deaths",1802,"Nantucket County",25019,508,"Chronic respiratory diseases",1,"Male",27,"Age-standardized",1993,"Rate",61.3394323723176,52.9582902608033,69.9800989555866
1,"Deaths",1802,"Nantucket County",25019,508,"Chronic respiratory diseases",1,"Male",27,"Age-standardized",1994,"Rate",60.7054677966893,53.1068733351664,69.2070246225011
1,"Deaths",1802,"Nantucket County",25019,508,"Chronic respiratory diseases",1,"Male",27,"Age-standardized",1995,"Rate",59.2206242121497,51.6798449739263,67.7753506331378
1,"Deaths",1802,"Nantucket County",25019,508,"Chronic respiratory diseases",1,"Male",27,"Age-standardized",1996,"Rate",57.6937855977678,50.301022315537,65.422371880521
1,"Deaths",1802,"Nantucket County",25019,508,"Chronic respiratory diseases",1,"Male",27,"Age-standardized",1997,"Rate",56.9633916160977,50.1742102873134,64.4959547803633
1,"Deaths",1802,"Nantucket County",25019,508,"Chronic respiratory diseases",1,"Male",27,"Age-standardized",1998,"Rate",55.3304139558375,48.3622907066056,62.89015311414
1,"Deaths",1802,"Nantucket County",25019,508,"Chronic respiratory diseases",1,"Male",27,"Age-standardized",1999,"Rate",55.8267880445124,48.7911958138144,63.2788504960619
1,"Deaths",1802,"Nantucket County",25019,508,"Chronic respiratory diseases",1,"Male",27,"Age-standardized",2000,"Rate",55.2406783311292,48.190710802029,62.8495675848458
1,"Deaths",1802,"Nantucket County",25019,508,"Chronic respiratory diseases",1,"Male",27,"Age-standardized",2001,"Rate",54.7171499443741,47.0770388256409,62.1442779109396
1,"Deaths",1802,"Nantucket County",25019,508,"Chronic respiratory diseases",1,"Male",27,"Age-standardized",2002,"Rate",54.2761898832807,46.8035701454141,61.6612892783917
1,"Deaths",1802,"Nantucket County",25019,508,"Chronic respiratory diseases",1,"Male",27,"Age-standardized",2003,"Rate",53.9999853353154,46.5311318736636,61.6929169629857
1,"Deaths",1802,"Nantucket County",25019,508,"Chronic respiratory diseases",1,"Male",27,"Age-standardized",2004,"Rate",49.7199469440162,42.5964510238628,57.1548429329996
1,"Deaths",1802,"Nantucket County",25019,508,"Chronic respiratory diseases",1,"Male",27,"Age-standardized",2005,"Rate",47.616590888207,40.6125518145193,55.1436987022255
1,"Deaths",1802,"Nantucket County",25019,508,"Chronic respiratory diseases",1,"Male",27,"Age-standardized",2006,"Rate",44.6378601876853,37.9728594721847,51.7011020345881
1,"Deaths",1802,"Nantucket County",25019,508,"Chronic respiratory diseases",1,"Male",27,"Age-standardized",2007,"Rate",44.2762250027446,37.3062954037833,51.4606568012414
1,"Deaths",1802,"Nantucket County",25019,508,"Chronic respiratory diseases",1,"Male",27,"Age-standardized",2008,"Rate",44.8460007303401,37.6609017195266,52.5253696072544
1,"Deaths",1802,"Nantucket County",25019,508,"Chronic respiratory diseases",1,"Male",27,"Age-standardized",2009,"Rate",44.4174263033986,37.0975817040979,51.9528940451858
1,"Deaths",1802,"Nantucket County",25019,508,"Chronic respiratory diseases",1,"Male",27,"Age-standardized",2010,"Rate",43.6144305906543,36.3792306396831,51.1218973851984
1,"Deaths",1802,"Nantucket County",25019,508,"Chronic respiratory diseases",1,"Male",27,"Age-standardized",2011,"Rate",41.6351457382544,34.236291841059,49.0920940717089
1,"Deaths",1802,"Nantucket County",25019,508,"Chronic respiratory diseases",1,"Male",27,"Age-standardized",2012,"Rate",40.9948282266287,33.6481497756278,48.790301850108
1,"Deaths",1802,"Nantucket County",25019,508,"Chronic respiratory diseases",1,"Male",27,"Age-standardized",2013,"Rate",40.727643578863,33.1331847996757,48.6358097626816
1,"Deaths",1802,"Nantucket County",25019,508,"Chronic respiratory diseases",1,"Male",27,"Age-standardized",2014,"Rate",40.0051066297128,32.0918294697743,47.9301883713504
1,"Deaths",1802,"Nantucket County",25019,508,"Chronic respiratory diseases",2,"Female",27,"Age-standardized",1980,"Rate",29.0451865473413,23.3873718922504,35.0517497454372
1,"Deaths",1802,"Nantucket County",25019,508,"Chronic respiratory diseases",2,"Female",27,"Age-standardized",1981,"Rate",28.7398959014568,23.5230726395144,34.5799547556491
1,"Deaths",1802,"Nantucket County",25019,508,"Chronic respiratory diseases",2,"Female",27,"Age-standardized",1982,"Rate",28.3702765242719,23.1291035613026,33.9695573733864
1,"Deaths",1802,"Nantucket County",25019,508,"Chronic respiratory diseases",2,"Female",27,"Age-standardized",1983,"Rate",29.3808367626723,24.3175219997509,34.9674335927186
1,"Deaths",1802,"Nantucket County",25019,508,"Chronic respiratory diseases",2,"Female",27,"Age-standardized",1984,"Rate",29.7858119451757,24.777819968818,35.1352128851234
1,"Deaths",1802,"Nantucket County",25019,508,"Chronic respiratory diseases",2,"Female",27,"Age-standardized",1985,"Rate",30.5363542053756,25.5343276431947,35.9125715692455
1,"Deaths",1802,"Nantucket County",25019,508,"Chronic respiratory diseases",2,"Female",27,"Age-standardized",1986,"Rate",31.0318003582773,26.3317158851927,36.1924122567631
1,"Deaths",1802,"Nantucket County",25019,508,"Chronic respiratory diseases",2,"Female",27,"Age-standardized",1987,"Rate",31.6284239480283,26.7340335245864,36.8813229518339
1,"Deaths",1802,"Nantucket County",25019,508,"Chronic respiratory diseases",2,"Female",27,"Age-standardized",1988,"Rate",32.4226651653868,27.8044421543233,37.6001499201824
1,"Deaths",1802,"Nantucket County",25019,508,"Chronic respiratory diseases",2,"Female",27,"Age-standardized",1989,"Rate",32.4406485025693,27.7895095389497,37.3855653635352
1,"Deaths",1802,"Nantucket County",25019,508,"Chronic respiratory diseases",2,"Female",27,"Age-standardized",1990,"Rate",32.2672181925904,27.7317159345591,36.8682138258419
1,"Deaths",1802,"Nantucket County",25019,508,"Chronic respiratory diseases",2,"Female",27,"Age-standardized",1991,"Rate",33.2107352470418,28.8474731011323,37.7388714468913
1,"Deaths",1802,"Nantucket County",25019,508,"Chronic respiratory diseases",2,"Female",27,"Age-standardized",1992,"Rate",34.0271123349038,29.6519484520819,38.7475612919786
1,"Deaths",1802,"Nantucket County",25019,508,"Chronic respiratory diseases",2,"Female",27,"Age-standardized",1993,"Rate",35.6671102850052,31.2279973808061,40.2119632142593
1,"Deaths",1802,"Nantucket County",25019,508,"Chronic respiratory diseases",2,"Female",27,"Age-standardized",1994,"Rate",36.7850514969673,32.2660360618809,41.8334807962327
1,"Deaths",1802,"Nantucket County",25019,508,"Chronic respiratory diseases",2,"Female",27,"Age-standardized",1995,"Rate",37.8063407083365,33.3526162608208,42.4354582851839
1,"Deaths",1802,"Nantucket County",25019,508,"Chronic respiratory diseases",2,"Female",27,"Age-standardized",1996,"Rate",38.4141002329335,33.7880432368416,43.0654401842288
1,"Deaths",1802,"Nantucket County",25019,508,"Chronic respiratory diseases",2,"Female",27,"Age-standardized",1997,"Rate",39.0851641175947,34.1758460666363,44.046387826222
1,"Deaths",1802,"Nantucket County",25019,508,"Chronic respiratory diseases",2,"Female",27,"Age-standardized",1998,"Rate",39.920915500867,35.1214387217212,44.6423268998034
1,"Deaths",1802,"Nantucket County",25019,508,"Chronic respiratory diseases",2,"Female",27,"Age-standardized",1999,"Rate",41.6535706778936,36.6333927551911,46.6228068551356
1,"Deaths",1802,"Nantucket County",25019,508,"Chronic respiratory diseases",2,"Female",27,"Age-standardized",2000,"Rate",42.6654988243993,37.7597794722438,47.74777046914
1,"Deaths",1802,"Nantucket County",25019,508,"Chronic respiratory diseases",2,"Female",27,"Age-standardized",2001,"Rate",42.0001669329469,36.9796717038624,47.0829877141313
1,"Deaths",1802,"Nantucket County",25019,508,"Chronic respiratory diseases",2,"Female",27,"Age-standardized",2002,"Rate",41.9996116789879,37.0692917582209,47.0985878621569
1,"Deaths",1802,"Nantucket County",25019,508,"Chronic respiratory diseases",2,"Female",27,"Age-standardized",2003,"Rate",42.7011844061663,37.3475958289499,47.8030148583317
1,"Deaths",1802,"Nantucket County",25019,508,"Chronic respiratory diseases",2,"Female",27,"Age-standardized",2004,"Rate",41.1431576284797,36.1514052621669,46.6874724411689
1,"Deaths",1802,"Nantucket County",25019,508,"Chronic respiratory diseases",2,"Female",27,"Age-standardized",2005,"Rate",40.0184564109842,34.7243762393118,45.5436371847946
1,"Deaths",1802,"Nantucket County",25019,508,"Chronic respiratory diseases",2,"Female",27,"Age-standardized",2006,"Rate",39.0937586620409,33.8315594962617,44.4964449911364
1,"Deaths",1802,"Nantucket County",25019,508,"Chronic respiratory diseases",2,"Female",27,"Age-standardized",2007,"Rate",37.5068689848884,32.4084659205086,42.7290239173381
1,"Deaths",1802,"Nantucket County",25019,508,"Chronic respiratory diseases",2,"Female",27,"Age-standardized",2008,"Rate",37.0668818879649,32.0382715456188,42.6532973357129
1,"Deaths",1802,"Nantucket County",25019,508,"Chronic respiratory diseases",2,"Female",27,"Age-standardized",2009,"Rate",37.2326558572228,31.9264962752398,42.6953574307345
1,"Deaths",1802,"Nantucket County",25019,508,"Chronic respiratory diseases",2,"Female",27,"Age-standardized",2010,"Rate",37.7470328799216,32.3014692505587,44.1691739673099
1,"Deaths",1802,"Nantucket County",25019,508,"Chronic respiratory diseases",2,"Female",27,"Age-standardized",2011,"Rate",37.8589595631259,32.0452339489244,44.34939275216
1,"Deaths",1802,"Nantucket County",25019,508,"Chronic respiratory diseases",2,"Female",27,"Age-standardized",2012,"Rate",37.613835333879,31.8024046802675,44.2871868225545
1,"Deaths",1802,"Nantucket County",25019,508,"Chronic respiratory diseases",2,"Female",27,"Age-standardized",2013,"Rate",37.0342480947993,31.1453605342925,44.0165739869154
1,"Deaths",1802,"Nantucket County",25019,508,"Chronic respiratory diseases",2,"Female",27,"Age-standardized",2014,"Rate",36.9151694235024,30.8991162805329,44.2780430279406
1,"Deaths",1802,"Nantucket County",25019,508,"Chronic respiratory diseases",3,"Both",27,"Age-standardized",1980,"Rate",45.1729785401748,38.3435827274828,52.5587432148339
1,"Deaths",1802,"Nantucket County",25019,508,"Chronic respiratory diseases",3,"Both",27,"Age-standardized",1981,"Rate",44.5479137502976,38.0228413478106,51.7124108277731
1,"Deaths",1802,"Nantucket County",25019,508,"Chronic respiratory diseases",3,"Both",27,"Age-standardized",1982,"Rate",43.8011120040989,37.2818081915327,50.702429201588
1,"Deaths",1802,"Nantucket County",25019,508,"Chronic respiratory diseases",3,"Both",27,"Age-standardized",1983,"Rate",44.5679374489282,38.3362888792037,51.2979960253194
1,"Deaths",1802,"Nantucket County",25019,508,"Chronic respiratory diseases",3,"Both",27,"Age-standardized",1984,"Rate",44.5882383613029,38.4649966710511,51.2505040391279
1,"Deaths",1802,"Nantucket County",25019,508,"Chronic respiratory diseases",3,"Both",27,"Age-standardized",1985,"Rate",45.114794781451,39.1789352286382,51.5937633272529
1,"Deaths",1802,"Nantucket County",25019,508,"Chronic respiratory diseases",3,"Both",27,"Age-standardized",1986,"Rate",44.9691744989395,39.139466332459,51.2374049911377
1,"Deaths",1802,"Nantucket County",25019,508,"Chronic respiratory diseases",3,"Both",27,"Age-standardized",1987,"Rate",45.1648510623757,39.359858860118,51.2194353887327
1,"Deaths",1802,"Nantucket County",25019,508,"Chronic respiratory diseases",3,"Both",27,"Age-standardized",1988,"Rate",45.7027890091326,40.3259431550478,51.7738345462991
1,"Deaths",1802,"Nantucket County",25019,508,"Chronic respiratory diseases",3,"Both",27,"Age-standardized",1989,"Rate",44.7603726270035,39.1316028482737,50.4466293539021
1,"Deaths",1802,"Nantucket County",25019,508,"Chronic respiratory diseases",3,"Both",27,"Age-standardized",1990,"Rate",43.7455151736033,38.6039468619076,49.1203725809755
1,"Deaths",1802,"Nantucket County",25019,508,"Chronic respiratory diseases",3,"Both",27,"Age-standardized",1991,"Rate",43.9195067089203,38.7185745347736,49.27331054563
1,"Deaths",1802,"Nantucket County",25019,508,"Chronic respiratory diseases",3,"Both",27,"Age-standardized",1992,"Rate",44.024740289359,39.0582233068461,49.2912923049629
1,"Deaths",1802,"Nantucket County",25019,508,"Chronic respiratory diseases",3,"Both",27,"Age-standardized",1993,"Rate",45.0041495250697,40.0381376103379,50.0803107562668
1,"Deaths",1802,"Nantucket County",25019,508,"Chronic respiratory diseases",3,"Both",27,"Age-standardized",1994,"Rate",45.548343204659,40.3901886596919,50.757530331172
1,"Deaths",1802,"Nantucket County",25019,508,"Chronic respiratory diseases",3,"Both",27,"Age-standardized",1995,"Rate",45.7196737856552,40.8770703896658,50.6865216491087
1,"Deaths",1802,"Nantucket County",25019,508,"Chronic respiratory diseases",3,"Both",27,"Age-standardized",1996,"Rate",45.5678689903057,40.6376508696714,50.4430837529233
1,"Deaths",1802,"Nantucket County",25019,508,"Chronic respiratory diseases",3,"Both",27,"Age-standardized",1997,"Rate",45.7899253205288,40.8028605393388,50.463974914691
1,"Deaths",1802,"Nantucket County",25019,508,"Chronic respiratory diseases",3,"Both",27,"Age-standardized",1998,"Rate",45.6992235887041,40.7785026122671,50.5267621368677
1,"Deaths",1802,"Nantucket County",25019,508,"Chronic respiratory diseases",3,"Both",27,"Age-standardized",1999,"Rate",47.0036984372632,42.0871654411009,52.0437743313382
1,"Deaths",1802,"Nantucket County",25019,508,"Chronic respiratory diseases",3,"Both",27,"Age-standardized",2000,"Rate",47.4832674565667,42.3914937441251,52.2789300038691
1,"Deaths",1802,"Nantucket County",25019,508,"Chronic respiratory diseases",3,"Both",27,"Age-standardized",2001,"Rate",46.799346140577,41.4036537815145,51.7244358451981
1,"Deaths",1802,"Nantucket County",25019,508,"Chronic respiratory diseases",3,"Both",27,"Age-standardized",2002,"Rate",46.6342566475279,41.4894383382822,51.5648837632266
1,"Deaths",1802,"Nantucket County",25019,508,"Chronic respiratory diseases",3,"Both",27,"Age-standardized",2003,"Rate",47.1441010567745,42.0315347841035,51.962211343363
1,"Deaths",1802,"Nantucket County",25019,508,"Chronic respiratory diseases",3,"Both",27,"Age-standardized",2004,"Rate",44.4463669733978,39.6184435853897,49.1436672935331
1,"Deaths",1802,"Nantucket County",25019,508,"Chronic respiratory diseases",3,"Both",27,"Age-standardized",2005,"Rate",43.0498420228855,38.0786828636248,47.9568864944682
1,"Deaths",1802,"Nantucket County",25019,508,"Chronic respiratory diseases",3,"Both",27,"Age-standardized",2006,"Rate",41.4180394888128,36.6004894682987,45.978039861231
1,"Deaths",1802,"Nantucket County",25019,508,"Chronic respiratory diseases",3,"Both",27,"Age-standardized",2007,"Rate",40.2427172787325,35.6054091689205,44.6689169253574
1,"Deaths",1802,"Nantucket County",25019,508,"Chronic respiratory diseases",3,"Both",27,"Age-standardized",2008,"Rate",40.2259256676578,35.304086185058,45.0361446965482
1,"Deaths",1802,"Nantucket County",25019,508,"Chronic respiratory diseases",3,"Both",27,"Age-standardized",2009,"Rate",40.0435008625062,35.1090754823947,44.758378291736
1,"Deaths",1802,"Nantucket County",25019,508,"Chronic respiratory diseases",3,"Both",27,"Age-standardized",2010,"Rate",40.1756656549489,35.3852399546021,45.1787738778588
1,"Deaths",1802,"Nantucket County",25019,508,"Chronic respiratory diseases",3,"Both",27,"Age-standardized",2011,"Rate",39.5095455757946,34.5309496537549,44.5689504177127
1,"Deaths",1802,"Nantucket County",25019,508,"Chronic respiratory diseases",3,"Both",27,"Age-standardized",2012,"Rate",39.1097565371709,33.830659004029,44.2445625565138
1,"Deaths",1802,"Nantucket County",25019,508,"Chronic respiratory diseases",3,"Both",27,"Age-standardized",2013,"Rate",38.6233995432601,33.4444875020783,43.9116918334246
1,"Deaths",1802,"Nantucket County",25019,508,"Chronic respiratory diseases",3,"Both",27,"Age-standardized",2014,"Rate",38.3216920161092,33.1944688005331,43.6322284617385
1,"Deaths",1798,"Norfolk County",25021,508,"Chronic respiratory diseases",1,"Male",27,"Age-standardized",1980,"Rate",53.1269509712309,50.3382692739227,56.2286887224438
1,"Deaths",1798,"Norfolk County",25021,508,"Chronic respiratory diseases",1,"Male",27,"Age-standardized",1981,"Rate",52.4577399644369,49.645657371173,55.2802082755985
1,"Deaths",1798,"Norfolk County",25021,508,"Chronic respiratory diseases",1,"Male",27,"Age-standardized",1982,"Rate",52.8281869456179,50.0446702939683,55.6711158649032
1,"Deaths",1798,"Norfolk County",25021,508,"Chronic respiratory diseases",1,"Male",27,"Age-standardized",1983,"Rate",52.6421935285409,50.0183697861717,55.3505047823801
1,"Deaths",1798,"Norfolk County",25021,508,"Chronic respiratory diseases",1,"Male",27,"Age-standardized",1984,"Rate",53.9402888710076,51.3595509691621,56.5790338388307
1,"Deaths",1798,"Norfolk County",25021,508,"Chronic respiratory diseases",1,"Male",27,"Age-standardized",1985,"Rate",54.081734201652,51.3696471766297,56.7198008221077
1,"Deaths",1798,"Norfolk County",25021,508,"Chronic respiratory diseases",1,"Male",27,"Age-standardized",1986,"Rate",56.9891774113422,54.2530900968449,59.6296554047804
1,"Deaths",1798,"Norfolk County",25021,508,"Chronic respiratory diseases",1,"Male",27,"Age-standardized",1987,"Rate",55.2152809071476,52.5375997953082,58.0994486620181
1,"Deaths",1798,"Norfolk County",25021,508,"Chronic respiratory diseases",1,"Male",27,"Age-standardized",1988,"Rate",55.7994372080857,53.1765846807518,58.7560015945761
1,"Deaths",1798,"Norfolk County",25021,508,"Chronic respiratory diseases",1,"Male",27,"Age-standardized",1989,"Rate",54.8125088197775,52.3233218261532,57.5383668741563
1,"Deaths",1798,"Norfolk County",25021,508,"Chronic respiratory diseases",1,"Male",27,"Age-standardized",1990,"Rate",52.5961987870293,50.2196460377746,54.88304671997
1,"Deaths",1798,"Norfolk County",25021,508,"Chronic respiratory diseases",1,"Male",27,"Age-standardized",1991,"Rate",54.6964883211925,52.1638118953974,57.2726357502961
1,"Deaths",1798,"Norfolk County",25021,508,"Chronic respiratory diseases",1,"Male",27,"Age-standardized",1992,"Rate",54.032898606895,51.5733662672062,56.6868092793242
1,"Deaths",1798,"Norfolk County",25021,508,"Chronic respiratory diseases",1,"Male",27,"Age-standardized",1993,"Rate",51.9801109018854,49.5828461311878,54.5488309399197
1,"Deaths",1798,"Norfolk County",25021,508,"Chronic respiratory diseases",1,"Male",27,"Age-standardized",1994,"Rate",54.1670369264726,51.6615031900679,56.8316557720924
1,"Deaths",1798,"Norfolk County",25021,508,"Chronic respiratory diseases",1,"Male",27,"Age-standardized",1995,"Rate",54.0308771368728,51.4965558528422,56.6921954813748
1,"Deaths",1798,"Norfolk County",25021,508,"Chronic respiratory diseases",1,"Male",27,"Age-standardized",1996,"Rate",55.1436902833844,52.544776479114,57.9096587354734
1,"Deaths",1798,"Norfolk County",25021,508,"Chronic respiratory diseases",1,"Male",27,"Age-standardized",1997,"Rate",52.0298227669924,49.6060826746088,54.3731299075975
1,"Deaths",1798,"Norfolk County",25021,508,"Chronic respiratory diseases",1,"Male",27,"Age-standardized",1998,"Rate",51.6841554052056,49.2637000001319,54.2285211177643
1,"Deaths",1798,"Norfolk County",25021,508,"Chronic respiratory diseases",1,"Male",27,"Age-standardized",1999,"Rate",53.6045109621403,51.1572233285131,56.0957665990366
1,"Deaths",1798,"Norfolk County",25021,508,"Chronic respiratory diseases",1,"Male",27,"Age-standardized",2000,"Rate",55.5859790371542,52.9650027695946,58.090160023751
1,"Deaths",1798,"Norfolk County",25021,508,"Chronic respiratory diseases",1,"Male",27,"Age-standardized",2001,"Rate",53.3742619507202,51.0304802021325,55.8705406938912
1,"Deaths",1798,"Norfolk County",25021,508,"Chronic respiratory diseases",1,"Male",27,"Age-standardized",2002,"Rate",53.9274339034924,51.4510383289724,56.3049836572847
1,"Deaths",1798,"Norfolk County",25021,508,"Chronic respiratory diseases",1,"Male",27,"Age-standardized",2003,"Rate",55.6320338296263,53.1775583608767,58.2785023651462
1,"Deaths",1798,"Norfolk County",25021,508,"Chronic respiratory diseases",1,"Male",27,"Age-standardized",2004,"Rate",50.3871498416881,47.9752209847267,52.8281267552414
1,"Deaths",1798,"Norfolk County",25021,508,"Chronic respiratory diseases",1,"Male",27,"Age-standardized",2005,"Rate",50.4663573564063,48.1086114045886,52.8369658177827
1,"Deaths",1798,"Norfolk County",25021,508,"Chronic respiratory diseases",1,"Male",27,"Age-standardized",2006,"Rate",52.0231991488547,49.6227315075788,54.5191540651933
1,"Deaths",1798,"Norfolk County",25021,508,"Chronic respiratory diseases",1,"Male",27,"Age-standardized",2007,"Rate",48.2995883929126,45.9301971527352,50.5361866198861
1,"Deaths",1798,"Norfolk County",25021,508,"Chronic respiratory diseases",1,"Male",27,"Age-standardized",2008,"Rate",47.7000750071228,45.4827159372528,49.9049409758079
1,"Deaths",1798,"Norfolk County",25021,508,"Chronic respiratory diseases",1,"Male",27,"Age-standardized",2009,"Rate",46.725193790131,44.4695353891511,48.9782116418014
1,"Deaths",1798,"Norfolk County",25021,508,"Chronic respiratory diseases",1,"Male",27,"Age-standardized",2010,"Rate",45.6797219439755,43.4526925291092,47.8208490141519
1,"Deaths",1798,"Norfolk County",25021,508,"Chronic respiratory diseases",1,"Male",27,"Age-standardized",2011,"Rate",47.0438182438965,44.7466768403263,49.2134084614829
1,"Deaths",1798,"Norfolk County",25021,508,"Chronic respiratory diseases",1,"Male",27,"Age-standardized",2012,"Rate",45.9601371829405,43.5636198860449,48.1847867323406
1,"Deaths",1798,"Norfolk County",25021,508,"Chronic respiratory diseases",1,"Male",27,"Age-standardized",2013,"Rate",45.3335326606914,42.8062254194381,47.701000159378
1,"Deaths",1798,"Norfolk County",25021,508,"Chronic respiratory diseases",1,"Male",27,"Age-standardized",2014,"Rate",45.6265212857764,43.3298191481418,48.041998799994
1,"Deaths",1798,"Norfolk County",25021,508,"Chronic respiratory diseases",2,"Female",27,"Age-standardized",1980,"Rate",22.4931641820139,21.0887368847306,23.8587902814675
1,"Deaths",1798,"Norfolk County",25021,508,"Chronic respiratory diseases",2,"Female",27,"Age-standardized",1981,"Rate",21.7101631616484,20.5188429799998,22.9883401930092
1,"Deaths",1798,"Norfolk County",25021,508,"Chronic respiratory diseases",2,"Female",27,"Age-standardized",1982,"Rate",22.1822609402523,20.9387914478934,23.5445591224611
1,"Deaths",1798,"Norfolk County",25021,508,"Chronic respiratory diseases",2,"Female",27,"Age-standardized",1983,"Rate",23.7286267353933,22.3992721150922,25.1255952769013
1,"Deaths",1798,"Norfolk County",25021,508,"Chronic respiratory diseases",2,"Female",27,"Age-standardized",1984,"Rate",23.4326799457866,22.1714225691246,24.7903011486491
1,"Deaths",1798,"Norfolk County",25021,508,"Chronic respiratory diseases",2,"Female",27,"Age-standardized",1985,"Rate",25.5674196147527,24.2819531779519,27.0148138277498
1,"Deaths",1798,"Norfolk County",25021,508,"Chronic respiratory diseases",2,"Female",27,"Age-standardized",1986,"Rate",25.9200917750834,24.510361788312,27.3390823253011
1,"Deaths",1798,"Norfolk County",25021,508,"Chronic respiratory diseases",2,"Female",27,"Age-standardized",1987,"Rate",26.2421674146604,24.9363442748856,27.5596384143488
1,"Deaths",1798,"Norfolk County",25021,508,"Chronic respiratory diseases",2,"Female",27,"Age-standardized",1988,"Rate",26.5450421290445,25.1883492262555,27.8726104980698
1,"Deaths",1798,"Norfolk County",25021,508,"Chronic respiratory diseases",2,"Female",27,"Age-standardized",1989,"Rate",27.6491196089405,26.2842873025822,29.1796072603772
1,"Deaths",1798,"Norfolk County",25021,508,"Chronic respiratory diseases",2,"Female",27,"Age-standardized",1990,"Rate",28.7789891104489,27.4143264328549,30.2535920319904
1,"Deaths",1798,"Norfolk County",25021,508,"Chronic respiratory diseases",2,"Female",27,"Age-standardized",1991,"Rate",28.771421739933,27.4215900164541,30.3235086689544
1,"Deaths",1798,"Norfolk County",25021,508,"Chronic respiratory diseases",2,"Female",27,"Age-standardized",1992,"Rate",30.4690738239412,29.0281208843313,31.9112346085962
1,"Deaths",1798,"Norfolk County",25021,508,"Chronic respiratory diseases",2,"Female",27,"Age-standardized",1993,"Rate",30.6619993721518,29.1446909588426,32.2209225137042
1,"Deaths",1798,"Norfolk County",25021,508,"Chronic respiratory diseases",2,"Female",27,"Age-standardized",1994,"Rate",33.5225195332067,31.9083833496181,35.1351007031259
1,"Deaths",1798,"Norfolk County",25021,508,"Chronic respiratory diseases",2,"Female",27,"Age-standardized",1995,"Rate",34.5149064573089,32.8338428664149,36.344407746361
1,"Deaths",1798,"Norfolk County",25021,508,"Chronic respiratory diseases",2,"Female",27,"Age-standardized",1996,"Rate",34.747257770502,33.0940263417816,36.4286142452499
1,"Deaths",1798,"Norfolk County",25021,508,"Chronic respiratory diseases",2,"Female",27,"Age-standardized",1997,"Rate",36.5451701876431,34.8834413829215,38.3595509660269
1,"Deaths",1798,"Norfolk County",25021,508,"Chronic respiratory diseases",2,"Female",27,"Age-standardized",1998,"Rate",38.4645848716983,36.730389134262,40.169410672472
1,"Deaths",1798,"Norfolk County",25021,508,"Chronic respiratory diseases",2,"Female",27,"Age-standardized",1999,"Rate",39.0519650459046,37.3127699821137,40.8863121730289
1,"Deaths",1798,"Norfolk County",25021,508,"Chronic respiratory diseases",2,"Female",27,"Age-standardized",2000,"Rate",41.5725624023384,39.5410551990455,43.5066694347898
1,"Deaths",1798,"Norfolk County",25021,508,"Chronic respiratory diseases",2,"Female",27,"Age-standardized",2001,"Rate",40.8120239295367,39.0251534613094,42.6345074638869
1,"Deaths",1798,"Norfolk County",25021,508,"Chronic respiratory diseases",2,"Female",27,"Age-standardized",2002,"Rate",42.2834899662721,40.3694392111606,44.18712165081
1,"Deaths",1798,"Norfolk County",25021,508,"Chronic respiratory diseases",2,"Female",27,"Age-standardized",2003,"Rate",41.2872432864999,39.3090828014702,43.2840835765923
1,"Deaths",1798,"Norfolk County",25021,508,"Chronic respiratory diseases",2,"Female",27,"Age-standardized",2004,"Rate",39.0886763430968,37.2123663557056,41.0128601158996
1,"Deaths",1798,"Norfolk County",25021,508,"Chronic respiratory diseases",2,"Female",27,"Age-standardized",2005,"Rate",37.3721081620654,35.5376131310478,39.0488609288895
1,"Deaths",1798,"Norfolk County",25021,508,"Chronic respiratory diseases",2,"Female",27,"Age-standardized",2006,"Rate",39.2733111518746,37.4568662513752,41.0440042323111
1,"Deaths",1798,"Norfolk County",25021,508,"Chronic respiratory diseases",2,"Female",27,"Age-standardized",2007,"Rate",37.41324898423,35.6249622024229,39.2321579037891
1,"Deaths",1798,"Norfolk County",25021,508,"Chronic respiratory diseases",2,"Female",27,"Age-standardized",2008,"Rate",36.8533196094434,35.0209727466733,38.582593894217
1,"Deaths",1798,"Norfolk County",25021,508,"Chronic respiratory diseases",2,"Female",27,"Age-standardized",2009,"Rate",37.968955272898,36.2470196119265,39.7468884469985
1,"Deaths",1798,"Norfolk County",25021,508,"Chronic respiratory diseases",2,"Female",27,"Age-standardized",2010,"Rate",36.4369505211478,34.7262798352086,38.218610914281
1,"Deaths",1798,"Norfolk County",25021,508,"Chronic respiratory diseases",2,"Female",27,"Age-standardized",2011,"Rate",36.1591491400035,34.2219791161567,37.9561460213647
1,"Deaths",1798,"Norfolk County",25021,508,"Chronic respiratory diseases",2,"Female",27,"Age-standardized",2012,"Rate",35.8157071740428,33.995656537952,37.7401407346498
1,"Deaths",1798,"Norfolk County",25021,508,"Chronic respiratory diseases",2,"Female",27,"Age-standardized",2013,"Rate",35.8846915726981,33.9691359035438,37.8402330346434
1,"Deaths",1798,"Norfolk County",25021,508,"Chronic respiratory diseases",2,"Female",27,"Age-standardized",2014,"Rate",36.0075036146197,34.0828279304301,37.8687540453226
1,"Deaths",1798,"Norfolk County",25021,508,"Chronic respiratory diseases",3,"Both",27,"Age-standardized",1980,"Rate",32.6540601131979,31.2749226321048,34.1291208485041
1,"Deaths",1798,"Norfolk County",25021,508,"Chronic respiratory diseases",3,"Both",27,"Age-standardized",1981,"Rate",31.8409710292785,30.5351099646564,33.2015045041295
1,"Deaths",1798,"Norfolk County",25021,508,"Chronic respiratory diseases",3,"Both",27,"Age-standardized",1982,"Rate",32.2145487035874,30.9176960965055,33.5755128774145
1,"Deaths",1798,"Norfolk County",25021,508,"Chronic respiratory diseases",3,"Both",27,"Age-standardized",1983,"Rate",33.1155144642882,31.7527814486649,34.4876840003029
1,"Deaths",1798,"Norfolk County",25021,508,"Chronic respiratory diseases",3,"Both",27,"Age-standardized",1984,"Rate",33.3273397302602,32.0510706261073,34.5818860129601
1,"Deaths",1798,"Norfolk County",25021,508,"Chronic respiratory diseases",3,"Both",27,"Age-standardized",1985,"Rate",34.7133355908961,33.4970306701333,36.0980536438941
1,"Deaths",1798,"Norfolk County",25021,508,"Chronic respiratory diseases",3,"Both",27,"Age-standardized",1986,"Rate",35.9514219584544,34.6531629911164,37.2439899992227
1,"Deaths",1798,"Norfolk County",25021,508,"Chronic respiratory diseases",3,"Both",27,"Age-standardized",1987,"Rate",35.5489980835212,34.3296857964904,36.9548318301995
1,"Deaths",1798,"Norfolk County",25021,508,"Chronic respiratory diseases",3,"Both",27,"Age-standardized",1988,"Rate",35.9817615384824,34.6919185630993,37.3157763579544
1,"Deaths",1798,"Norfolk County",25021,508,"Chronic respiratory diseases",3,"Both",27,"Age-standardized",1989,"Rate",36.3642405299222,35.0910713144085,37.7862564974784
1,"Deaths",1798,"Norfolk County",25021,508,"Chronic respiratory diseases",3,"Both",27,"Age-standardized",1990,"Rate",36.358319704009,35.0723048982518,37.7126293712594
1,"Deaths",1798,"Norfolk County",25021,508,"Chronic respiratory diseases",3,"Both",27,"Age-standardized",1991,"Rate",37.1276797758451,35.8158135153005,38.460123176051
1,"Deaths",1798,"Norfolk County",25021,508,"Chronic respiratory diseases",3,"Both",27,"Age-standardized",1992,"Rate",38.0477268681468,36.6985006487359,39.5383763751913
1,"Deaths",1798,"Norfolk County",25021,508,"Chronic respiratory diseases",3,"Both",27,"Age-standardized",1993,"Rate",37.5887232536313,36.2427938413179,38.9678527084805
1,"Deaths",1798,"Norfolk County",25021,508,"Chronic respiratory diseases",3,"Both",27,"Age-standardized",1994,"Rate",40.1789351215469,38.7575079844443,41.7047296884028
1,"Deaths",1798,"Norfolk County",25021,508,"Chronic respiratory diseases",3,"Both",27,"Age-standardized",1995,"Rate",40.8570016857264,39.4383584171043,42.4058733025335
1,"Deaths",1798,"Norfolk County",25021,508,"Chronic respiratory diseases",3,"Both",27,"Age-standardized",1996,"Rate",41.476283356916,40.0514026071209,42.9249684499298
1,"Deaths",1798,"Norfolk County",25021,508,"Chronic respiratory diseases",3,"Both",27,"Age-standardized",1997,"Rate",41.5159192885855,40.0521859745089,43.0166810927984
1,"Deaths",1798,"Norfolk County",25021,508,"Chronic respiratory diseases",3,"Both",27,"Age-standardized",1998,"Rate",42.6796367915095,41.309210138506,44.1779243443744
1,"Deaths",1798,"Norfolk County",25021,508,"Chronic respiratory diseases",3,"Both",27,"Age-standardized",1999,"Rate",43.8152632441631,42.3274775302446,45.239122286632
1,"Deaths",1798,"Norfolk County",25021,508,"Chronic respiratory diseases",3,"Both",27,"Age-standardized",2000,"Rate",46.1770896928436,44.5047548373002,47.7818113403884
1,"Deaths",1798,"Norfolk County",25021,508,"Chronic respiratory diseases",3,"Both",27,"Age-standardized",2001,"Rate",44.9583129503038,43.3267826542108,46.7008667846194
1,"Deaths",1798,"Norfolk County",25021,508,"Chronic respiratory diseases",3,"Both",27,"Age-standardized",2002,"Rate",46.1742470831694,44.5921481855119,47.8047158901818
1,"Deaths",1798,"Norfolk County",25021,508,"Chronic respiratory diseases",3,"Both",27,"Age-standardized",2003,"Rate",46.3025108626954,44.6856770780574,47.8823511574391
1,"Deaths",1798,"Norfolk County",25021,508,"Chronic respiratory diseases",3,"Both",27,"Age-standardized",2004,"Rate",42.9869530425265,41.3415565706175,44.4755774509273
1,"Deaths",1798,"Norfolk County",25021,508,"Chronic respiratory diseases",3,"Both",27,"Age-standardized",2005,"Rate",42.0452439451602,40.438293816774,43.6418825111775
1,"Deaths",1798,"Norfolk County",25021,508,"Chronic respiratory diseases",3,"Both",27,"Age-standardized",2006,"Rate",43.8397643091335,42.2174790192779,45.3726361308156
1,"Deaths",1798,"Norfolk County",25021,508,"Chronic respiratory diseases",3,"Both",27,"Age-standardized",2007,"Rate",41.3353342920953,39.7886951146566,42.8464831352495
1,"Deaths",1798,"Norfolk County",25021,508,"Chronic respiratory diseases",3,"Both",27,"Age-standardized",2008,"Rate",40.8171687579765,39.3324995413491,42.2070830269015
1,"Deaths",1798,"Norfolk County",25021,508,"Chronic respiratory diseases",3,"Both",27,"Age-standardized",2009,"Rate",41.1416296674896,39.5961463159231,42.6114066436621
1,"Deaths",1798,"Norfolk County",25021,508,"Chronic respiratory diseases",3,"Both",27,"Age-standardized",2010,"Rate",39.8385315924901,38.3706742053298,41.2147636675636
1,"Deaths",1798,"Norfolk County",25021,508,"Chronic respiratory diseases",3,"Both",27,"Age-standardized",2011,"Rate",40.2128040297834,38.6876658509453,41.7929662403775
1,"Deaths",1798,"Norfolk County",25021,508,"Chronic respiratory diseases",3,"Both",27,"Age-standardized",2012,"Rate",39.6023278160604,37.9635350924458,41.182205366107
1,"Deaths",1798,"Norfolk County",25021,508,"Chronic respiratory diseases",3,"Both",27,"Age-standardized",2013,"Rate",39.4039264648377,37.7947882834827,41.1158347047735
1,"Deaths",1798,"Norfolk County",25021,508,"Chronic respiratory diseases",3,"Both",27,"Age-standardized",2014,"Rate",39.6077929371184,38.1144768040662,41.1912543153094
1,"Deaths",1797,"Plymouth County",25023,508,"Chronic respiratory diseases",1,"Male",27,"Age-standardized",1980,"Rate",63.9444126493213,60.2883358883894,67.9307440629402
1,"Deaths",1797,"Plymouth County",25023,508,"Chronic respiratory diseases",1,"Male",27,"Age-standardized",1981,"Rate",62.9148520059948,59.2771928173757,67.0244537104693
1,"Deaths",1797,"Plymouth County",25023,508,"Chronic respiratory diseases",1,"Male",27,"Age-standardized",1982,"Rate",64.2287766232524,60.5608910554161,67.7479264621437
1,"Deaths",1797,"Plymouth County",25023,508,"Chronic respiratory diseases",1,"Male",27,"Age-standardized",1983,"Rate",66.6536804693643,63.1165526923061,70.2728909314871
1,"Deaths",1797,"Plymouth County",25023,508,"Chronic respiratory diseases",1,"Male",27,"Age-standardized",1984,"Rate",66.9187187303857,63.4611266395554,70.6417953558546
1,"Deaths",1797,"Plymouth County",25023,508,"Chronic respiratory diseases",1,"Male",27,"Age-standardized",1985,"Rate",66.3943739551058,62.9012954821248,70.0725498996046
1,"Deaths",1797,"Plymouth County",25023,508,"Chronic respiratory diseases",1,"Male",27,"Age-standardized",1986,"Rate",69.441171692043,65.962601822169,73.0358801267787
1,"Deaths",1797,"Plymouth County",25023,508,"Chronic respiratory diseases",1,"Male",27,"Age-standardized",1987,"Rate",68.7756312984067,65.5186697180123,72.294045779058
1,"Deaths",1797,"Plymouth County",25023,508,"Chronic respiratory diseases",1,"Male",27,"Age-standardized",1988,"Rate",66.3558766357209,62.8960953119467,69.5330944553215
1,"Deaths",1797,"Plymouth County",25023,508,"Chronic respiratory diseases",1,"Male",27,"Age-standardized",1989,"Rate",65.6065076075468,62.4472505524612,68.7956726734194
1,"Deaths",1797,"Plymouth County",25023,508,"Chronic respiratory diseases",1,"Male",27,"Age-standardized",1990,"Rate",64.5782351997632,61.4130680517967,68.003150076833
1,"Deaths",1797,"Plymouth County",25023,508,"Chronic respiratory diseases",1,"Male",27,"Age-standardized",1991,"Rate",65.5765955938091,62.2937493779362,69.0027526717532
1,"Deaths",1797,"Plymouth County",25023,508,"Chronic respiratory diseases",1,"Male",27,"Age-standardized",1992,"Rate",64.5018771427193,61.4036584828764,68.11427784612
1,"Deaths",1797,"Plymouth County",25023,508,"Chronic respiratory diseases",1,"Male",27,"Age-standardized",1993,"Rate",66.7762947456194,63.4505557939444,69.9482531504889
1,"Deaths",1797,"Plymouth County",25023,508,"Chronic respiratory diseases",1,"Male",27,"Age-standardized",1994,"Rate",69.1336828456564,65.9014963590682,72.7726856440847
1,"Deaths",1797,"Plymouth County",25023,508,"Chronic respiratory diseases",1,"Male",27,"Age-standardized",1995,"Rate",66.5322780448013,63.4087489056029,69.7873339860856
1,"Deaths",1797,"Plymouth County",25023,508,"Chronic respiratory diseases",1,"Male",27,"Age-standardized",1996,"Rate",69.3764718174656,65.9731747130165,72.8999375188759
1,"Deaths",1797,"Plymouth County",25023,508,"Chronic respiratory diseases",1,"Male",27,"Age-standardized",1997,"Rate",69.7592682803582,66.5531917323705,73.1169788472021
1,"Deaths",1797,"Plymouth County",25023,508,"Chronic respiratory diseases",1,"Male",27,"Age-standardized",1998,"Rate",69.5080401493811,66.1247105830018,73.2301799908008
1,"Deaths",1797,"Plymouth County",25023,508,"Chronic respiratory diseases",1,"Male",27,"Age-standardized",1999,"Rate",69.2796911052787,66.0045021335747,72.5427085361258
1,"Deaths",1797,"Plymouth County",25023,508,"Chronic respiratory diseases",1,"Male",27,"Age-standardized",2000,"Rate",69.0432263151258,65.8900589492878,72.3190836123744
1,"Deaths",1797,"Plymouth County",25023,508,"Chronic respiratory diseases",1,"Male",27,"Age-standardized",2001,"Rate",71.6449925685766,68.2464583265957,75.1760559732872
1,"Deaths",1797,"Plymouth County",25023,508,"Chronic respiratory diseases",1,"Male",27,"Age-standardized",2002,"Rate",68.2177319996606,65.1415092714173,71.4828935348985
1,"Deaths",1797,"Plymouth County",25023,508,"Chronic respiratory diseases",1,"Male",27,"Age-standardized",2003,"Rate",67.6366588149729,64.6127413496399,71.1031287756443
1,"Deaths",1797,"Plymouth County",25023,508,"Chronic respiratory diseases",1,"Male",27,"Age-standardized",2004,"Rate",66.7535502636135,63.6171360099399,70.3077737625178
1,"Deaths",1797,"Plymouth County",25023,508,"Chronic respiratory diseases",1,"Male",27,"Age-standardized",2005,"Rate",64.3442793005871,61.3365924255638,67.4580276375851
1,"Deaths",1797,"Plymouth County",25023,508,"Chronic respiratory diseases",1,"Male",27,"Age-standardized",2006,"Rate",65.2189974864792,62.1079016573711,68.437283238726
1,"Deaths",1797,"Plymouth County",25023,508,"Chronic respiratory diseases",1,"Male",27,"Age-standardized",2007,"Rate",61.4329827479798,58.5314649965293,64.4938895631313
1,"Deaths",1797,"Plymouth County",25023,508,"Chronic respiratory diseases",1,"Male",27,"Age-standardized",2008,"Rate",61.8056898989201,58.8869344586656,64.819514720601
1,"Deaths",1797,"Plymouth County",25023,508,"Chronic respiratory diseases",1,"Male",27,"Age-standardized",2009,"Rate",57.5133721674448,54.5927716346635,60.2727935197631
1,"Deaths",1797,"Plymouth County",25023,508,"Chronic respiratory diseases",1,"Male",27,"Age-standardized",2010,"Rate",60.1909342216653,57.2294524132189,63.1382098091407
1,"Deaths",1797,"Plymouth County",25023,508,"Chronic respiratory diseases",1,"Male",27,"Age-standardized",2011,"Rate",62.3467256079183,59.3855702124134,65.3029350029947
1,"Deaths",1797,"Plymouth County",25023,508,"Chronic respiratory diseases",1,"Male",27,"Age-standardized",2012,"Rate",54.2052815951218,51.4533536085454,57.0288037509942
1,"Deaths",1797,"Plymouth County",25023,508,"Chronic respiratory diseases",1,"Male",27,"Age-standardized",2013,"Rate",56.9196767264332,54.1623823128725,59.987354300265
1,"Deaths",1797,"Plymouth County",25023,508,"Chronic respiratory diseases",1,"Male",27,"Age-standardized",2014,"Rate",59.7049238776607,56.6514932794997,62.9127613994228
1,"Deaths",1797,"Plymouth County",25023,508,"Chronic respiratory diseases",2,"Female",27,"Age-standardized",1980,"Rate",24.5026230113857,22.9340991413227,26.244022254246
1,"Deaths",1797,"Plymouth County",25023,508,"Chronic respiratory diseases",2,"Female",27,"Age-standardized",1981,"Rate",24.548561879414,23.0252273601555,26.1476583714816
1,"Deaths",1797,"Plymouth County",25023,508,"Chronic respiratory diseases",2,"Female",27,"Age-standardized",1982,"Rate",24.3163646007532,22.7674362252867,25.7625458874451
1,"Deaths",1797,"Plymouth County",25023,508,"Chronic respiratory diseases",2,"Female",27,"Age-standardized",1983,"Rate",25.4593601063967,23.9523354774542,27.0954209140212
1,"Deaths",1797,"Plymouth County",25023,508,"Chronic respiratory diseases",2,"Female",27,"Age-standardized",1984,"Rate",26.0578808302372,24.4708286090205,27.7414724346666
1,"Deaths",1797,"Plymouth County",25023,508,"Chronic respiratory diseases",2,"Female",27,"Age-standardized",1985,"Rate",27.0354626177604,25.4173238120335,28.7179100901703
1,"Deaths",1797,"Plymouth County",25023,508,"Chronic respiratory diseases",2,"Female",27,"Age-standardized",1986,"Rate",29.6441000897511,27.8609907830778,31.4765754136969
1,"Deaths",1797,"Plymouth County",25023,508,"Chronic respiratory diseases",2,"Female",27,"Age-standardized",1987,"Rate",29.7063321619452,28.0687585723438,31.4234859105236
1,"Deaths",1797,"Plymouth County",25023,508,"Chronic respiratory diseases",2,"Female",27,"Age-standardized",1988,"Rate",30.5709761761884,28.9737183141515,32.2893615206668
1,"Deaths",1797,"Plymouth County",25023,508,"Chronic respiratory diseases",2,"Female",27,"Age-standardized",1989,"Rate",31.0950609582755,29.3417342638894,32.8450703903585
1,"Deaths",1797,"Plymouth County",25023,508,"Chronic respiratory diseases",2,"Female",27,"Age-standardized",1990,"Rate",31.2960934858889,29.6757636839693,33.011130827921
1,"Deaths",1797,"Plymouth County",25023,508,"Chronic respiratory diseases",2,"Female",27,"Age-standardized",1991,"Rate",32.230667433006,30.5983572199707,33.9780694315713
1,"Deaths",1797,"Plymouth County",25023,508,"Chronic respiratory diseases",2,"Female",27,"Age-standardized",1992,"Rate",34.6461795509302,32.944308253249,36.5305770502486
1,"Deaths",1797,"Plymouth County",25023,508,"Chronic respiratory diseases",2,"Female",27,"Age-standardized",1993,"Rate",36.9062148582764,35.0869623602555,38.9727103115165
1,"Deaths",1797,"Plymouth County",25023,508,"Chronic respiratory diseases",2,"Female",27,"Age-standardized",1994,"Rate",39.1500361975851,37.1241614953168,41.1170251257969
1,"Deaths",1797,"Plymouth County",25023,508,"Chronic respiratory diseases",2,"Female",27,"Age-standardized",1995,"Rate",39.4480401885567,37.484533263524,41.4350937440021
1,"Deaths",1797,"Plymouth County",25023,508,"Chronic respiratory diseases",2,"Female",27,"Age-standardized",1996,"Rate",42.3958589180294,40.3328500790315,44.5252376450732
1,"Deaths",1797,"Plymouth County",25023,508,"Chronic respiratory diseases",2,"Female",27,"Age-standardized",1997,"Rate",42.9300792245084,40.9100771088276,45.2016303116423
1,"Deaths",1797,"Plymouth County",25023,508,"Chronic respiratory diseases",2,"Female",27,"Age-standardized",1998,"Rate",42.4840811802806,40.3374413198228,44.6280347416474
1,"Deaths",1797,"Plymouth County",25023,508,"Chronic respiratory diseases",2,"Female",27,"Age-standardized",1999,"Rate",44.8665511987597,42.7518050219245,47.0997111333563
1,"Deaths",1797,"Plymouth County",25023,508,"Chronic respiratory diseases",2,"Female",27,"Age-standardized",2000,"Rate",46.345939561772,44.1404503973719,48.7033123702694
1,"Deaths",1797,"Plymouth County",25023,508,"Chronic respiratory diseases",2,"Female",27,"Age-standardized",2001,"Rate",50.2545559884494,47.8371615211613,52.5833090800003
1,"Deaths",1797,"Plymouth County",25023,508,"Chronic respiratory diseases",2,"Female",27,"Age-standardized",2002,"Rate",52.0357231489637,49.4564986741162,54.6156344830794
1,"Deaths",1797,"Plymouth County",25023,508,"Chronic respiratory diseases",2,"Female",27,"Age-standardized",2003,"Rate",49.1998774006553,46.7470024022357,51.6103328816666
1,"Deaths",1797,"Plymouth County",25023,508,"Chronic respiratory diseases",2,"Female",27,"Age-standardized",2004,"Rate",46.0549880324989,43.8812905673728,48.2645088411792
1,"Deaths",1797,"Plymouth County",25023,508,"Chronic respiratory diseases",2,"Female",27,"Age-standardized",2005,"Rate",48.7202553040358,46.4865896837768,51.2113138624313
1,"Deaths",1797,"Plymouth County",25023,508,"Chronic respiratory diseases",2,"Female",27,"Age-standardized",2006,"Rate",47.5682644367715,45.3536633798139,49.8490365456979
1,"Deaths",1797,"Plymouth County",25023,508,"Chronic respiratory diseases",2,"Female",27,"Age-standardized",2007,"Rate",44.8081972495243,42.7137227111996,47.1398581090717
1,"Deaths",1797,"Plymouth County",25023,508,"Chronic respiratory diseases",2,"Female",27,"Age-standardized",2008,"Rate",45.0237430928686,42.875761481144,47.2227161733409
1,"Deaths",1797,"Plymouth County",25023,508,"Chronic respiratory diseases",2,"Female",27,"Age-standardized",2009,"Rate",45.9192404378688,43.8164101687192,48.2006919694783
1,"Deaths",1797,"Plymouth County",25023,508,"Chronic respiratory diseases",2,"Female",27,"Age-standardized",2010,"Rate",46.9203128889861,44.7184160047983,49.2206898955355
1,"Deaths",1797,"Plymouth County",25023,508,"Chronic respiratory diseases",2,"Female",27,"Age-standardized",2011,"Rate",45.4932829329929,43.1985021798612,47.8741219382305
1,"Deaths",1797,"Plymouth County",25023,508,"Chronic respiratory diseases",2,"Female",27,"Age-standardized",2012,"Rate",44.8021869225062,42.5855749399049,47.1898327390712
1,"Deaths",1797,"Plymouth County",25023,508,"Chronic respiratory diseases",2,"Female",27,"Age-standardized",2013,"Rate",45.068508959348,42.7012568522982,47.5792103340211
1,"Deaths",1797,"Plymouth County",25023,508,"Chronic respiratory diseases",2,"Female",27,"Age-standardized",2014,"Rate",45.2072546405004,42.8287620502634,47.7318430709178
1,"Deaths",1797,"Plymouth County",25023,508,"Chronic respiratory diseases",3,"Both",27,"Age-standardized",1980,"Rate",38.3936260052893,36.7417807740506,40.0584161515829
1,"Deaths",1797,"Plymouth County",25023,508,"Chronic respiratory diseases",3,"Both",27,"Age-standardized",1981,"Rate",37.9643474474528,36.4159014376517,39.7514436133265
1,"Deaths",1797,"Plymouth County",25023,508,"Chronic respiratory diseases",3,"Both",27,"Age-standardized",1982,"Rate",38.2351521538978,36.6122332846614,39.7243144491378
1,"Deaths",1797,"Plymouth County",25023,508,"Chronic respiratory diseases",3,"Both",27,"Age-standardized",1983,"Rate",39.7406257222966,38.1321530334997,41.2545197059074
1,"Deaths",1797,"Plymouth County",25023,508,"Chronic respiratory diseases",3,"Both",27,"Age-standardized",1984,"Rate",40.1823159014238,38.5664184723403,41.8723898573877
1,"Deaths",1797,"Plymouth County",25023,508,"Chronic respiratory diseases",3,"Both",27,"Age-standardized",1985,"Rate",40.5843514134255,39.0361492064307,42.2778376206499
1,"Deaths",1797,"Plymouth County",25023,508,"Chronic respiratory diseases",3,"Both",27,"Age-standardized",1986,"Rate",43.289416118002,41.540269991984,45.1263006544091
1,"Deaths",1797,"Plymouth County",25023,508,"Chronic respiratory diseases",3,"Both",27,"Age-standardized",1987,"Rate",43.1274556467452,41.5742220469117,44.6743495304193
1,"Deaths",1797,"Plymouth County",25023,508,"Chronic respiratory diseases",3,"Both",27,"Age-standardized",1988,"Rate",42.8045979118387,41.0527398390518,44.4006256971855
1,"Deaths",1797,"Plymouth County",25023,508,"Chronic respiratory diseases",3,"Both",27,"Age-standardized",1989,"Rate",42.9419137587116,41.4270876793382,44.5838907146585
1,"Deaths",1797,"Plymouth County",25023,508,"Chronic respiratory diseases",3,"Both",27,"Age-standardized",1990,"Rate",42.6793886927461,41.018790094486,44.4012779556562
1,"Deaths",1797,"Plymouth County",25023,508,"Chronic respiratory diseases",3,"Both",27,"Age-standardized",1991,"Rate",43.6860104140285,42.0122888735564,45.4324072059044
1,"Deaths",1797,"Plymouth County",25023,508,"Chronic respiratory diseases",3,"Both",27,"Age-standardized",1992,"Rate",44.8529750382889,43.2578542520977,46.6649779796094
1,"Deaths",1797,"Plymouth County",25023,508,"Chronic respiratory diseases",3,"Both",27,"Age-standardized",1993,"Rate",47.1943905118962,45.4978457889245,48.9732125312185
1,"Deaths",1797,"Plymouth County",25023,508,"Chronic respiratory diseases",3,"Both",27,"Age-standardized",1994,"Rate",49.4751710815937,47.591582271828,51.5016941321952
1,"Deaths",1797,"Plymouth County",25023,508,"Chronic respiratory diseases",3,"Both",27,"Age-standardized",1995,"Rate",48.8131078619107,47.1163067190263,50.6888394598205
1,"Deaths",1797,"Plymouth County",25023,508,"Chronic respiratory diseases",3,"Both",27,"Age-standardized",1996,"Rate",51.7443368607556,49.7941761009219,53.7982846870197
1,"Deaths",1797,"Plymouth County",25023,508,"Chronic respiratory diseases",3,"Both",27,"Age-standardized",1997,"Rate",52.2713072330816,50.4662685044908,54.3077846129186
1,"Deaths",1797,"Plymouth County",25023,508,"Chronic respiratory diseases",3,"Both",27,"Age-standardized",1998,"Rate",51.9750377577907,50.077613336962,53.9822035481761
1,"Deaths",1797,"Plymouth County",25023,508,"Chronic respiratory diseases",3,"Both",27,"Age-standardized",1999,"Rate",53.4791130092198,51.5487711478535,55.4141468764129
1,"Deaths",1797,"Plymouth County",25023,508,"Chronic respiratory diseases",3,"Both",27,"Age-standardized",2000,"Rate",54.3868214614619,52.467977892049,56.3017834565834
1,"Deaths",1797,"Plymouth County",25023,508,"Chronic respiratory diseases",3,"Both",27,"Age-standardized",2001,"Rate",57.8236875568894,55.6624460175475,59.8055750901668
1,"Deaths",1797,"Plymouth County",25023,508,"Chronic respiratory diseases",3,"Both",27,"Age-standardized",2002,"Rate",57.6235691836588,55.5467481406921,59.8021950319046
1,"Deaths",1797,"Plymouth County",25023,508,"Chronic respiratory diseases",3,"Both",27,"Age-standardized",2003,"Rate",55.8276952671116,53.8376132270818,57.8573634526369
1,"Deaths",1797,"Plymouth County",25023,508,"Chronic respiratory diseases",3,"Both",27,"Age-standardized",2004,"Rate",53.6488829134889,51.7783500498087,55.5314986390214
1,"Deaths",1797,"Plymouth County",25023,508,"Chronic respiratory diseases",3,"Both",27,"Age-standardized",2005,"Rate",54.3683013829013,52.409868776211,56.351218706933
1,"Deaths",1797,"Plymouth County",25023,508,"Chronic respiratory diseases",3,"Both",27,"Age-standardized",2006,"Rate",54.0718685583061,52.0914859768125,56.0727713978223
1,"Deaths",1797,"Plymouth County",25023,508,"Chronic respiratory diseases",3,"Both",27,"Age-standardized",2007,"Rate",51.0199804980663,49.2665904279384,52.8960103053356
1,"Deaths",1797,"Plymouth County",25023,508,"Chronic respiratory diseases",3,"Both",27,"Age-standardized",2008,"Rate",51.351734606687,49.5418306616838,53.0607095980326
1,"Deaths",1797,"Plymouth County",25023,508,"Chronic respiratory diseases",3,"Both",27,"Age-standardized",2009,"Rate",50.2346159160143,48.4068474168918,52.1036893543036
1,"Deaths",1797,"Plymouth County",25023,508,"Chronic respiratory diseases",3,"Both",27,"Age-standardized",2010,"Rate",51.9635802423696,50.0707655162513,53.9520893128909
1,"Deaths",1797,"Plymouth County",25023,508,"Chronic respiratory diseases",3,"Both",27,"Age-standardized",2011,"Rate",51.9761085133232,49.9048096573057,54.0394714136898
1,"Deaths",1797,"Plymouth County",25023,508,"Chronic respiratory diseases",3,"Both",27,"Age-standardized",2012,"Rate",48.3773626204739,46.5258342904975,50.3681383569975
1,"Deaths",1797,"Plymouth County",25023,508,"Chronic respiratory diseases",3,"Both",27,"Age-standardized",2013,"Rate",49.6326123497902,47.6989222396228,51.6735836786558
1,"Deaths",1797,"Plymouth County",25023,508,"Chronic respiratory diseases",3,"Both",27,"Age-standardized",2014,"Rate",50.9180930676486,48.8832274229587,52.8538680673408
1,"Deaths",1795,"Suffolk County",25025,508,"Chronic respiratory diseases",1,"Male",27,"Age-standardized",1980,"Rate",68.7887106886969,65.3613971005092,72.3579418329617
1,"Deaths",1795,"Suffolk County",25025,508,"Chronic respiratory diseases",1,"Male",27,"Age-standardized",1981,"Rate",67.6248916538078,64.2756764473439,71.0204691670925
1,"Deaths",1795,"Suffolk County",25025,508,"Chronic respiratory diseases",1,"Male",27,"Age-standardized",1982,"Rate",63.3940751160988,60.3572318825667,66.6129677270324
1,"Deaths",1795,"Suffolk County",25025,508,"Chronic respiratory diseases",1,"Male",27,"Age-standardized",1983,"Rate",67.2425642421859,63.9256684441764,70.651838948479
1,"Deaths",1795,"Suffolk County",25025,508,"Chronic respiratory diseases",1,"Male",27,"Age-standardized",1984,"Rate",67.8752907954618,64.6523694349682,71.1889515937189
1,"Deaths",1795,"Suffolk County",25025,508,"Chronic respiratory diseases",1,"Male",27,"Age-standardized",1985,"Rate",65.4598276021867,62.3213197908061,68.4538153293832
1,"Deaths",1795,"Suffolk County",25025,508,"Chronic respiratory diseases",1,"Male",27,"Age-standardized",1986,"Rate",66.9457369315017,63.7979880770821,70.2787757318133
1,"Deaths",1795,"Suffolk County",25025,508,"Chronic respiratory diseases",1,"Male",27,"Age-standardized",1987,"Rate",66.2636174672831,63.1022766311402,69.3203155369746
1,"Deaths",1795,"Suffolk County",25025,508,"Chronic respiratory diseases",1,"Male",27,"Age-standardized",1988,"Rate",66.4145827456502,63.501165079124,69.3066786761021
1,"Deaths",1795,"Suffolk County",25025,508,"Chronic respiratory diseases",1,"Male",27,"Age-standardized",1989,"Rate",67.1761964747022,64.0384133826007,70.2895524684809
1,"Deaths",1795,"Suffolk County",25025,508,"Chronic respiratory diseases",1,"Male",27,"Age-standardized",1990,"Rate",63.1365018846742,60.2510732570746,66.2277883419273
1,"Deaths",1795,"Suffolk County",25025,508,"Chronic respiratory diseases",1,"Male",27,"Age-standardized",1991,"Rate",64.9157452922533,62.2356907055429,67.9389103766301
1,"Deaths",1795,"Suffolk County",25025,508,"Chronic respiratory diseases",1,"Male",27,"Age-standardized",1992,"Rate",65.2044029322169,62.2380002950761,68.3519375945467
1,"Deaths",1795,"Suffolk County",25025,508,"Chronic respiratory diseases",1,"Male",27,"Age-standardized",1993,"Rate",66.3322849478999,63.2392090068476,69.6217255353891
1,"Deaths",1795,"Suffolk County",25025,508,"Chronic respiratory diseases",1,"Male",27,"Age-standardized",1994,"Rate",68.1648696447585,65.1089621592734,71.4851622189185
1,"Deaths",1795,"Suffolk County",25025,508,"Chronic respiratory diseases",1,"Male",27,"Age-standardized",1995,"Rate",64.3460703247981,61.7216187618146,67.2594190153424
1,"Deaths",1795,"Suffolk County",25025,508,"Chronic respiratory diseases",1,"Male",27,"Age-standardized",1996,"Rate",63.2759501040062,60.3832575626196,66.1908122378785
1,"Deaths",1795,"Suffolk County",25025,508,"Chronic respiratory diseases",1,"Male",27,"Age-standardized",1997,"Rate",61.6023912200242,58.7653402245174,64.4349482129798
1,"Deaths",1795,"Suffolk County",25025,508,"Chronic respiratory diseases",1,"Male",27,"Age-standardized",1998,"Rate",61.6139099032561,59.0031558896125,64.4035176055854
1,"Deaths",1795,"Suffolk County",25025,508,"Chronic respiratory diseases",1,"Male",27,"Age-standardized",1999,"Rate",63.4195723412309,60.7780257314287,66.2347659720522
1,"Deaths",1795,"Suffolk County",25025,508,"Chronic respiratory diseases",1,"Male",27,"Age-standardized",2000,"Rate",60.5733941888728,57.7227236302866,63.1437080004155
1,"Deaths",1795,"Suffolk County",25025,508,"Chronic respiratory diseases",1,"Male",27,"Age-standardized",2001,"Rate",61.5622927071008,59.040385160741,64.4528936897125
1,"Deaths",1795,"Suffolk County",25025,508,"Chronic respiratory diseases",1,"Male",27,"Age-standardized",2002,"Rate",59.9737903715064,57.406500292232,62.575727152102
1,"Deaths",1795,"Suffolk County",25025,508,"Chronic respiratory diseases",1,"Male",27,"Age-standardized",2003,"Rate",61.7530998278068,59.0823335140658,64.5740802551271
1,"Deaths",1795,"Suffolk County",25025,508,"Chronic respiratory diseases",1,"Male",27,"Age-standardized",2004,"Rate",59.3776266525574,56.7865128554224,62.2582591780636
1,"Deaths",1795,"Suffolk County",25025,508,"Chronic respiratory diseases",1,"Male",27,"Age-standardized",2005,"Rate",58.3660847204094,55.6623875774858,61.0364448190599
1,"Deaths",1795,"Suffolk County",25025,508,"Chronic respiratory diseases",1,"Male",27,"Age-standardized",2006,"Rate",55.972558443269,53.4295673153378,58.6881492411721
1,"Deaths",1795,"Suffolk County",25025,508,"Chronic respiratory diseases",1,"Male",27,"Age-standardized",2007,"Rate",52.7828510757885,50.003950800498,55.3434082256953
1,"Deaths",1795,"Suffolk County",25025,508,"Chronic respiratory diseases",1,"Male",27,"Age-standardized",2008,"Rate",53.9138680865667,51.3238876020524,56.523649352381
1,"Deaths",1795,"Suffolk County",25025,508,"Chronic respiratory diseases",1,"Male",27,"Age-standardized",2009,"Rate",50.4210971779436,48.1050239308652,52.9741207177253
1,"Deaths",1795,"Suffolk County",25025,508,"Chronic respiratory diseases",1,"Male",27,"Age-standardized",2010,"Rate",49.9362359602246,47.4477065959192,52.4159238532272
1,"Deaths",1795,"Suffolk County",25025,508,"Chronic respiratory diseases",1,"Male",27,"Age-standardized",2011,"Rate",49.2538996982588,46.8247673458006,51.7173222673602
1,"Deaths",1795,"Suffolk County",25025,508,"Chronic respiratory diseases",1,"Male",27,"Age-standardized",2012,"Rate",47.562954702,45.1858500488939,50.0832004737089
1,"Deaths",1795,"Suffolk County",25025,508,"Chronic respiratory diseases",1,"Male",27,"Age-standardized",2013,"Rate",48.1130658492908,45.5731166036991,50.7476943599041
1,"Deaths",1795,"Suffolk County",25025,508,"Chronic respiratory diseases",1,"Male",27,"Age-standardized",2014,"Rate",51.470753194634,48.7472107086507,54.3792531305671
1,"Deaths",1795,"Suffolk County",25025,508,"Chronic respiratory diseases",2,"Female",27,"Age-standardized",1980,"Rate",23.6938182590005,22.2101240483108,25.220815013733
1,"Deaths",1795,"Suffolk County",25025,508,"Chronic respiratory diseases",2,"Female",27,"Age-standardized",1981,"Rate",24.1908415275583,22.7183950243571,25.5994904461995
1,"Deaths",1795,"Suffolk County",25025,508,"Chronic respiratory diseases",2,"Female",27,"Age-standardized",1982,"Rate",23.5490412850581,22.1716181718156,24.9474695833792
1,"Deaths",1795,"Suffolk County",25025,508,"Chronic respiratory diseases",2,"Female",27,"Age-standardized",1983,"Rate",24.3528768752198,22.9918203221107,25.6343700780719
1,"Deaths",1795,"Suffolk County",25025,508,"Chronic respiratory diseases",2,"Female",27,"Age-standardized",1984,"Rate",25.6074329797962,24.2150304198115,27.0137896459336
1,"Deaths",1795,"Suffolk County",25025,508,"Chronic respiratory diseases",2,"Female",27,"Age-standardized",1985,"Rate",25.4146162533587,24.1054331902296,26.8569316776887
1,"Deaths",1795,"Suffolk County",25025,508,"Chronic respiratory diseases",2,"Female",27,"Age-standardized",1986,"Rate",27.0456319247652,25.6392877768762,28.5612547047614
1,"Deaths",1795,"Suffolk County",25025,508,"Chronic respiratory diseases",2,"Female",27,"Age-standardized",1987,"Rate",27.8612629714378,26.5032850453704,29.3489073924839
1,"Deaths",1795,"Suffolk County",25025,508,"Chronic respiratory diseases",2,"Female",27,"Age-standardized",1988,"Rate",30.2430893528595,28.7561881625125,31.7455306035245
1,"Deaths",1795,"Suffolk County",25025,508,"Chronic respiratory diseases",2,"Female",27,"Age-standardized",1989,"Rate",28.2500991834693,26.858771204901,29.5673723554076
1,"Deaths",1795,"Suffolk County",25025,508,"Chronic respiratory diseases",2,"Female",27,"Age-standardized",1990,"Rate",30.5448120309964,29.1105383030605,32.0541823062839
1,"Deaths",1795,"Suffolk County",25025,508,"Chronic respiratory diseases",2,"Female",27,"Age-standardized",1991,"Rate",29.7871530889498,28.3464693198163,31.2969826490881
1,"Deaths",1795,"Suffolk County",25025,508,"Chronic respiratory diseases",2,"Female",27,"Age-standardized",1992,"Rate",31.8950835199461,30.4079942807085,33.4842758440043
1,"Deaths",1795,"Suffolk County",25025,508,"Chronic respiratory diseases",2,"Female",27,"Age-standardized",1993,"Rate",33.0601495147718,31.4545145186312,34.6723429288252
1,"Deaths",1795,"Suffolk County",25025,508,"Chronic respiratory diseases",2,"Female",27,"Age-standardized",1994,"Rate",33.0138358049595,31.3986908743825,34.7121866675035
1,"Deaths",1795,"Suffolk County",25025,508,"Chronic respiratory diseases",2,"Female",27,"Age-standardized",1995,"Rate",34.8333559747163,33.1696270545488,36.5678757655952
1,"Deaths",1795,"Suffolk County",25025,508,"Chronic respiratory diseases",2,"Female",27,"Age-standardized",1996,"Rate",34.1834929298235,32.594404723339,35.7998493260847
1,"Deaths",1795,"Suffolk County",25025,508,"Chronic respiratory diseases",2,"Female",27,"Age-standardized",1997,"Rate",35.9520287170389,34.4103031175958,37.7443186108168
1,"Deaths",1795,"Suffolk County",25025,508,"Chronic respiratory diseases",2,"Female",27,"Age-standardized",1998,"Rate",37.2003965448039,35.4074187771012,38.9810976355055
1,"Deaths",1795,"Suffolk County",25025,508,"Chronic respiratory diseases",2,"Female",27,"Age-standardized",1999,"Rate",38.3814870135091,36.603503319743,40.1785482036778
1,"Deaths",1795,"Suffolk County",25025,508,"Chronic respiratory diseases",2,"Female",27,"Age-standardized",2000,"Rate",39.0518228638007,37.2697856372553,40.8393632904233
1,"Deaths",1795,"Suffolk County",25025,508,"Chronic respiratory diseases",2,"Female",27,"Age-standardized",2001,"Rate",38.6262554796199,36.9006002775779,40.2439015754297
1,"Deaths",1795,"Suffolk County",25025,508,"Chronic respiratory diseases",2,"Female",27,"Age-standardized",2002,"Rate",38.3433192706464,36.6178805617112,40.1767970325973
1,"Deaths",1795,"Suffolk County",25025,508,"Chronic respiratory diseases",2,"Female",27,"Age-standardized",2003,"Rate",39.5918888649261,37.7083151037228,41.5088002712254
1,"Deaths",1795,"Suffolk County",25025,508,"Chronic respiratory diseases",2,"Female",27,"Age-standardized",2004,"Rate",38.7720953732689,36.9036803611023,40.6098975874848
1,"Deaths",1795,"Suffolk County",25025,508,"Chronic respiratory diseases",2,"Female",27,"Age-standardized",2005,"Rate",38.5066507341632,36.6998853187327,40.3407421980524
1,"Deaths",1795,"Suffolk County",25025,508,"Chronic respiratory diseases",2,"Female",27,"Age-standardized",2006,"Rate",37.1294953299278,35.3736000144497,38.944657940988
1,"Deaths",1795,"Suffolk County",25025,508,"Chronic respiratory diseases",2,"Female",27,"Age-standardized",2007,"Rate",36.9124951104499,35.1825530178308,38.6931526934308
1,"Deaths",1795,"Suffolk County",25025,508,"Chronic respiratory diseases",2,"Female",27,"Age-standardized",2008,"Rate",36.387039576598,34.6002170192307,38.2280691879435
1,"Deaths",1795,"Suffolk County",25025,508,"Chronic respiratory diseases",2,"Female",27,"Age-standardized",2009,"Rate",35.1316269492365,33.4834399248406,36.9638435414759
1,"Deaths",1795,"Suffolk County",25025,508,"Chronic respiratory diseases",2,"Female",27,"Age-standardized",2010,"Rate",34.4490579022104,32.6818933406417,36.1793265909549
1,"Deaths",1795,"Suffolk County",25025,508,"Chronic respiratory diseases",2,"Female",27,"Age-standardized",2011,"Rate",35.3935784008195,33.7142785181074,37.2728491020882
1,"Deaths",1795,"Suffolk County",25025,508,"Chronic respiratory diseases",2,"Female",27,"Age-standardized",2012,"Rate",33.7987947252172,32.041818103504,35.6100606466332
1,"Deaths",1795,"Suffolk County",25025,508,"Chronic respiratory diseases",2,"Female",27,"Age-standardized",2013,"Rate",34.3678114133827,32.4981990376444,36.2962834227165
1,"Deaths",1795,"Suffolk County",25025,508,"Chronic respiratory diseases",2,"Female",27,"Age-standardized",2014,"Rate",32.4162659859539,30.6559402587238,34.3753450307293
1,"Deaths",1795,"Suffolk County",25025,508,"Chronic respiratory diseases",3,"Both",27,"Age-standardized",1980,"Rate",39.4120362128276,37.8189731310869,41.0115244510203
1,"Deaths",1795,"Suffolk County",25025,508,"Chronic respiratory diseases",3,"Both",27,"Age-standardized",1981,"Rate",39.2426357692708,37.7626134142308,40.6895167839942
1,"Deaths",1795,"Suffolk County",25025,508,"Chronic respiratory diseases",3,"Both",27,"Age-standardized",1982,"Rate",37.2443128155427,35.8746089417526,38.7045423027231
1,"Deaths",1795,"Suffolk County",25025,508,"Chronic respiratory diseases",3,"Both",27,"Age-standardized",1983,"Rate",39.0458697141591,37.5660050282216,40.4877077328417
1,"Deaths",1795,"Suffolk County",25025,508,"Chronic respiratory diseases",3,"Both",27,"Age-standardized",1984,"Rate",40.0554487347184,38.6485713287521,41.5728512620924
1,"Deaths",1795,"Suffolk County",25025,508,"Chronic respiratory diseases",3,"Both",27,"Age-standardized",1985,"Rate",39.0337070095173,37.6523344564744,40.4902053926129
1,"Deaths",1795,"Suffolk County",25025,508,"Chronic respiratory diseases",3,"Both",27,"Age-standardized",1986,"Rate",40.5668417693733,39.099768497417,42.156443677922
1,"Deaths",1795,"Suffolk County",25025,508,"Chronic respiratory diseases",3,"Both",27,"Age-standardized",1987,"Rate",40.8476743322945,39.3084292409533,42.3113284691774
1,"Deaths",1795,"Suffolk County",25025,508,"Chronic respiratory diseases",3,"Both",27,"Age-standardized",1988,"Rate",42.4325680912743,40.8857905457532,43.8567115547076
1,"Deaths",1795,"Suffolk County",25025,508,"Chronic respiratory diseases",3,"Both",27,"Age-standardized",1989,"Rate",41.467599422426,39.9250744664313,42.9698684500893
1,"Deaths",1795,"Suffolk County",25025,508,"Chronic respiratory diseases",3,"Both",27,"Age-standardized",1990,"Rate",41.4893856583399,40.0140380109452,42.9606144939085
1,"Deaths",1795,"Suffolk County",25025,508,"Chronic respiratory diseases",3,"Both",27,"Age-standardized",1991,"Rate",41.725393494118,40.3775350905685,43.1520150074137
1,"Deaths",1795,"Suffolk County",25025,508,"Chronic respiratory diseases",3,"Both",27,"Age-standardized",1992,"Rate",43.2082178237333,41.6827979574007,44.8403128298019
1,"Deaths",1795,"Suffolk County",25025,508,"Chronic respiratory diseases",3,"Both",27,"Age-standardized",1993,"Rate",44.3832450695704,42.8648535375412,45.9871022659523
1,"Deaths",1795,"Suffolk County",25025,508,"Chronic respiratory diseases",3,"Both",27,"Age-standardized",1994,"Rate",45.103462348031,43.4702224845432,46.6870053534951
1,"Deaths",1795,"Suffolk County",25025,508,"Chronic respiratory diseases",3,"Both",27,"Age-standardized",1995,"Rate",45.0022216392109,43.4803719171343,46.6287358171679
1,"Deaths",1795,"Suffolk County",25025,508,"Chronic respiratory diseases",3,"Both",27,"Age-standardized",1996,"Rate",44.2413143274679,42.7274938781093,45.8970166360665
1,"Deaths",1795,"Suffolk County",25025,508,"Chronic respiratory diseases",3,"Both",27,"Age-standardized",1997,"Rate",44.8365060714873,43.2571880237028,46.3943042420789
1,"Deaths",1795,"Suffolk County",25025,508,"Chronic respiratory diseases",3,"Both",27,"Age-standardized",1998,"Rate",45.6848948924829,44.1381815554967,47.3294948645409
1,"Deaths",1795,"Suffolk County",25025,508,"Chronic respiratory diseases",3,"Both",27,"Age-standardized",1999,"Rate",47.1267172760831,45.5098914874424,48.8259637438464
1,"Deaths",1795,"Suffolk County",25025,508,"Chronic respiratory diseases",3,"Both",27,"Age-standardized",2000,"Rate",46.6121473321944,45.0283073589777,48.1851029239238
1,"Deaths",1795,"Suffolk County",25025,508,"Chronic respiratory diseases",3,"Both",27,"Age-standardized",2001,"Rate",46.8364554390138,45.2679539478924,48.3890974341758
1,"Deaths",1795,"Suffolk County",25025,508,"Chronic respiratory diseases",3,"Both",27,"Age-standardized",2002,"Rate",46.1809877031633,44.6468416955573,47.7725970374576
1,"Deaths",1795,"Suffolk County",25025,508,"Chronic respiratory diseases",3,"Both",27,"Age-standardized",2003,"Rate",47.7004613782935,46.0698592760928,49.3535188824351
1,"Deaths",1795,"Suffolk County",25025,508,"Chronic respiratory diseases",3,"Both",27,"Age-standardized",2004,"Rate",46.3665751641235,44.6955242046777,47.9275847110938
1,"Deaths",1795,"Suffolk County",25025,508,"Chronic respiratory diseases",3,"Both",27,"Age-standardized",2005,"Rate",45.8826082800387,44.2534591578978,47.4669770981373
1,"Deaths",1795,"Suffolk County",25025,508,"Chronic respiratory diseases",3,"Both",27,"Age-standardized",2006,"Rate",44.2117938608677,42.4704531663298,45.9197006634038
1,"Deaths",1795,"Suffolk County",25025,508,"Chronic respiratory diseases",3,"Both",27,"Age-standardized",2007,"Rate",42.8634347934228,41.3086249322722,44.4704578053483
1,"Deaths",1795,"Suffolk County",25025,508,"Chronic respiratory diseases",3,"Both",27,"Age-standardized",2008,"Rate",43.0356168809462,41.3222182728464,44.6356539848902
1,"Deaths",1795,"Suffolk County",25025,508,"Chronic respiratory diseases",3,"Both",27,"Age-standardized",2009,"Rate",40.9065706028399,39.4591390556064,42.4027349003514
1,"Deaths",1795,"Suffolk County",25025,508,"Chronic respiratory diseases",3,"Both",27,"Age-standardized",2010,"Rate",40.357375233302,38.8646213987532,41.8024598850143
1,"Deaths",1795,"Suffolk County",25025,508,"Chronic respiratory diseases",3,"Both",27,"Age-standardized",2011,"Rate",40.6993222655124,39.2762951213234,42.2645178953071
1,"Deaths",1795,"Suffolk County",25025,508,"Chronic respiratory diseases",3,"Both",27,"Age-standardized",2012,"Rate",39.1061659094945,37.5906158350893,40.6835963614889
1,"Deaths",1795,"Suffolk County",25025,508,"Chronic respiratory diseases",3,"Both",27,"Age-standardized",2013,"Rate",39.7411443560315,38.1344541493506,41.3877606585026
1,"Deaths",1795,"Suffolk County",25025,508,"Chronic respiratory diseases",3,"Both",27,"Age-standardized",2014,"Rate",39.9366703786442,38.29664202644,41.7614556434904
1,"Deaths",1793,"Worcester County",25027,508,"Chronic respiratory diseases",1,"Male",27,"Age-standardized",1980,"Rate",61.5383886954973,58.4406815562129,64.8267837801131
1,"Deaths",1793,"Worcester County",25027,508,"Chronic respiratory diseases",1,"Male",27,"Age-standardized",1981,"Rate",59.0036207514105,56.1458660953965,62.1365600806835
1,"Deaths",1793,"Worcester County",25027,508,"Chronic respiratory diseases",1,"Male",27,"Age-standardized",1982,"Rate",57.237426054349,54.4625090797907,60.1504199948365
1,"Deaths",1793,"Worcester County",25027,508,"Chronic respiratory diseases",1,"Male",27,"Age-standardized",1983,"Rate",62.1563586356558,59.1480458498372,65.3139789758677
1,"Deaths",1793,"Worcester County",25027,508,"Chronic respiratory diseases",1,"Male",27,"Age-standardized",1984,"Rate",63.4084119901727,60.5235891435433,66.3938456464558
1,"Deaths",1793,"Worcester County",25027,508,"Chronic respiratory diseases",1,"Male",27,"Age-standardized",1985,"Rate",62.5047372574387,59.6733238495341,65.5442168696505
1,"Deaths",1793,"Worcester County",25027,508,"Chronic respiratory diseases",1,"Male",27,"Age-standardized",1986,"Rate",62.0237590835888,59.2194978895889,65.2222748351536
1,"Deaths",1793,"Worcester County",25027,508,"Chronic respiratory diseases",1,"Male",27,"Age-standardized",1987,"Rate",63.7107445810559,60.6444205860107,66.7135808850553
1,"Deaths",1793,"Worcester County",25027,508,"Chronic respiratory diseases",1,"Male",27,"Age-standardized",1988,"Rate",62.7945931223793,59.9148615301803,65.8924820794388
1,"Deaths",1793,"Worcester County",25027,508,"Chronic respiratory diseases",1,"Male",27,"Age-standardized",1989,"Rate",60.1045299438124,57.3023088099355,63.0008163660017
1,"Deaths",1793,"Worcester County",25027,508,"Chronic respiratory diseases",1,"Male",27,"Age-standardized",1990,"Rate",60.5426400619471,57.7720436063153,63.3431013675387
1,"Deaths",1793,"Worcester County",25027,508,"Chronic respiratory diseases",1,"Male",27,"Age-standardized",1991,"Rate",61.5590949466828,58.8151859446295,64.3579600235356
1,"Deaths",1793,"Worcester County",25027,508,"Chronic respiratory diseases",1,"Male",27,"Age-standardized",1992,"Rate",62.7401015870834,59.7781793829633,65.8767090122944
1,"Deaths",1793,"Worcester County",25027,508,"Chronic respiratory diseases",1,"Male",27,"Age-standardized",1993,"Rate",63.5984689623526,60.8904900565898,66.5447994187662
1,"Deaths",1793,"Worcester County",25027,508,"Chronic respiratory diseases",1,"Male",27,"Age-standardized",1994,"Rate",62.8916751554669,60.2715272914515,65.9953676685008
1,"Deaths",1793,"Worcester County",25027,508,"Chronic respiratory diseases",1,"Male",27,"Age-standardized",1995,"Rate",62.2102203942862,59.4896560971031,65.0492244861658
1,"Deaths",1793,"Worcester County",25027,508,"Chronic respiratory diseases",1,"Male",27,"Age-standardized",1996,"Rate",64.2700953267164,61.5347909848032,67.2801692550606
1,"Deaths",1793,"Worcester County",25027,508,"Chronic respiratory diseases",1,"Male",27,"Age-standardized",1997,"Rate",61.2105463892214,58.5182434608882,64.0256204908794
1,"Deaths",1793,"Worcester County",25027,508,"Chronic respiratory diseases",1,"Male",27,"Age-standardized",1998,"Rate",66.8649265827828,64.059766384374,70.0098231767691
1,"Deaths",1793,"Worcester County",25027,508,"Chronic respiratory diseases",1,"Male",27,"Age-standardized",1999,"Rate",66.3925005117542,63.4830675168581,69.3786788744309
1,"Deaths",1793,"Worcester County",25027,508,"Chronic respiratory diseases",1,"Male",27,"Age-standardized",2000,"Rate",66.9619266813471,64.0165413502226,70.0257534744183
1,"Deaths",1793,"Worcester County",25027,508,"Chronic respiratory diseases",1,"Male",27,"Age-standardized",2001,"Rate",66.2538291107153,63.5008296743778,68.991577062514
1,"Deaths",1793,"Worcester County",25027,508,"Chronic respiratory diseases",1,"Male",27,"Age-standardized",2002,"Rate",65.3695490385013,62.7403107432226,68.2484644259228
1,"Deaths",1793,"Worcester County",25027,508,"Chronic respiratory diseases",1,"Male",27,"Age-standardized",2003,"Rate",66.3075894876763,63.5841493543433,69.1567099998505
1,"Deaths",1793,"Worcester County",25027,508,"Chronic respiratory diseases",1,"Male",27,"Age-standardized",2004,"Rate",60.7421051524641,58.0064846556908,63.4216386223787
1,"Deaths",1793,"Worcester County",25027,508,"Chronic respiratory diseases",1,"Male",27,"Age-standardized",2005,"Rate",63.6330098318349,60.6925036656303,66.414131261094
1,"Deaths",1793,"Worcester County",25027,508,"Chronic respiratory diseases",1,"Male",27,"Age-standardized",2006,"Rate",60.3134932679112,57.7367126887549,63.0550066476512
1,"Deaths",1793,"Worcester County",25027,508,"Chronic respiratory diseases",1,"Male",27,"Age-standardized",2007,"Rate",59.3673829924988,56.8919033580225,61.9922055012835
1,"Deaths",1793,"Worcester County",25027,508,"Chronic respiratory diseases",1,"Male",27,"Age-standardized",2008,"Rate",59.219999001184,56.5563200397792,61.9615602997409
1,"Deaths",1793,"Worcester County",25027,508,"Chronic respiratory diseases",1,"Male",27,"Age-standardized",2009,"Rate",58.6352840586002,55.9350731293542,61.4202962162706
1,"Deaths",1793,"Worcester County",25027,508,"Chronic respiratory diseases",1,"Male",27,"Age-standardized",2010,"Rate",57.8029642301295,55.3364529605941,60.2445343943522
1,"Deaths",1793,"Worcester County",25027,508,"Chronic respiratory diseases",1,"Male",27,"Age-standardized",2011,"Rate",58.4819188197674,55.9191871332308,61.3373614512929
1,"Deaths",1793,"Worcester County",25027,508,"Chronic respiratory diseases",1,"Male",27,"Age-standardized",2012,"Rate",58.3828554912264,55.8017877051264,61.0205862170548
1,"Deaths",1793,"Worcester County",25027,508,"Chronic respiratory diseases",1,"Male",27,"Age-standardized",2013,"Rate",58.4875181423686,55.5460952081746,61.1922819793417
1,"Deaths",1793,"Worcester County",25027,508,"Chronic respiratory diseases",1,"Male",27,"Age-standardized",2014,"Rate",62.3403218873286,59.3840655103828,65.4410724274894
1,"Deaths",1793,"Worcester County",25027,508,"Chronic respiratory diseases",2,"Female",27,"Age-standardized",1980,"Rate",22.5432093819203,21.2355209840922,23.8752872615751
1,"Deaths",1793,"Worcester County",25027,508,"Chronic respiratory diseases",2,"Female",27,"Age-standardized",1981,"Rate",22.259458287994,21.0551943423605,23.52933232158
1,"Deaths",1793,"Worcester County",25027,508,"Chronic respiratory diseases",2,"Female",27,"Age-standardized",1982,"Rate",21.6829330320618,20.359489208195,22.8536734725706
1,"Deaths",1793,"Worcester County",25027,508,"Chronic respiratory diseases",2,"Female",27,"Age-standardized",1983,"Rate",23.0457095638525,21.8317955183643,24.3673804260079
1,"Deaths",1793,"Worcester County",25027,508,"Chronic respiratory diseases",2,"Female",27,"Age-standardized",1984,"Rate",23.42909167102,22.2188657423907,24.7123473440482
1,"Deaths",1793,"Worcester County",25027,508,"Chronic respiratory diseases",2,"Female",27,"Age-standardized",1985,"Rate",25.2490472360084,23.8699061795878,26.6337978592522
1,"Deaths",1793,"Worcester County",25027,508,"Chronic respiratory diseases",2,"Female",27,"Age-standardized",1986,"Rate",26.725218759259,25.32878419308,28.1842596519791
1,"Deaths",1793,"Worcester County",25027,508,"Chronic respiratory diseases",2,"Female",27,"Age-standardized",1987,"Rate",28.0730935378928,26.5469065172191,29.5528241620321
1,"Deaths",1793,"Worcester County",25027,508,"Chronic respiratory diseases",2,"Female",27,"Age-standardized",1988,"Rate",29.2012559402452,27.6600768302781,30.6538316726682
1,"Deaths",1793,"Worcester County",25027,508,"Chronic respiratory diseases",2,"Female",27,"Age-standardized",1989,"Rate",30.2472737046318,28.7089531527462,31.6753474092904
1,"Deaths",1793,"Worcester County",25027,508,"Chronic respiratory diseases",2,"Female",27,"Age-standardized",1990,"Rate",29.5523616681793,28.1156784410294,31.0492300440537
1,"Deaths",1793,"Worcester County",25027,508,"Chronic respiratory diseases",2,"Female",27,"Age-standardized",1991,"Rate",31.2712812989698,29.7446231580228,32.8886255628702
1,"Deaths",1793,"Worcester County",25027,508,"Chronic respiratory diseases",2,"Female",27,"Age-standardized",1992,"Rate",32.2104254570726,30.6402406168008,33.7993654817665
1,"Deaths",1793,"Worcester County",25027,508,"Chronic respiratory diseases",2,"Female",27,"Age-standardized",1993,"Rate",35.3945107575614,33.8079295189468,37.0367640098549
1,"Deaths",1793,"Worcester County",25027,508,"Chronic respiratory diseases",2,"Female",27,"Age-standardized",1994,"Rate",35.7513777718704,34.1588948614034,37.4228600835257
1,"Deaths",1793,"Worcester County",25027,508,"Chronic respiratory diseases",2,"Female",27,"Age-standardized",1995,"Rate",37.6819625026196,35.9465338299941,39.5221987692184
1,"Deaths",1793,"Worcester County",25027,508,"Chronic respiratory diseases",2,"Female",27,"Age-standardized",1996,"Rate",39.2255222176893,37.3866011929375,41.0061765131621
1,"Deaths",1793,"Worcester County",25027,508,"Chronic respiratory diseases",2,"Female",27,"Age-standardized",1997,"Rate",39.6795442262398,37.9073800360734,41.6090109334238
1,"Deaths",1793,"Worcester County",25027,508,"Chronic respiratory diseases",2,"Female",27,"Age-standardized",1998,"Rate",42.2624246338608,40.5121723391132,44.1517672996784
1,"Deaths",1793,"Worcester County",25027,508,"Chronic respiratory diseases",2,"Female",27,"Age-standardized",1999,"Rate",43.7849581062342,41.9473637741199,45.7077212384263
1,"Deaths",1793,"Worcester County",25027,508,"Chronic respiratory diseases",2,"Female",27,"Age-standardized",2000,"Rate",46.4232550762805,44.4422719990884,48.4302401492277
1,"Deaths",1793,"Worcester County",25027,508,"Chronic respiratory diseases",2,"Female",27,"Age-standardized",2001,"Rate",48.5492275285843,46.4112360971106,50.5294194097255
1,"Deaths",1793,"Worcester County",25027,508,"Chronic respiratory diseases",2,"Female",27,"Age-standardized",2002,"Rate",47.3351142687138,45.2675969339893,49.2903888849353
1,"Deaths",1793,"Worcester County",25027,508,"Chronic respiratory diseases",2,"Female",27,"Age-standardized",2003,"Rate",48.4912466835713,46.3575622109255,50.7256496493453
1,"Deaths",1793,"Worcester County",25027,508,"Chronic respiratory diseases",2,"Female",27,"Age-standardized",2004,"Rate",47.8380192813209,45.6744667313224,50.0685096093448
1,"Deaths",1793,"Worcester County",25027,508,"Chronic respiratory diseases",2,"Female",27,"Age-standardized",2005,"Rate",48.6706457514569,46.4971901411946,50.874952266972
1,"Deaths",1793,"Worcester County",25027,508,"Chronic respiratory diseases",2,"Female",27,"Age-standardized",2006,"Rate",48.2329505147757,46.0265635700906,50.4770119009599
1,"Deaths",1793,"Worcester County",25027,508,"Chronic respiratory diseases",2,"Female",27,"Age-standardized",2007,"Rate",47.3455853081942,45.2605395195744,49.470079487505
1,"Deaths",1793,"Worcester County",25027,508,"Chronic respiratory diseases",2,"Female",27,"Age-standardized",2008,"Rate",46.0976399787809,44.0507831058385,48.2513186623508
1,"Deaths",1793,"Worcester County",25027,508,"Chronic respiratory diseases",2,"Female",27,"Age-standardized",2009,"Rate",48.1219211064143,45.9318976591572,50.3984378671207
1,"Deaths",1793,"Worcester County",25027,508,"Chronic respiratory diseases",2,"Female",27,"Age-standardized",2010,"Rate",45.1730863929123,43.1575957211102,47.2754501038022
1,"Deaths",1793,"Worcester County",25027,508,"Chronic respiratory diseases",2,"Female",27,"Age-standardized",2011,"Rate",45.8019522367045,43.5728175470653,47.9894492319771
1,"Deaths",1793,"Worcester County",25027,508,"Chronic respiratory diseases",2,"Female",27,"Age-standardized",2012,"Rate",46.2464580587242,44.1912408037259,48.4728963834177
1,"Deaths",1793,"Worcester County",25027,508,"Chronic respiratory diseases",2,"Female",27,"Age-standardized",2013,"Rate",46.5674391335948,44.352665463542,48.8447597173318
1,"Deaths",1793,"Worcester County",25027,508,"Chronic respiratory diseases",2,"Female",27,"Age-standardized",2014,"Rate",45.2383680346576,42.9547541262112,47.6325156911059
1,"Deaths",1793,"Worcester County",25027,508,"Chronic respiratory diseases",3,"Both",27,"Age-standardized",1980,"Rate",36.2505493826483,34.6916860611412,37.7269101998302
1,"Deaths",1793,"Worcester County",25027,508,"Chronic respiratory diseases",3,"Both",27,"Age-standardized",1981,"Rate",35.0856786587616,33.6893206333903,36.4901890393185
1,"Deaths",1793,"Worcester County",25027,508,"Chronic respiratory diseases",3,"Both",27,"Age-standardized",1982,"Rate",34.0445748257628,32.7328571362484,35.3429001107619
1,"Deaths",1793,"Worcester County",25027,508,"Chronic respiratory diseases",3,"Both",27,"Age-standardized",1983,"Rate",36.6259673746401,35.2765335182849,38.0579920994207
1,"Deaths",1793,"Worcester County",25027,508,"Chronic respiratory diseases",3,"Both",27,"Age-standardized",1984,"Rate",37.3097082202918,35.897015767907,38.6904823363047
1,"Deaths",1793,"Worcester County",25027,508,"Chronic respiratory diseases",3,"Both",27,"Age-standardized",1985,"Rate",38.0730212946673,36.5660597160414,39.4068214604914
1,"Deaths",1793,"Worcester County",25027,508,"Chronic respiratory diseases",3,"Both",27,"Age-standardized",1986,"Rate",38.8458667405206,37.3933857258357,40.3377942199877
1,"Deaths",1793,"Worcester County",25027,508,"Chronic respiratory diseases",3,"Both",27,"Age-standardized",1987,"Rate",40.2664339970726,38.7324094593495,41.7268364596007
1,"Deaths",1793,"Worcester County",25027,508,"Chronic respiratory diseases",3,"Both",27,"Age-standardized",1988,"Rate",40.7043399208653,39.2064963737994,42.2128648411526
1,"Deaths",1793,"Worcester County",25027,508,"Chronic respiratory diseases",3,"Both",27,"Age-standardized",1989,"Rate",40.4363243687931,38.9263884113035,41.8147981527618
1,"Deaths",1793,"Worcester County",25027,508,"Chronic respiratory diseases",3,"Both",27,"Age-standardized",1990,"Rate",40.1716152421484,38.7156349614176,41.6339401313065
1,"Deaths",1793,"Worcester County",25027,508,"Chronic respiratory diseases",3,"Both",27,"Age-standardized",1991,"Rate",41.6257495104915,40.2223764682372,43.0456612815239
1,"Deaths",1793,"Worcester County",25027,508,"Chronic respiratory diseases",3,"Both",27,"Age-standardized",1992,"Rate",42.6839252168435,41.1061519966981,44.218131148803
1,"Deaths",1793,"Worcester County",25027,508,"Chronic respiratory diseases",3,"Both",27,"Age-standardized",1993,"Rate",45.0320883258052,43.6390508198717,46.6321071080776
1,"Deaths",1793,"Worcester County",25027,508,"Chronic respiratory diseases",3,"Both",27,"Age-standardized",1994,"Rate",45.0899604958204,43.6875497988922,46.6889272873449
1,"Deaths",1793,"Worcester County",25027,508,"Chronic respiratory diseases",3,"Both",27,"Age-standardized",1995,"Rate",46.0550252122319,44.536185613641,47.7002421671373
1,"Deaths",1793,"Worcester County",25027,508,"Chronic respiratory diseases",3,"Both",27,"Age-standardized",1996,"Rate",47.823798709213,46.0977567209871,49.4612113676568
1,"Deaths",1793,"Worcester County",25027,508,"Chronic respiratory diseases",3,"Both",27,"Age-standardized",1997,"Rate",46.9889813103693,45.3757308854709,48.6795599141431
1,"Deaths",1793,"Worcester County",25027,508,"Chronic respiratory diseases",3,"Both",27,"Age-standardized",1998,"Rate",50.7850615162965,49.1189656588265,52.4505084690147
1,"Deaths",1793,"Worcester County",25027,508,"Chronic respiratory diseases",3,"Both",27,"Age-standardized",1999,"Rate",51.5979257490805,49.9541104617341,53.302932860734
1,"Deaths",1793,"Worcester County",25027,508,"Chronic respiratory diseases",3,"Both",27,"Age-standardized",2000,"Rate",53.5353945024594,51.5844012356533,55.3744472181386
1,"Deaths",1793,"Worcester County",25027,508,"Chronic respiratory diseases",3,"Both",27,"Age-standardized",2001,"Rate",54.6226653305124,52.8990512416795,56.4823484946855
1,"Deaths",1793,"Worcester County",25027,508,"Chronic respiratory diseases",3,"Both",27,"Age-standardized",2002,"Rate",53.6023348304026,51.9232794862348,55.3717641653229
1,"Deaths",1793,"Worcester County",25027,508,"Chronic respiratory diseases",3,"Both",27,"Age-standardized",2003,"Rate",54.6913319453987,52.87890830245,56.5264162293877
1,"Deaths",1793,"Worcester County",25027,508,"Chronic respiratory diseases",3,"Both",27,"Age-standardized",2004,"Rate",52.2531027937822,50.5184132944644,54.0630379905393
1,"Deaths",1793,"Worcester County",25027,508,"Chronic respiratory diseases",3,"Both",27,"Age-standardized",2005,"Rate",53.9468042010592,52.0977796207182,55.7754292917207
1,"Deaths",1793,"Worcester County",25027,508,"Chronic respiratory diseases",3,"Both",27,"Age-standardized",2006,"Rate",52.485168060853,50.6856050212117,54.2314752656954
1,"Deaths",1793,"Worcester County",25027,508,"Chronic respiratory diseases",3,"Both",27,"Age-standardized",2007,"Rate",51.6743956976453,50.0100220842631,53.4109362780548
1,"Deaths",1793,"Worcester County",25027,508,"Chronic respiratory diseases",3,"Both",27,"Age-standardized",2008,"Rate",50.8743325073686,49.1768306578764,52.6837983827111
1,"Deaths",1793,"Worcester County",25027,508,"Chronic respiratory diseases",3,"Both",27,"Age-standardized",2009,"Rate",51.9219900685671,50.0783067398401,53.9170934820242
1,"Deaths",1793,"Worcester County",25027,508,"Chronic respiratory diseases",3,"Both",27,"Age-standardized",2010,"Rate",49.8494751724409,48.2141578483669,51.5466010001154
1,"Deaths",1793,"Worcester County",25027,508,"Chronic respiratory diseases",3,"Both",27,"Age-standardized",2011,"Rate",50.5465255987569,48.8225636412882,52.449323645692
1,"Deaths",1793,"Worcester County",25027,508,"Chronic respiratory diseases",3,"Both",27,"Age-standardized",2012,"Rate",50.7738083131421,49.0132629282836,52.5056815236744
1,"Deaths",1793,"Worcester County",25027,508,"Chronic respiratory diseases",3,"Both",27,"Age-standardized",2013,"Rate",50.9949638727544,49.1274587697811,52.8737718928279
1,"Deaths",1793,"Worcester County",25027,508,"Chronic respiratory diseases",3,"Both",27,"Age-standardized",2014,"Rate",51.870860698927,49.9509810435114,54.0029900513333
1,"Deaths",544,"Massachusetts",25,509,"Chronic obstructive pulmonary disease",1,"Male",27,"Age-standardized",1980,"Rate",57.2479128575427,54.3222242112676,59.6870773393189
1,"Deaths",544,"Massachusetts",25,509,"Chronic obstructive pulmonary disease",1,"Male",27,"Age-standardized",1981,"Rate",55.2960581029951,52.6551078794103,57.5315899334428
1,"Deaths",544,"Massachusetts",25,509,"Chronic obstructive pulmonary disease",1,"Male",27,"Age-standardized",1982,"Rate",54.3132826683141,51.3543129753751,56.4804637862228
1,"Deaths",544,"Massachusetts",25,509,"Chronic obstructive pulmonary disease",1,"Male",27,"Age-standardized",1983,"Rate",56.5767600544101,53.8286473113294,58.6590346652842
1,"Deaths",544,"Massachusetts",25,509,"Chronic obstructive pulmonary disease",1,"Male",27,"Age-standardized",1984,"Rate",57.41016233295,54.4508947000981,59.5128644616313
1,"Deaths",544,"Massachusetts",25,509,"Chronic obstructive pulmonary disease",1,"Male",27,"Age-standardized",1985,"Rate",56.7515536689693,54.0310032151985,58.9434480022045
1,"Deaths",544,"Massachusetts",25,509,"Chronic obstructive pulmonary disease",1,"Male",27,"Age-standardized",1986,"Rate",56.8348648292,54.0159695989175,58.873675220764
1,"Deaths",544,"Massachusetts",25,509,"Chronic obstructive pulmonary disease",1,"Male",27,"Age-standardized",1987,"Rate",56.7622636440242,54.1646535308565,58.8182601545996
1,"Deaths",544,"Massachusetts",25,509,"Chronic obstructive pulmonary disease",1,"Male",27,"Age-standardized",1988,"Rate",56.2044001473856,53.6730834293287,58.1675329514679
1,"Deaths",544,"Massachusetts",25,509,"Chronic obstructive pulmonary disease",1,"Male",27,"Age-standardized",1989,"Rate",54.0972334025287,51.7143231629515,55.8850835600871
1,"Deaths",544,"Massachusetts",25,509,"Chronic obstructive pulmonary disease",1,"Male",27,"Age-standardized",1990,"Rate",52.6790874738947,50.5370114472411,54.4247888385351
1,"Deaths",544,"Massachusetts",25,509,"Chronic obstructive pulmonary disease",1,"Male",27,"Age-standardized",1991,"Rate",53.4097630352479,51.3396284423081,55.2339205697199
1,"Deaths",544,"Massachusetts",25,509,"Chronic obstructive pulmonary disease",1,"Male",27,"Age-standardized",1992,"Rate",53.5704675901466,51.455977903448,55.5646567789688
1,"Deaths",544,"Massachusetts",25,509,"Chronic obstructive pulmonary disease",1,"Male",27,"Age-standardized",1993,"Rate",53.7407235113617,51.705570150684,55.6995368655567
1,"Deaths",544,"Massachusetts",25,509,"Chronic obstructive pulmonary disease",1,"Male",27,"Age-standardized",1994,"Rate",53.5681130018524,51.5019348403337,55.5902525588649
1,"Deaths",544,"Massachusetts",25,509,"Chronic obstructive pulmonary disease",1,"Male",27,"Age-standardized",1995,"Rate",53.5069332240081,51.4434681543207,55.6017984692058
1,"Deaths",544,"Massachusetts",25,509,"Chronic obstructive pulmonary disease",1,"Male",27,"Age-standardized",1996,"Rate",53.2330790329608,51.307224368548,55.2831256216725
1,"Deaths",544,"Massachusetts",25,509,"Chronic obstructive pulmonary disease",1,"Male",27,"Age-standardized",1997,"Rate",51.9540791475229,50.0856941579304,54.062921189865
1,"Deaths",544,"Massachusetts",25,509,"Chronic obstructive pulmonary disease",1,"Male",27,"Age-standardized",1998,"Rate",52.7058415707156,50.6893608944816,54.9354369229286
1,"Deaths",544,"Massachusetts",25,509,"Chronic obstructive pulmonary disease",1,"Male",27,"Age-standardized",1999,"Rate",53.8206574344161,51.800449752246,56.0434066145649
1,"Deaths",544,"Massachusetts",25,509,"Chronic obstructive pulmonary disease",1,"Male",27,"Age-standardized",2000,"Rate",53.9515172886801,52.0816022580565,56.2305025793654
1,"Deaths",544,"Massachusetts",25,509,"Chronic obstructive pulmonary disease",1,"Male",27,"Age-standardized",2001,"Rate",52.2337071279779,50.3282199422648,54.6128378035496
1,"Deaths",544,"Massachusetts",25,509,"Chronic obstructive pulmonary disease",1,"Male",27,"Age-standardized",2002,"Rate",51.8365736929632,49.9364478921699,54.3828119400831
1,"Deaths",544,"Massachusetts",25,509,"Chronic obstructive pulmonary disease",1,"Male",27,"Age-standardized",2003,"Rate",50.8003349739222,48.8529204373237,53.4239352239667
1,"Deaths",544,"Massachusetts",25,509,"Chronic obstructive pulmonary disease",1,"Male",27,"Age-standardized",2004,"Rate",48.9251736575507,46.998938395945,51.558364406506
1,"Deaths",544,"Massachusetts",25,509,"Chronic obstructive pulmonary disease",1,"Male",27,"Age-standardized",2005,"Rate",47.8358340180965,45.8796865391247,50.6377149752417
1,"Deaths",544,"Massachusetts",25,509,"Chronic obstructive pulmonary disease",1,"Male",27,"Age-standardized",2006,"Rate",46.6696525128656,44.6942528818067,49.655365170492
1,"Deaths",544,"Massachusetts",25,509,"Chronic obstructive pulmonary disease",1,"Male",27,"Age-standardized",2007,"Rate",44.4420888142542,42.6227464052799,47.3308500003441
1,"Deaths",544,"Massachusetts",25,509,"Chronic obstructive pulmonary disease",1,"Male",27,"Age-standardized",2008,"Rate",44.6021838460787,42.7423249060295,47.6146624000941
1,"Deaths",544,"Massachusetts",25,509,"Chronic obstructive pulmonary disease",1,"Male",27,"Age-standardized",2009,"Rate",43.5529860242646,41.5671992966521,46.7675960881483
1,"Deaths",544,"Massachusetts",25,509,"Chronic obstructive pulmonary disease",1,"Male",27,"Age-standardized",2010,"Rate",42.1558081764239,40.3015561807312,45.1896057387436
1,"Deaths",544,"Massachusetts",25,509,"Chronic obstructive pulmonary disease",1,"Male",27,"Age-standardized",2011,"Rate",43.1664610611536,41.2342026627477,46.4887178947715
1,"Deaths",544,"Massachusetts",25,509,"Chronic obstructive pulmonary disease",1,"Male",27,"Age-standardized",2012,"Rate",41.2792685215156,39.4071440546349,44.4514077681447
1,"Deaths",544,"Massachusetts",25,509,"Chronic obstructive pulmonary disease",1,"Male",27,"Age-standardized",2013,"Rate",40.9820097862056,38.9917570456909,43.8690110469905
1,"Deaths",544,"Massachusetts",25,509,"Chronic obstructive pulmonary disease",1,"Male",27,"Age-standardized",2014,"Rate",42.3688016070128,40.3487369374305,45.5804100944067
1,"Deaths",544,"Massachusetts",25,509,"Chronic obstructive pulmonary disease",2,"Female",27,"Age-standardized",1980,"Rate",18.7379284452985,17.4979577520271,19.7949777573263
1,"Deaths",544,"Massachusetts",25,509,"Chronic obstructive pulmonary disease",2,"Female",27,"Age-standardized",1981,"Rate",18.8348502017363,17.6154914203664,19.8220786124533
1,"Deaths",544,"Massachusetts",25,509,"Chronic obstructive pulmonary disease",2,"Female",27,"Age-standardized",1982,"Rate",18.6944649331187,17.4803185532502,19.697079979672
1,"Deaths",544,"Massachusetts",25,509,"Chronic obstructive pulmonary disease",2,"Female",27,"Age-standardized",1983,"Rate",19.8211274335618,18.6595128781712,20.8115319185013
1,"Deaths",544,"Massachusetts",25,509,"Chronic obstructive pulmonary disease",2,"Female",27,"Age-standardized",1984,"Rate",20.5956224285039,19.4279715099316,21.6296398906219
1,"Deaths",544,"Massachusetts",25,509,"Chronic obstructive pulmonary disease",2,"Female",27,"Age-standardized",1985,"Rate",21.3977842853661,20.184157951738,22.4229733972813
1,"Deaths",544,"Massachusetts",25,509,"Chronic obstructive pulmonary disease",2,"Female",27,"Age-standardized",1986,"Rate",22.3115310760708,21.0876025409228,23.3573589916338
1,"Deaths",544,"Massachusetts",25,509,"Chronic obstructive pulmonary disease",2,"Female",27,"Age-standardized",1987,"Rate",22.7610102729216,21.5515565188088,23.7908872658314
1,"Deaths",544,"Massachusetts",25,509,"Chronic obstructive pulmonary disease",2,"Female",27,"Age-standardized",1988,"Rate",24.1176713013544,22.898777943597,25.154849950537
1,"Deaths",544,"Massachusetts",25,509,"Chronic obstructive pulmonary disease",2,"Female",27,"Age-standardized",1989,"Rate",23.8256142069129,22.6900588795314,24.8492368530654
1,"Deaths",544,"Massachusetts",25,509,"Chronic obstructive pulmonary disease",2,"Female",27,"Age-standardized",1990,"Rate",24.5764081721677,23.4024920197478,25.6478637631795
1,"Deaths",544,"Massachusetts",25,509,"Chronic obstructive pulmonary disease",2,"Female",27,"Age-standardized",1991,"Rate",25.0236776639497,23.8082600427911,26.120101950935
1,"Deaths",544,"Massachusetts",25,509,"Chronic obstructive pulmonary disease",2,"Female",27,"Age-standardized",1992,"Rate",26.2720503724256,25.0829266666682,27.3759251960603
1,"Deaths",544,"Massachusetts",25,509,"Chronic obstructive pulmonary disease",2,"Female",27,"Age-standardized",1993,"Rate",28.1195035542951,26.8852147533753,29.3567720776258
1,"Deaths",544,"Massachusetts",25,509,"Chronic obstructive pulmonary disease",2,"Female",27,"Age-standardized",1994,"Rate",29.0656143841479,27.7905014199919,30.2703718092852
1,"Deaths",544,"Massachusetts",25,509,"Chronic obstructive pulmonary disease",2,"Female",27,"Age-standardized",1995,"Rate",30.5205316314112,29.215361536945,31.813708639261
1,"Deaths",544,"Massachusetts",25,509,"Chronic obstructive pulmonary disease",2,"Female",27,"Age-standardized",1996,"Rate",31.2312481173976,29.9204174578256,32.6174657262499
1,"Deaths",544,"Massachusetts",25,509,"Chronic obstructive pulmonary disease",2,"Female",27,"Age-standardized",1997,"Rate",31.6902278451699,30.3105153090995,33.0536925927503
1,"Deaths",544,"Massachusetts",25,509,"Chronic obstructive pulmonary disease",2,"Female",27,"Age-standardized",1998,"Rate",33.3949491036009,32.0064443377291,34.8127490134791
1,"Deaths",544,"Massachusetts",25,509,"Chronic obstructive pulmonary disease",2,"Female",27,"Age-standardized",1999,"Rate",34.5373716926356,33.1723376245872,36.1780684019805
1,"Deaths",544,"Massachusetts",25,509,"Chronic obstructive pulmonary disease",2,"Female",27,"Age-standardized",2000,"Rate",36.6024951526946,34.9697405797095,38.4276276609618
1,"Deaths",544,"Massachusetts",25,509,"Chronic obstructive pulmonary disease",2,"Female",27,"Age-standardized",2001,"Rate",36.5609142121846,35.0446407942724,38.3682911218157
1,"Deaths",544,"Massachusetts",25,509,"Chronic obstructive pulmonary disease",2,"Female",27,"Age-standardized",2002,"Rate",36.633779952329,35.1139620146336,38.4845007479963
1,"Deaths",544,"Massachusetts",25,509,"Chronic obstructive pulmonary disease",2,"Female",27,"Age-standardized",2003,"Rate",36.6050681163685,35.0887215418809,38.4615951879922
1,"Deaths",544,"Massachusetts",25,509,"Chronic obstructive pulmonary disease",2,"Female",27,"Age-standardized",2004,"Rate",35.4946371560216,34.0130909513747,37.3627308821609
1,"Deaths",544,"Massachusetts",25,509,"Chronic obstructive pulmonary disease",2,"Female",27,"Age-standardized",2005,"Rate",35.5681263717121,34.0603126332965,37.4960130370636
1,"Deaths",544,"Massachusetts",25,509,"Chronic obstructive pulmonary disease",2,"Female",27,"Age-standardized",2006,"Rate",35.6435532737501,34.1345240058236,37.5719684037031
1,"Deaths",544,"Massachusetts",25,509,"Chronic obstructive pulmonary disease",2,"Female",27,"Age-standardized",2007,"Rate",33.9630405323843,32.4980728733574,35.8394116951397
1,"Deaths",544,"Massachusetts",25,509,"Chronic obstructive pulmonary disease",2,"Female",27,"Age-standardized",2008,"Rate",34.1595066245023,32.7049235254475,36.0687921471844
1,"Deaths",544,"Massachusetts",25,509,"Chronic obstructive pulmonary disease",2,"Female",27,"Age-standardized",2009,"Rate",34.1898746295976,32.7224828533382,36.0614769773264
1,"Deaths",544,"Massachusetts",25,509,"Chronic obstructive pulmonary disease",2,"Female",27,"Age-standardized",2010,"Rate",33.2327792770013,31.7446175778821,35.1472745738151
1,"Deaths",544,"Massachusetts",25,509,"Chronic obstructive pulmonary disease",2,"Female",27,"Age-standardized",2011,"Rate",33.8060674512779,32.2469270982067,35.8369930483287
1,"Deaths",544,"Massachusetts",25,509,"Chronic obstructive pulmonary disease",2,"Female",27,"Age-standardized",2012,"Rate",33.159386358747,31.5847454962139,35.1008921833541
1,"Deaths",544,"Massachusetts",25,509,"Chronic obstructive pulmonary disease",2,"Female",27,"Age-standardized",2013,"Rate",32.7397124778631,31.0370098872139,34.7067627855863
1,"Deaths",544,"Massachusetts",25,509,"Chronic obstructive pulmonary disease",2,"Female",27,"Age-standardized",2014,"Rate",32.7802481761306,31.1117316685008,34.7633240909136
1,"Deaths",544,"Massachusetts",25,509,"Chronic obstructive pulmonary disease",3,"Both",27,"Age-standardized",1980,"Rate",32.0234432073494,30.6606555973275,33.0959991916287
1,"Deaths",544,"Massachusetts",25,509,"Chronic obstructive pulmonary disease",3,"Both",27,"Age-standardized",1981,"Rate",31.3306703322769,29.910558397201,32.3773959759154
1,"Deaths",544,"Massachusetts",25,509,"Chronic obstructive pulmonary disease",3,"Both",27,"Age-standardized",1982,"Rate",30.8228269841201,29.4424483184454,31.8645086240493
1,"Deaths",544,"Massachusetts",25,509,"Chronic obstructive pulmonary disease",3,"Both",27,"Age-standardized",1983,"Rate",32.2903050814777,30.9574403247164,33.3262604499509
1,"Deaths",544,"Massachusetts",25,509,"Chronic obstructive pulmonary disease",3,"Both",27,"Age-standardized",1984,"Rate",33.0518230510021,31.7473633902485,34.0546182703122
1,"Deaths",544,"Massachusetts",25,509,"Chronic obstructive pulmonary disease",3,"Both",27,"Age-standardized",1985,"Rate",33.2864734430865,31.9414284981609,34.3015758291097
1,"Deaths",544,"Massachusetts",25,509,"Chronic obstructive pulmonary disease",3,"Both",27,"Age-standardized",1986,"Rate",33.8949827309651,32.481400946446,34.8361941093751
1,"Deaths",544,"Massachusetts",25,509,"Chronic obstructive pulmonary disease",3,"Both",27,"Age-standardized",1987,"Rate",34.1546696456868,32.743986338705,35.2218605390563
1,"Deaths",544,"Massachusetts",25,509,"Chronic obstructive pulmonary disease",3,"Both",27,"Age-standardized",1988,"Rate",34.8605291511474,33.5286513955122,35.845030526729
1,"Deaths",544,"Massachusetts",25,509,"Chronic obstructive pulmonary disease",3,"Both",27,"Age-standardized",1989,"Rate",33.9723378526444,32.7695006725995,34.9273098543809
1,"Deaths",544,"Massachusetts",25,509,"Chronic obstructive pulmonary disease",3,"Both",27,"Age-standardized",1990,"Rate",33.9601139776779,32.77685719513,34.9058243315935
1,"Deaths",544,"Massachusetts",25,509,"Chronic obstructive pulmonary disease",3,"Both",27,"Age-standardized",1991,"Rate",34.5530856675776,33.4417773175812,35.5511406901556
1,"Deaths",544,"Massachusetts",25,509,"Chronic obstructive pulmonary disease",3,"Both",27,"Age-standardized",1992,"Rate",35.4488469473028,34.2416885967327,36.5408965984371
1,"Deaths",544,"Massachusetts",25,509,"Chronic obstructive pulmonary disease",3,"Both",27,"Age-standardized",1993,"Rate",36.760128327596,35.6092634495378,37.8910423525593
1,"Deaths",544,"Massachusetts",25,509,"Chronic obstructive pulmonary disease",3,"Both",27,"Age-standardized",1994,"Rate",37.3574719076012,36.151397352289,38.4999638613572
1,"Deaths",544,"Massachusetts",25,509,"Chronic obstructive pulmonary disease",3,"Both",27,"Age-standardized",1995,"Rate",38.3123500799146,37.1281708826455,39.4654845831815
1,"Deaths",544,"Massachusetts",25,509,"Chronic obstructive pulmonary disease",3,"Both",27,"Age-standardized",1996,"Rate",38.7028357871061,37.5548457980316,39.9161402154109
1,"Deaths",544,"Massachusetts",25,509,"Chronic obstructive pulmonary disease",3,"Both",27,"Age-standardized",1997,"Rate",38.5854594998704,37.4765449825698,39.8055393046457
1,"Deaths",544,"Massachusetts",25,509,"Chronic obstructive pulmonary disease",3,"Both",27,"Age-standardized",1998,"Rate",39.9818235365126,38.7779152663053,41.306796222402
1,"Deaths",544,"Massachusetts",25,509,"Chronic obstructive pulmonary disease",3,"Both",27,"Age-standardized",1999,"Rate",41.1800817914223,39.9918287563481,42.5712400757098
1,"Deaths",544,"Massachusetts",25,509,"Chronic obstructive pulmonary disease",3,"Both",27,"Age-standardized",2000,"Rate",42.5874408865629,41.2378396988922,44.0584643677908
1,"Deaths",544,"Massachusetts",25,509,"Chronic obstructive pulmonary disease",3,"Both",27,"Age-standardized",2001,"Rate",42.0015265524494,40.6807077120086,43.5307721415572
1,"Deaths",544,"Massachusetts",25,509,"Chronic obstructive pulmonary disease",3,"Both",27,"Age-standardized",2002,"Rate",41.9682433295783,40.6537863311129,43.6148742556641
1,"Deaths",544,"Massachusetts",25,509,"Chronic obstructive pulmonary disease",3,"Both",27,"Age-standardized",2003,"Rate",41.6191865781578,40.296390479247,43.2708083924491
1,"Deaths",544,"Massachusetts",25,509,"Chronic obstructive pulmonary disease",3,"Both",27,"Age-standardized",2004,"Rate",40.2878827220291,38.9946635008758,41.9634649371878
1,"Deaths",544,"Massachusetts",25,509,"Chronic obstructive pulmonary disease",3,"Both",27,"Age-standardized",2005,"Rate",39.9950175680127,38.7394427047112,41.7340012247525
1,"Deaths",544,"Massachusetts",25,509,"Chronic obstructive pulmonary disease",3,"Both",27,"Age-standardized",2006,"Rate",39.639723646559,38.309924264642,41.4655959419806
1,"Deaths",544,"Massachusetts",25,509,"Chronic obstructive pulmonary disease",3,"Both",27,"Age-standardized",2007,"Rate",37.8006268892247,36.5206017210072,39.6363299612083
1,"Deaths",544,"Massachusetts",25,509,"Chronic obstructive pulmonary disease",3,"Both",27,"Age-standardized",2008,"Rate",38.0214852726495,36.6451621346985,39.9052719494335
1,"Deaths",544,"Massachusetts",25,509,"Chronic obstructive pulmonary disease",3,"Both",27,"Age-standardized",2009,"Rate",37.6569624412054,36.3605934710488,39.6186277290389
1,"Deaths",544,"Massachusetts",25,509,"Chronic obstructive pulmonary disease",3,"Both",27,"Age-standardized",2010,"Rate",36.5571413002884,35.2703209863666,38.5497636771305
1,"Deaths",544,"Massachusetts",25,509,"Chronic obstructive pulmonary disease",3,"Both",27,"Age-standardized",2011,"Rate",37.3207340321803,35.9575601428738,39.2559466166946
1,"Deaths",544,"Massachusetts",25,509,"Chronic obstructive pulmonary disease",3,"Both",27,"Age-standardized",2012,"Rate",36.2181130989244,34.9061403117206,38.0890468662992
1,"Deaths",544,"Massachusetts",25,509,"Chronic obstructive pulmonary disease",3,"Both",27,"Age-standardized",2013,"Rate",35.8618230402923,34.4536118511887,37.6716547555391
1,"Deaths",544,"Massachusetts",25,509,"Chronic obstructive pulmonary disease",3,"Both",27,"Age-standardized",2014,"Rate",36.4688338435357,35.0830715839837,38.3384468181683
1,"Deaths",1800,"Barnstable County",25001,509,"Chronic obstructive pulmonary disease",1,"Male",27,"Age-standardized",1980,"Rate",43.9859216781928,39.9831168119746,47.9462127626018
1,"Deaths",1800,"Barnstable County",25001,509,"Chronic obstructive pulmonary disease",1,"Male",27,"Age-standardized",1981,"Rate",44.2088206564024,40.4480293572156,47.9386990035394
1,"Deaths",1800,"Barnstable County",25001,509,"Chronic obstructive pulmonary disease",1,"Male",27,"Age-standardized",1982,"Rate",43.317455571771,39.4665023182361,46.764988195613
1,"Deaths",1800,"Barnstable County",25001,509,"Chronic obstructive pulmonary disease",1,"Male",27,"Age-standardized",1983,"Rate",42.2592651704677,38.5999318437878,45.5395542388647
1,"Deaths",1800,"Barnstable County",25001,509,"Chronic obstructive pulmonary disease",1,"Male",27,"Age-standardized",1984,"Rate",44.8319861625008,41.1987513803502,48.4882978269347
1,"Deaths",1800,"Barnstable County",25001,509,"Chronic obstructive pulmonary disease",1,"Male",27,"Age-standardized",1985,"Rate",44.5794400370221,41.0232164284968,48.1397247684193
1,"Deaths",1800,"Barnstable County",25001,509,"Chronic obstructive pulmonary disease",1,"Male",27,"Age-standardized",1986,"Rate",42.9724961953184,39.5131455794807,46.1795416653469
1,"Deaths",1800,"Barnstable County",25001,509,"Chronic obstructive pulmonary disease",1,"Male",27,"Age-standardized",1987,"Rate",44.9364686799052,41.4010982362035,48.3448305747031
1,"Deaths",1800,"Barnstable County",25001,509,"Chronic obstructive pulmonary disease",1,"Male",27,"Age-standardized",1988,"Rate",44.2104382625217,40.6440692199776,47.6958414380005
1,"Deaths",1800,"Barnstable County",25001,509,"Chronic obstructive pulmonary disease",1,"Male",27,"Age-standardized",1989,"Rate",43.2345017041342,39.8669380838739,46.3506886003958
1,"Deaths",1800,"Barnstable County",25001,509,"Chronic obstructive pulmonary disease",1,"Male",27,"Age-standardized",1990,"Rate",43.7781184349239,40.5224612218413,47.0798244247364
1,"Deaths",1800,"Barnstable County",25001,509,"Chronic obstructive pulmonary disease",1,"Male",27,"Age-standardized",1991,"Rate",43.4775661041535,40.4462843978177,46.4485668613434
1,"Deaths",1800,"Barnstable County",25001,509,"Chronic obstructive pulmonary disease",1,"Male",27,"Age-standardized",1992,"Rate",43.9967351718372,41.0045918353219,47.118316844242
1,"Deaths",1800,"Barnstable County",25001,509,"Chronic obstructive pulmonary disease",1,"Male",27,"Age-standardized",1993,"Rate",42.6829796763128,39.6019968878815,45.6850160606504
1,"Deaths",1800,"Barnstable County",25001,509,"Chronic obstructive pulmonary disease",1,"Male",27,"Age-standardized",1994,"Rate",43.2373817777411,40.3999755555512,46.1733344964515
1,"Deaths",1800,"Barnstable County",25001,509,"Chronic obstructive pulmonary disease",1,"Male",27,"Age-standardized",1995,"Rate",43.9509143864502,41.0648634129155,46.999312073469
1,"Deaths",1800,"Barnstable County",25001,509,"Chronic obstructive pulmonary disease",1,"Male",27,"Age-standardized",1996,"Rate",44.457502108386,41.5336743800372,47.5299550449227
1,"Deaths",1800,"Barnstable County",25001,509,"Chronic obstructive pulmonary disease",1,"Male",27,"Age-standardized",1997,"Rate",42.5787432543036,39.7287562391433,45.5374882503571
1,"Deaths",1800,"Barnstable County",25001,509,"Chronic obstructive pulmonary disease",1,"Male",27,"Age-standardized",1998,"Rate",44.2466309039217,41.2422353450469,47.4163902977985
1,"Deaths",1800,"Barnstable County",25001,509,"Chronic obstructive pulmonary disease",1,"Male",27,"Age-standardized",1999,"Rate",43.6932935210168,40.7185786185041,46.7594078110849
1,"Deaths",1800,"Barnstable County",25001,509,"Chronic obstructive pulmonary disease",1,"Male",27,"Age-standardized",2000,"Rate",42.272776282017,39.5162300275879,45.3721187068145
1,"Deaths",1800,"Barnstable County",25001,509,"Chronic obstructive pulmonary disease",1,"Male",27,"Age-standardized",2001,"Rate",43.3065338750099,40.1793066217327,46.6854510628892
1,"Deaths",1800,"Barnstable County",25001,509,"Chronic obstructive pulmonary disease",1,"Male",27,"Age-standardized",2002,"Rate",43.3469047534355,40.4414371312854,46.6221812624723
1,"Deaths",1800,"Barnstable County",25001,509,"Chronic obstructive pulmonary disease",1,"Male",27,"Age-standardized",2003,"Rate",41.9373487035518,38.9528348474449,45.2765159635895
1,"Deaths",1800,"Barnstable County",25001,509,"Chronic obstructive pulmonary disease",1,"Male",27,"Age-standardized",2004,"Rate",41.2352444114669,38.4080964731208,44.6967418191509
1,"Deaths",1800,"Barnstable County",25001,509,"Chronic obstructive pulmonary disease",1,"Male",27,"Age-standardized",2005,"Rate",40.3513688347509,37.4129317579605,43.8896059057128
1,"Deaths",1800,"Barnstable County",25001,509,"Chronic obstructive pulmonary disease",1,"Male",27,"Age-standardized",2006,"Rate",40.8772952873187,37.6539784191337,44.5696916526705
1,"Deaths",1800,"Barnstable County",25001,509,"Chronic obstructive pulmonary disease",1,"Male",27,"Age-standardized",2007,"Rate",40.2523454897438,37.2163414279352,44.1008670467755
1,"Deaths",1800,"Barnstable County",25001,509,"Chronic obstructive pulmonary disease",1,"Male",27,"Age-standardized",2008,"Rate",38.4610056617426,35.598009778301,42.1477948398886
1,"Deaths",1800,"Barnstable County",25001,509,"Chronic obstructive pulmonary disease",1,"Male",27,"Age-standardized",2009,"Rate",38.6247097669054,35.3490372244336,42.5783899624461
1,"Deaths",1800,"Barnstable County",25001,509,"Chronic obstructive pulmonary disease",1,"Male",27,"Age-standardized",2010,"Rate",38.9726180454757,35.8639489770288,43.0912425267715
1,"Deaths",1800,"Barnstable County",25001,509,"Chronic obstructive pulmonary disease",1,"Male",27,"Age-standardized",2011,"Rate",38.6239352395724,35.3633960091318,42.8060821104349
1,"Deaths",1800,"Barnstable County",25001,509,"Chronic obstructive pulmonary disease",1,"Male",27,"Age-standardized",2012,"Rate",36.431102898201,33.636906793912,40.3373795303375
1,"Deaths",1800,"Barnstable County",25001,509,"Chronic obstructive pulmonary disease",1,"Male",27,"Age-standardized",2013,"Rate",37.3443266361536,33.9741785314449,41.1379092304764
1,"Deaths",1800,"Barnstable County",25001,509,"Chronic obstructive pulmonary disease",1,"Male",27,"Age-standardized",2014,"Rate",36.6473919452628,33.3495724670917,40.5488004844343
1,"Deaths",1800,"Barnstable County",25001,509,"Chronic obstructive pulmonary disease",2,"Female",27,"Age-standardized",1980,"Rate",16.5584154559919,14.80791519323,18.1596770618975
1,"Deaths",1800,"Barnstable County",25001,509,"Chronic obstructive pulmonary disease",2,"Female",27,"Age-standardized",1981,"Rate",16.8371779685121,15.1649770888259,18.4471330224599
1,"Deaths",1800,"Barnstable County",25001,509,"Chronic obstructive pulmonary disease",2,"Female",27,"Age-standardized",1982,"Rate",16.6158204416219,15.0053965059242,18.1854605641894
1,"Deaths",1800,"Barnstable County",25001,509,"Chronic obstructive pulmonary disease",2,"Female",27,"Age-standardized",1983,"Rate",17.0848706450062,15.4232624340557,18.640118896062
1,"Deaths",1800,"Barnstable County",25001,509,"Chronic obstructive pulmonary disease",2,"Female",27,"Age-standardized",1984,"Rate",17.9994508042927,16.382333854818,19.4836114109664
1,"Deaths",1800,"Barnstable County",25001,509,"Chronic obstructive pulmonary disease",2,"Female",27,"Age-standardized",1985,"Rate",19.1292359121414,17.5095311727105,20.7396606115987
1,"Deaths",1800,"Barnstable County",25001,509,"Chronic obstructive pulmonary disease",2,"Female",27,"Age-standardized",1986,"Rate",19.6568640890827,17.8970117678102,21.2312315125228
1,"Deaths",1800,"Barnstable County",25001,509,"Chronic obstructive pulmonary disease",2,"Female",27,"Age-standardized",1987,"Rate",20.2244609662348,18.5126868575638,21.8884474435064
1,"Deaths",1800,"Barnstable County",25001,509,"Chronic obstructive pulmonary disease",2,"Female",27,"Age-standardized",1988,"Rate",21.5573892693265,19.8079442427716,23.3208689481956
1,"Deaths",1800,"Barnstable County",25001,509,"Chronic obstructive pulmonary disease",2,"Female",27,"Age-standardized",1989,"Rate",21.7156756671215,20.0231463692682,23.3629824175008
1,"Deaths",1800,"Barnstable County",25001,509,"Chronic obstructive pulmonary disease",2,"Female",27,"Age-standardized",1990,"Rate",21.8934668295028,20.1805555928702,23.5321881881424
1,"Deaths",1800,"Barnstable County",25001,509,"Chronic obstructive pulmonary disease",2,"Female",27,"Age-standardized",1991,"Rate",23.970205925895,22.0790995650942,25.7526395594287
1,"Deaths",1800,"Barnstable County",25001,509,"Chronic obstructive pulmonary disease",2,"Female",27,"Age-standardized",1992,"Rate",24.1824159576082,22.4701729501817,25.9579484901911
1,"Deaths",1800,"Barnstable County",25001,509,"Chronic obstructive pulmonary disease",2,"Female",27,"Age-standardized",1993,"Rate",26.0265655418204,24.1093847800816,27.9366598550594
1,"Deaths",1800,"Barnstable County",25001,509,"Chronic obstructive pulmonary disease",2,"Female",27,"Age-standardized",1994,"Rate",27.6566035556233,25.8079280580404,29.5677011263687
1,"Deaths",1800,"Barnstable County",25001,509,"Chronic obstructive pulmonary disease",2,"Female",27,"Age-standardized",1995,"Rate",27.3454933124909,25.4582817429117,29.3775809230871
1,"Deaths",1800,"Barnstable County",25001,509,"Chronic obstructive pulmonary disease",2,"Female",27,"Age-standardized",1996,"Rate",29.4951735755592,27.5678410217792,31.4821434660705
1,"Deaths",1800,"Barnstable County",25001,509,"Chronic obstructive pulmonary disease",2,"Female",27,"Age-standardized",1997,"Rate",29.5715026163096,27.5793871415361,31.5063209895806
1,"Deaths",1800,"Barnstable County",25001,509,"Chronic obstructive pulmonary disease",2,"Female",27,"Age-standardized",1998,"Rate",31.5608705030433,29.5943087673374,33.7567880180236
1,"Deaths",1800,"Barnstable County",25001,509,"Chronic obstructive pulmonary disease",2,"Female",27,"Age-standardized",1999,"Rate",32.3722590552019,30.2325421644973,34.5624421705888
1,"Deaths",1800,"Barnstable County",25001,509,"Chronic obstructive pulmonary disease",2,"Female",27,"Age-standardized",2000,"Rate",34.1511429304926,31.9248768947036,36.6190263428436
1,"Deaths",1800,"Barnstable County",25001,509,"Chronic obstructive pulmonary disease",2,"Female",27,"Age-standardized",2001,"Rate",34.9259658081431,32.6463680448179,37.4418577400937
1,"Deaths",1800,"Barnstable County",25001,509,"Chronic obstructive pulmonary disease",2,"Female",27,"Age-standardized",2002,"Rate",34.8390121089035,32.5442198605437,37.3978910012716
1,"Deaths",1800,"Barnstable County",25001,509,"Chronic obstructive pulmonary disease",2,"Female",27,"Age-standardized",2003,"Rate",35.3546568777712,33.1300920657591,37.8363698817834
1,"Deaths",1800,"Barnstable County",25001,509,"Chronic obstructive pulmonary disease",2,"Female",27,"Age-standardized",2004,"Rate",34.4667690491232,32.3158687378228,36.9846470901182
1,"Deaths",1800,"Barnstable County",25001,509,"Chronic obstructive pulmonary disease",2,"Female",27,"Age-standardized",2005,"Rate",33.9255122352442,31.6884433253034,36.5205219127325
1,"Deaths",1800,"Barnstable County",25001,509,"Chronic obstructive pulmonary disease",2,"Female",27,"Age-standardized",2006,"Rate",35.5245512687402,33.0451566178604,38.1842150832053
1,"Deaths",1800,"Barnstable County",25001,509,"Chronic obstructive pulmonary disease",2,"Female",27,"Age-standardized",2007,"Rate",34.129992211992,31.8470498691149,36.5916293508361
1,"Deaths",1800,"Barnstable County",25001,509,"Chronic obstructive pulmonary disease",2,"Female",27,"Age-standardized",2008,"Rate",34.6972842391091,32.2373884938935,37.2860769807737
1,"Deaths",1800,"Barnstable County",25001,509,"Chronic obstructive pulmonary disease",2,"Female",27,"Age-standardized",2009,"Rate",34.1917833928712,31.881256107468,36.6459229611586
1,"Deaths",1800,"Barnstable County",25001,509,"Chronic obstructive pulmonary disease",2,"Female",27,"Age-standardized",2010,"Rate",32.9423452851829,30.5827381216526,35.3741370336629
1,"Deaths",1800,"Barnstable County",25001,509,"Chronic obstructive pulmonary disease",2,"Female",27,"Age-standardized",2011,"Rate",34.7940278786873,32.3584158206928,37.5236836458497
1,"Deaths",1800,"Barnstable County",25001,509,"Chronic obstructive pulmonary disease",2,"Female",27,"Age-standardized",2012,"Rate",34.9664813442498,32.4743893116722,37.5955614815439
1,"Deaths",1800,"Barnstable County",25001,509,"Chronic obstructive pulmonary disease",2,"Female",27,"Age-standardized",2013,"Rate",34.6459741560742,32.0407472191656,37.5719232575485
1,"Deaths",1800,"Barnstable County",25001,509,"Chronic obstructive pulmonary disease",2,"Female",27,"Age-standardized",2014,"Rate",33.0593550312695,30.4916007045656,35.9222959068649
1,"Deaths",1800,"Barnstable County",25001,509,"Chronic obstructive pulmonary disease",3,"Both",27,"Age-standardized",1980,"Rate",26.9083200638902,24.947886283046,28.7902109568568
1,"Deaths",1800,"Barnstable County",25001,509,"Chronic obstructive pulmonary disease",3,"Both",27,"Age-standardized",1981,"Rate",27.1178538052536,25.2030843870739,28.977607275301
1,"Deaths",1800,"Barnstable County",25001,509,"Chronic obstructive pulmonary disease",3,"Both",27,"Age-standardized",1982,"Rate",26.5939087135967,24.6277316684397,28.2776821650915
1,"Deaths",1800,"Barnstable County",25001,509,"Chronic obstructive pulmonary disease",3,"Both",27,"Age-standardized",1983,"Rate",26.4689493348386,24.6919458276331,28.1383757444049
1,"Deaths",1800,"Barnstable County",25001,509,"Chronic obstructive pulmonary disease",3,"Both",27,"Age-standardized",1984,"Rate",27.9826498843313,26.0572571222886,29.7418864168743
1,"Deaths",1800,"Barnstable County",25001,509,"Chronic obstructive pulmonary disease",3,"Both",27,"Age-standardized",1985,"Rate",28.5497223466077,26.7786779896047,30.3677752286779
1,"Deaths",1800,"Barnstable County",25001,509,"Chronic obstructive pulmonary disease",3,"Both",27,"Age-standardized",1986,"Rate",28.2565755690724,26.4443039331233,29.9521331667698
1,"Deaths",1800,"Barnstable County",25001,509,"Chronic obstructive pulmonary disease",3,"Both",27,"Age-standardized",1987,"Rate",29.3878719569026,27.6421179955187,31.0714194539218
1,"Deaths",1800,"Barnstable County",25001,509,"Chronic obstructive pulmonary disease",3,"Both",27,"Age-standardized",1988,"Rate",29.9532114956006,28.1277743337437,31.7723907158149
1,"Deaths",1800,"Barnstable County",25001,509,"Chronic obstructive pulmonary disease",3,"Both",27,"Age-standardized",1989,"Rate",29.7100054192035,27.9240492787777,31.4060562631935
1,"Deaths",1800,"Barnstable County",25001,509,"Chronic obstructive pulmonary disease",3,"Both",27,"Age-standardized",1990,"Rate",30.0291427317603,28.4316856765184,31.723269422296
1,"Deaths",1800,"Barnstable County",25001,509,"Chronic obstructive pulmonary disease",3,"Both",27,"Age-standardized",1991,"Rate",31.1946010935263,29.5778428073372,32.9584934528685
1,"Deaths",1800,"Barnstable County",25001,509,"Chronic obstructive pulmonary disease",3,"Both",27,"Age-standardized",1992,"Rate",31.5447771978341,29.780468832037,33.2587678576725
1,"Deaths",1800,"Barnstable County",25001,509,"Chronic obstructive pulmonary disease",3,"Both",27,"Age-standardized",1993,"Rate",32.1943938901952,30.3650244116855,33.8998885248873
1,"Deaths",1800,"Barnstable County",25001,509,"Chronic obstructive pulmonary disease",3,"Both",27,"Age-standardized",1994,"Rate",33.4436374114783,31.8227452584239,35.1886040052436
1,"Deaths",1800,"Barnstable County",25001,509,"Chronic obstructive pulmonary disease",3,"Both",27,"Age-standardized",1995,"Rate",33.5598017369068,31.8746742825924,35.3300403420323
1,"Deaths",1800,"Barnstable County",25001,509,"Chronic obstructive pulmonary disease",3,"Both",27,"Age-standardized",1996,"Rate",35.0758514373832,33.3785032216163,36.838402732314
1,"Deaths",1800,"Barnstable County",25001,509,"Chronic obstructive pulmonary disease",3,"Both",27,"Age-standardized",1997,"Rate",34.4200053092508,32.6882154210728,36.2591856548454
1,"Deaths",1800,"Barnstable County",25001,509,"Chronic obstructive pulmonary disease",3,"Both",27,"Age-standardized",1998,"Rate",36.2977843432712,34.5146867154309,38.2882499047991
1,"Deaths",1800,"Barnstable County",25001,509,"Chronic obstructive pulmonary disease",3,"Both",27,"Age-standardized",1999,"Rate",36.6454472340646,34.9167973524729,38.4917621187066
1,"Deaths",1800,"Barnstable County",25001,509,"Chronic obstructive pulmonary disease",3,"Both",27,"Age-standardized",2000,"Rate",37.1541739264427,35.4010811669472,39.2523523782309
1,"Deaths",1800,"Barnstable County",25001,509,"Chronic obstructive pulmonary disease",3,"Both",27,"Age-standardized",2001,"Rate",38.1077245009343,36.1063448887388,40.3494400525845
1,"Deaths",1800,"Barnstable County",25001,509,"Chronic obstructive pulmonary disease",3,"Both",27,"Age-standardized",2002,"Rate",38.1080548490935,36.2242743262379,40.1094283928387
1,"Deaths",1800,"Barnstable County",25001,509,"Chronic obstructive pulmonary disease",3,"Both",27,"Age-standardized",2003,"Rate",37.8743421504563,35.9558999384665,39.9638975789298
1,"Deaths",1800,"Barnstable County",25001,509,"Chronic obstructive pulmonary disease",3,"Both",27,"Age-standardized",2004,"Rate",37.1160022020687,35.1171589478422,39.2488314883913
1,"Deaths",1800,"Barnstable County",25001,509,"Chronic obstructive pulmonary disease",3,"Both",27,"Age-standardized",2005,"Rate",36.4532840411326,34.5231422932641,38.6577265710471
1,"Deaths",1800,"Barnstable County",25001,509,"Chronic obstructive pulmonary disease",3,"Both",27,"Age-standardized",2006,"Rate",37.6144449184849,35.6225866457859,39.8551589930769
1,"Deaths",1800,"Barnstable County",25001,509,"Chronic obstructive pulmonary disease",3,"Both",27,"Age-standardized",2007,"Rate",36.5671078309943,34.3924286035223,38.9388022174347
1,"Deaths",1800,"Barnstable County",25001,509,"Chronic obstructive pulmonary disease",3,"Both",27,"Age-standardized",2008,"Rate",36.1824246732868,34.2010710959086,38.4953236550704
1,"Deaths",1800,"Barnstable County",25001,509,"Chronic obstructive pulmonary disease",3,"Both",27,"Age-standardized",2009,"Rate",35.9605346461205,33.9612276777958,38.3491162111402
1,"Deaths",1800,"Barnstable County",25001,509,"Chronic obstructive pulmonary disease",3,"Both",27,"Age-standardized",2010,"Rate",35.3874089793433,33.3873409144679,37.6194111000867
1,"Deaths",1800,"Barnstable County",25001,509,"Chronic obstructive pulmonary disease",3,"Both",27,"Age-standardized",2011,"Rate",36.3092751330377,34.1995604102797,38.6026216379876
1,"Deaths",1800,"Barnstable County",25001,509,"Chronic obstructive pulmonary disease",3,"Both",27,"Age-standardized",2012,"Rate",35.5371865564013,33.6222553574324,37.7894190640307
1,"Deaths",1800,"Barnstable County",25001,509,"Chronic obstructive pulmonary disease",3,"Both",27,"Age-standardized",2013,"Rate",35.7202105496086,33.6608550121746,38.1475997112352
1,"Deaths",1800,"Barnstable County",25001,509,"Chronic obstructive pulmonary disease",3,"Both",27,"Age-standardized",2014,"Rate",34.4954232435545,32.3448770005241,36.8442824695613
1,"Deaths",1790,"Berkshire County",25003,509,"Chronic obstructive pulmonary disease",1,"Male",27,"Age-standardized",1980,"Rate",65.921862513805,60.4220075256803,70.9227929222363
1,"Deaths",1790,"Berkshire County",25003,509,"Chronic obstructive pulmonary disease",1,"Male",27,"Age-standardized",1981,"Rate",65.0407284761566,60.1125194706567,70.1565915197275
1,"Deaths",1790,"Berkshire County",25003,509,"Chronic obstructive pulmonary disease",1,"Male",27,"Age-standardized",1982,"Rate",64.5399023783718,59.7540782096386,69.3231916195955
1,"Deaths",1790,"Berkshire County",25003,509,"Chronic obstructive pulmonary disease",1,"Male",27,"Age-standardized",1983,"Rate",66.1188249733201,61.2238222120639,70.9495367291389
1,"Deaths",1790,"Berkshire County",25003,509,"Chronic obstructive pulmonary disease",1,"Male",27,"Age-standardized",1984,"Rate",65.6171960451423,60.5655351840041,70.2386082584817
1,"Deaths",1790,"Berkshire County",25003,509,"Chronic obstructive pulmonary disease",1,"Male",27,"Age-standardized",1985,"Rate",66.3055587680046,61.5598302956538,71.2668855958367
1,"Deaths",1790,"Berkshire County",25003,509,"Chronic obstructive pulmonary disease",1,"Male",27,"Age-standardized",1986,"Rate",66.9985865073495,62.0597623850756,71.7127074597939
1,"Deaths",1790,"Berkshire County",25003,509,"Chronic obstructive pulmonary disease",1,"Male",27,"Age-standardized",1987,"Rate",65.3082529285556,60.6794475897678,69.7198601421898
1,"Deaths",1790,"Berkshire County",25003,509,"Chronic obstructive pulmonary disease",1,"Male",27,"Age-standardized",1988,"Rate",65.8206531419422,61.3220935655913,70.3590636692099
1,"Deaths",1790,"Berkshire County",25003,509,"Chronic obstructive pulmonary disease",1,"Male",27,"Age-standardized",1989,"Rate",65.323377430854,60.9487798668829,69.7202516479874
1,"Deaths",1790,"Berkshire County",25003,509,"Chronic obstructive pulmonary disease",1,"Male",27,"Age-standardized",1990,"Rate",64.1993049952818,60.116501311278,68.6040881940783
1,"Deaths",1790,"Berkshire County",25003,509,"Chronic obstructive pulmonary disease",1,"Male",27,"Age-standardized",1991,"Rate",62.3383173829499,58.1691581070096,66.7166319714549
1,"Deaths",1790,"Berkshire County",25003,509,"Chronic obstructive pulmonary disease",1,"Male",27,"Age-standardized",1992,"Rate",62.0458437999572,57.9475981774248,66.0741111711711
1,"Deaths",1790,"Berkshire County",25003,509,"Chronic obstructive pulmonary disease",1,"Male",27,"Age-standardized",1993,"Rate",63.5716516853172,59.4547024026262,67.6718974429505
1,"Deaths",1790,"Berkshire County",25003,509,"Chronic obstructive pulmonary disease",1,"Male",27,"Age-standardized",1994,"Rate",61.685107959899,57.9510538390319,65.8077899088808
1,"Deaths",1790,"Berkshire County",25003,509,"Chronic obstructive pulmonary disease",1,"Male",27,"Age-standardized",1995,"Rate",63.4218370266834,59.4688889853742,67.6342804123779
1,"Deaths",1790,"Berkshire County",25003,509,"Chronic obstructive pulmonary disease",1,"Male",27,"Age-standardized",1996,"Rate",62.8473944245517,58.7968307702255,67.0716847497948
1,"Deaths",1790,"Berkshire County",25003,509,"Chronic obstructive pulmonary disease",1,"Male",27,"Age-standardized",1997,"Rate",63.3903626255071,59.6117046289379,67.4004969186855
1,"Deaths",1790,"Berkshire County",25003,509,"Chronic obstructive pulmonary disease",1,"Male",27,"Age-standardized",1998,"Rate",63.5290450283432,59.4626005135145,67.3446120899687
1,"Deaths",1790,"Berkshire County",25003,509,"Chronic obstructive pulmonary disease",1,"Male",27,"Age-standardized",1999,"Rate",64.0092755323483,60.041747468715,67.9520678762717
1,"Deaths",1790,"Berkshire County",25003,509,"Chronic obstructive pulmonary disease",1,"Male",27,"Age-standardized",2000,"Rate",64.3312739102033,60.3916922986586,68.5638908419082
1,"Deaths",1790,"Berkshire County",25003,509,"Chronic obstructive pulmonary disease",1,"Male",27,"Age-standardized",2001,"Rate",64.1261050156791,59.9585199317165,68.3366409650881
1,"Deaths",1790,"Berkshire County",25003,509,"Chronic obstructive pulmonary disease",1,"Male",27,"Age-standardized",2002,"Rate",61.6217320621193,57.4332374915238,66.0530198188376
1,"Deaths",1790,"Berkshire County",25003,509,"Chronic obstructive pulmonary disease",1,"Male",27,"Age-standardized",2003,"Rate",61.9870875278303,58.0313847305164,66.3154130074105
1,"Deaths",1790,"Berkshire County",25003,509,"Chronic obstructive pulmonary disease",1,"Male",27,"Age-standardized",2004,"Rate",59.2772010053727,55.3432507359881,63.6201629715056
1,"Deaths",1790,"Berkshire County",25003,509,"Chronic obstructive pulmonary disease",1,"Male",27,"Age-standardized",2005,"Rate",58.2155046644529,54.2151779195887,62.34970390714
1,"Deaths",1790,"Berkshire County",25003,509,"Chronic obstructive pulmonary disease",1,"Male",27,"Age-standardized",2006,"Rate",55.0624019935507,51.098523938574,59.4649773597714
1,"Deaths",1790,"Berkshire County",25003,509,"Chronic obstructive pulmonary disease",1,"Male",27,"Age-standardized",2007,"Rate",54.7216400869623,50.5853610320603,58.8635893071467
1,"Deaths",1790,"Berkshire County",25003,509,"Chronic obstructive pulmonary disease",1,"Male",27,"Age-standardized",2008,"Rate",55.5690547440479,51.3986513506327,59.7062291922494
1,"Deaths",1790,"Berkshire County",25003,509,"Chronic obstructive pulmonary disease",1,"Male",27,"Age-standardized",2009,"Rate",54.427589264646,50.5781823751951,58.6870643873017
1,"Deaths",1790,"Berkshire County",25003,509,"Chronic obstructive pulmonary disease",1,"Male",27,"Age-standardized",2010,"Rate",52.2360316231049,48.3054526195325,56.5768943423093
1,"Deaths",1790,"Berkshire County",25003,509,"Chronic obstructive pulmonary disease",1,"Male",27,"Age-standardized",2011,"Rate",53.3825258915205,49.1194812266837,57.8051336233055
1,"Deaths",1790,"Berkshire County",25003,509,"Chronic obstructive pulmonary disease",1,"Male",27,"Age-standardized",2012,"Rate",51.173810245593,47.1351320312044,55.7181670972418
1,"Deaths",1790,"Berkshire County",25003,509,"Chronic obstructive pulmonary disease",1,"Male",27,"Age-standardized",2013,"Rate",51.8076066511941,47.3749247691984,56.3765266874267
1,"Deaths",1790,"Berkshire County",25003,509,"Chronic obstructive pulmonary disease",1,"Male",27,"Age-standardized",2014,"Rate",52.6544873454923,48.3539565088283,57.161313613846
1,"Deaths",1790,"Berkshire County",25003,509,"Chronic obstructive pulmonary disease",2,"Female",27,"Age-standardized",1980,"Rate",21.3677571427113,19.3494478804762,23.4931253796734
1,"Deaths",1790,"Berkshire County",25003,509,"Chronic obstructive pulmonary disease",2,"Female",27,"Age-standardized",1981,"Rate",21.6372258799429,19.5711889760179,23.818411329603
1,"Deaths",1790,"Berkshire County",25003,509,"Chronic obstructive pulmonary disease",2,"Female",27,"Age-standardized",1982,"Rate",21.6397607914998,19.6545097607721,23.7643557135355
1,"Deaths",1790,"Berkshire County",25003,509,"Chronic obstructive pulmonary disease",2,"Female",27,"Age-standardized",1983,"Rate",22.5391930360092,20.4660384598362,24.6563009091912
1,"Deaths",1790,"Berkshire County",25003,509,"Chronic obstructive pulmonary disease",2,"Female",27,"Age-standardized",1984,"Rate",23.6113701373299,21.6219257166841,25.7713233090798
1,"Deaths",1790,"Berkshire County",25003,509,"Chronic obstructive pulmonary disease",2,"Female",27,"Age-standardized",1985,"Rate",24.4929424781092,22.4989406740837,26.5887901989109
1,"Deaths",1790,"Berkshire County",25003,509,"Chronic obstructive pulmonary disease",2,"Female",27,"Age-standardized",1986,"Rate",24.2963591393528,22.2181980164135,26.2671741976928
1,"Deaths",1790,"Berkshire County",25003,509,"Chronic obstructive pulmonary disease",2,"Female",27,"Age-standardized",1987,"Rate",26.660494798698,24.5377950422709,28.837279722545
1,"Deaths",1790,"Berkshire County",25003,509,"Chronic obstructive pulmonary disease",2,"Female",27,"Age-standardized",1988,"Rate",26.7574149064703,24.6297843186575,28.8628213502991
1,"Deaths",1790,"Berkshire County",25003,509,"Chronic obstructive pulmonary disease",2,"Female",27,"Age-standardized",1989,"Rate",27.5345280669905,25.3966971061493,29.5642330402932
1,"Deaths",1790,"Berkshire County",25003,509,"Chronic obstructive pulmonary disease",2,"Female",27,"Age-standardized",1990,"Rate",27.4022891989823,25.3326463611138,29.3697512115279
1,"Deaths",1790,"Berkshire County",25003,509,"Chronic obstructive pulmonary disease",2,"Female",27,"Age-standardized",1991,"Rate",28.4171420982286,26.3566624375581,30.5955016693083
1,"Deaths",1790,"Berkshire County",25003,509,"Chronic obstructive pulmonary disease",2,"Female",27,"Age-standardized",1992,"Rate",29.9229701785099,27.8990428537458,32.1353529346122
1,"Deaths",1790,"Berkshire County",25003,509,"Chronic obstructive pulmonary disease",2,"Female",27,"Age-standardized",1993,"Rate",31.7177385550376,29.4332493355619,33.7687949044897
1,"Deaths",1790,"Berkshire County",25003,509,"Chronic obstructive pulmonary disease",2,"Female",27,"Age-standardized",1994,"Rate",33.4583993724446,31.1214994733468,35.7522394156758
1,"Deaths",1790,"Berkshire County",25003,509,"Chronic obstructive pulmonary disease",2,"Female",27,"Age-standardized",1995,"Rate",35.0587115718922,32.6628009760062,37.3762808937396
1,"Deaths",1790,"Berkshire County",25003,509,"Chronic obstructive pulmonary disease",2,"Female",27,"Age-standardized",1996,"Rate",36.2979852860932,33.7978641669869,38.6354855569266
1,"Deaths",1790,"Berkshire County",25003,509,"Chronic obstructive pulmonary disease",2,"Female",27,"Age-standardized",1997,"Rate",36.6160304388941,34.1524760651453,39.0298134185708
1,"Deaths",1790,"Berkshire County",25003,509,"Chronic obstructive pulmonary disease",2,"Female",27,"Age-standardized",1998,"Rate",38.0166880569064,35.4467424348705,40.3942506187251
1,"Deaths",1790,"Berkshire County",25003,509,"Chronic obstructive pulmonary disease",2,"Female",27,"Age-standardized",1999,"Rate",39.8613435211123,37.4750701700547,42.3654439030693
1,"Deaths",1790,"Berkshire County",25003,509,"Chronic obstructive pulmonary disease",2,"Female",27,"Age-standardized",2000,"Rate",41.2708521446871,38.3964359434394,44.1312009839367
1,"Deaths",1790,"Berkshire County",25003,509,"Chronic obstructive pulmonary disease",2,"Female",27,"Age-standardized",2001,"Rate",42.2882213539644,39.620246509649,45.1075295339625
1,"Deaths",1790,"Berkshire County",25003,509,"Chronic obstructive pulmonary disease",2,"Female",27,"Age-standardized",2002,"Rate",41.7343013685582,38.7504692806318,44.626911017943
1,"Deaths",1790,"Berkshire County",25003,509,"Chronic obstructive pulmonary disease",2,"Female",27,"Age-standardized",2003,"Rate",43.4767298944013,40.4733736113836,46.4310765878213
1,"Deaths",1790,"Berkshire County",25003,509,"Chronic obstructive pulmonary disease",2,"Female",27,"Age-standardized",2004,"Rate",41.3684779004258,38.55441212253,44.1182819406142
1,"Deaths",1790,"Berkshire County",25003,509,"Chronic obstructive pulmonary disease",2,"Female",27,"Age-standardized",2005,"Rate",43.9596094953509,41.1013557277333,46.7517387197735
1,"Deaths",1790,"Berkshire County",25003,509,"Chronic obstructive pulmonary disease",2,"Female",27,"Age-standardized",2006,"Rate",43.324051604851,40.3733138975329,46.2545788893737
1,"Deaths",1790,"Berkshire County",25003,509,"Chronic obstructive pulmonary disease",2,"Female",27,"Age-standardized",2007,"Rate",43.2217824265197,40.3156973227318,46.2421415340477
1,"Deaths",1790,"Berkshire County",25003,509,"Chronic obstructive pulmonary disease",2,"Female",27,"Age-standardized",2008,"Rate",42.2041274304124,39.1651470479173,45.2739665883599
1,"Deaths",1790,"Berkshire County",25003,509,"Chronic obstructive pulmonary disease",2,"Female",27,"Age-standardized",2009,"Rate",42.2330511908034,39.3215224855769,45.306527494148
1,"Deaths",1790,"Berkshire County",25003,509,"Chronic obstructive pulmonary disease",2,"Female",27,"Age-standardized",2010,"Rate",40.7594641922274,37.7937512657602,43.5775503311526
1,"Deaths",1790,"Berkshire County",25003,509,"Chronic obstructive pulmonary disease",2,"Female",27,"Age-standardized",2011,"Rate",41.1981048744257,38.1307208705587,44.2584551517791
1,"Deaths",1790,"Berkshire County",25003,509,"Chronic obstructive pulmonary disease",2,"Female",27,"Age-standardized",2012,"Rate",40.5311407902992,37.5081311593613,43.7169409754666
1,"Deaths",1790,"Berkshire County",25003,509,"Chronic obstructive pulmonary disease",2,"Female",27,"Age-standardized",2013,"Rate",39.9513053128056,36.5298140713797,43.1375802692552
1,"Deaths",1790,"Berkshire County",25003,509,"Chronic obstructive pulmonary disease",2,"Female",27,"Age-standardized",2014,"Rate",40.7602477443773,37.5926715118997,44.1114799281987
1,"Deaths",1790,"Berkshire County",25003,509,"Chronic obstructive pulmonary disease",3,"Both",27,"Age-standardized",1980,"Rate",37.2830405734285,34.7800572109236,39.7530667273821
1,"Deaths",1790,"Berkshire County",25003,509,"Chronic obstructive pulmonary disease",3,"Both",27,"Age-standardized",1981,"Rate",37.0117431353015,34.6834561268249,39.3845436220832
1,"Deaths",1790,"Berkshire County",25003,509,"Chronic obstructive pulmonary disease",3,"Both",27,"Age-standardized",1982,"Rate",36.721124026794,34.4347921666455,38.949619814927
1,"Deaths",1790,"Berkshire County",25003,509,"Chronic obstructive pulmonary disease",3,"Both",27,"Age-standardized",1983,"Rate",37.748904692963,35.3847697372836,40.1471768609865
1,"Deaths",1790,"Berkshire County",25003,509,"Chronic obstructive pulmonary disease",3,"Both",27,"Age-standardized",1984,"Rate",38.1703034665074,35.8343991956355,40.4312833409
1,"Deaths",1790,"Berkshire County",25003,509,"Chronic obstructive pulmonary disease",3,"Both",27,"Age-standardized",1985,"Rate",38.8807551093767,36.4392850605943,41.0115071697876
1,"Deaths",1790,"Berkshire County",25003,509,"Chronic obstructive pulmonary disease",3,"Both",27,"Age-standardized",1986,"Rate",38.9661239650734,36.6687191853969,41.136693357631
1,"Deaths",1790,"Berkshire County",25003,509,"Chronic obstructive pulmonary disease",3,"Both",27,"Age-standardized",1987,"Rate",39.8178857479332,37.6132620409745,42.0757131654943
1,"Deaths",1790,"Berkshire County",25003,509,"Chronic obstructive pulmonary disease",3,"Both",27,"Age-standardized",1988,"Rate",40.0779172024918,37.8608094271815,42.2705168298964
1,"Deaths",1790,"Berkshire County",25003,509,"Chronic obstructive pulmonary disease",3,"Both",27,"Age-standardized",1989,"Rate",40.3619322863851,38.1970394708945,42.4988266817316
1,"Deaths",1790,"Berkshire County",25003,509,"Chronic obstructive pulmonary disease",3,"Both",27,"Age-standardized",1990,"Rate",39.8835602274418,37.8397736733086,41.9121099209576
1,"Deaths",1790,"Berkshire County",25003,509,"Chronic obstructive pulmonary disease",3,"Both",27,"Age-standardized",1991,"Rate",39.907603598453,37.8604148204668,42.0706629075676
1,"Deaths",1790,"Berkshire County",25003,509,"Chronic obstructive pulmonary disease",3,"Both",27,"Age-standardized",1992,"Rate",40.8070086533617,38.7827206214744,42.9348483993062
1,"Deaths",1790,"Berkshire County",25003,509,"Chronic obstructive pulmonary disease",3,"Both",27,"Age-standardized",1993,"Rate",42.5662083236453,40.4252125562904,44.7750531546769
1,"Deaths",1790,"Berkshire County",25003,509,"Chronic obstructive pulmonary disease",3,"Both",27,"Age-standardized",1994,"Rate",43.0477708206598,40.7787173255886,45.1890317106499
1,"Deaths",1790,"Berkshire County",25003,509,"Chronic obstructive pulmonary disease",3,"Both",27,"Age-standardized",1995,"Rate",44.7655536975082,42.552415830747,46.9799013637608
1,"Deaths",1790,"Berkshire County",25003,509,"Chronic obstructive pulmonary disease",3,"Both",27,"Age-standardized",1996,"Rate",45.3535748464941,43.0704542293685,47.4593039135178
1,"Deaths",1790,"Berkshire County",25003,509,"Chronic obstructive pulmonary disease",3,"Both",27,"Age-standardized",1997,"Rate",45.8477155704536,43.6081349914177,48.0801095372736
1,"Deaths",1790,"Berkshire County",25003,509,"Chronic obstructive pulmonary disease",3,"Both",27,"Age-standardized",1998,"Rate",46.8009967197578,44.6269182583059,48.9455484158738
1,"Deaths",1790,"Berkshire County",25003,509,"Chronic obstructive pulmonary disease",3,"Both",27,"Age-standardized",1999,"Rate",48.1823248818103,45.9969031440679,50.5644601401718
1,"Deaths",1790,"Berkshire County",25003,509,"Chronic obstructive pulmonary disease",3,"Both",27,"Age-standardized",2000,"Rate",49.3077439318086,46.8611020014978,51.7131574474807
1,"Deaths",1790,"Berkshire County",25003,509,"Chronic obstructive pulmonary disease",3,"Both",27,"Age-standardized",2001,"Rate",49.9268352603563,47.604038259989,52.429343422557
1,"Deaths",1790,"Berkshire County",25003,509,"Chronic obstructive pulmonary disease",3,"Both",27,"Age-standardized",2002,"Rate",48.8010787703544,46.226674559179,51.3871908606383
1,"Deaths",1790,"Berkshire County",25003,509,"Chronic obstructive pulmonary disease",3,"Both",27,"Age-standardized",2003,"Rate",50.0661702196477,47.6427195608896,52.579920753991
1,"Deaths",1790,"Berkshire County",25003,509,"Chronic obstructive pulmonary disease",3,"Both",27,"Age-standardized",2004,"Rate",47.8199014371615,45.4729933451425,50.4138993191968
1,"Deaths",1790,"Berkshire County",25003,509,"Chronic obstructive pulmonary disease",3,"Both",27,"Age-standardized",2005,"Rate",49.1511562501668,46.6234217764853,51.8512323854728
1,"Deaths",1790,"Berkshire County",25003,509,"Chronic obstructive pulmonary disease",3,"Both",27,"Age-standardized",2006,"Rate",47.6112342859264,45.2101526095305,50.1444237441349
1,"Deaths",1790,"Berkshire County",25003,509,"Chronic obstructive pulmonary disease",3,"Both",27,"Age-standardized",2007,"Rate",47.4852618789092,44.8626020286595,50.1099881125915
1,"Deaths",1790,"Berkshire County",25003,509,"Chronic obstructive pulmonary disease",3,"Both",27,"Age-standardized",2008,"Rate",47.2382757652203,44.5043208461005,50.0030213813472
1,"Deaths",1790,"Berkshire County",25003,509,"Chronic obstructive pulmonary disease",3,"Both",27,"Age-standardized",2009,"Rate",46.8554500600173,44.256312136183,49.640538036499
1,"Deaths",1790,"Berkshire County",25003,509,"Chronic obstructive pulmonary disease",3,"Both",27,"Age-standardized",2010,"Rate",45.1503758337105,42.6061952698666,47.566884066517
1,"Deaths",1790,"Berkshire County",25003,509,"Chronic obstructive pulmonary disease",3,"Both",27,"Age-standardized",2011,"Rate",45.9377951050861,43.3736099584387,48.6577456312664
1,"Deaths",1790,"Berkshire County",25003,509,"Chronic obstructive pulmonary disease",3,"Both",27,"Age-standardized",2012,"Rate",44.6540601374333,42.1491967321952,47.4759825591102
1,"Deaths",1790,"Berkshire County",25003,509,"Chronic obstructive pulmonary disease",3,"Both",27,"Age-standardized",2013,"Rate",44.6252103132179,41.9280349781044,47.2917498112391
1,"Deaths",1790,"Berkshire County",25003,509,"Chronic obstructive pulmonary disease",3,"Both",27,"Age-standardized",2014,"Rate",45.4940123591459,42.7409530656119,48.2587297264062
1,"Deaths",1799,"Bristol County",25005,509,"Chronic obstructive pulmonary disease",1,"Male",27,"Age-standardized",1980,"Rate",52.5906911355686,48.6453403537651,56.2675901124725
1,"Deaths",1799,"Bristol County",25005,509,"Chronic obstructive pulmonary disease",1,"Male",27,"Age-standardized",1981,"Rate",51.2072662336916,47.4973547633841,54.5392438078187
1,"Deaths",1799,"Bristol County",25005,509,"Chronic obstructive pulmonary disease",1,"Male",27,"Age-standardized",1982,"Rate",50.6389890932263,46.9606710980931,54.0429648191225
1,"Deaths",1799,"Bristol County",25005,509,"Chronic obstructive pulmonary disease",1,"Male",27,"Age-standardized",1983,"Rate",53.8377905037068,50.0526083393092,57.3282395447082
1,"Deaths",1799,"Bristol County",25005,509,"Chronic obstructive pulmonary disease",1,"Male",27,"Age-standardized",1984,"Rate",55.2086421016947,51.6575392377017,58.7550463048468
1,"Deaths",1799,"Bristol County",25005,509,"Chronic obstructive pulmonary disease",1,"Male",27,"Age-standardized",1985,"Rate",57.2217131309812,53.4749122609928,60.5922431961594
1,"Deaths",1799,"Bristol County",25005,509,"Chronic obstructive pulmonary disease",1,"Male",27,"Age-standardized",1986,"Rate",52.1283443339767,48.810906313324,55.428914821945
1,"Deaths",1799,"Bristol County",25005,509,"Chronic obstructive pulmonary disease",1,"Male",27,"Age-standardized",1987,"Rate",54.7518091286094,51.2299923937805,58.2374605592939
1,"Deaths",1799,"Bristol County",25005,509,"Chronic obstructive pulmonary disease",1,"Male",27,"Age-standardized",1988,"Rate",55.6488958463349,52.2779390805043,59.215119188726
1,"Deaths",1799,"Bristol County",25005,509,"Chronic obstructive pulmonary disease",1,"Male",27,"Age-standardized",1989,"Rate",54.5697725923106,51.0373736721979,58.1059921996402
1,"Deaths",1799,"Bristol County",25005,509,"Chronic obstructive pulmonary disease",1,"Male",27,"Age-standardized",1990,"Rate",56.0305242616999,52.768748110493,59.3011168842668
1,"Deaths",1799,"Bristol County",25005,509,"Chronic obstructive pulmonary disease",1,"Male",27,"Age-standardized",1991,"Rate",54.4101702801761,51.1864451993263,57.7024849050298
1,"Deaths",1799,"Bristol County",25005,509,"Chronic obstructive pulmonary disease",1,"Male",27,"Age-standardized",1992,"Rate",54.9538177838481,51.7661572770594,57.9368464373813
1,"Deaths",1799,"Bristol County",25005,509,"Chronic obstructive pulmonary disease",1,"Male",27,"Age-standardized",1993,"Rate",56.1564129033045,52.9120838075539,59.4675222168629
1,"Deaths",1799,"Bristol County",25005,509,"Chronic obstructive pulmonary disease",1,"Male",27,"Age-standardized",1994,"Rate",56.3951381788968,53.2304633392475,59.4922748873326
1,"Deaths",1799,"Bristol County",25005,509,"Chronic obstructive pulmonary disease",1,"Male",27,"Age-standardized",1995,"Rate",59.5968675032092,56.2929663762475,63.1134111498922
1,"Deaths",1799,"Bristol County",25005,509,"Chronic obstructive pulmonary disease",1,"Male",27,"Age-standardized",1996,"Rate",58.8587025372201,55.7027358196933,62.4154823901371
1,"Deaths",1799,"Bristol County",25005,509,"Chronic obstructive pulmonary disease",1,"Male",27,"Age-standardized",1997,"Rate",57.0551764100533,54.2030885920513,60.1040269240921
1,"Deaths",1799,"Bristol County",25005,509,"Chronic obstructive pulmonary disease",1,"Male",27,"Age-standardized",1998,"Rate",58.1884116031265,54.8252938955885,61.3059598045999
1,"Deaths",1799,"Bristol County",25005,509,"Chronic obstructive pulmonary disease",1,"Male",27,"Age-standardized",1999,"Rate",60.6756210321369,57.4479051871588,64.0610624802654
1,"Deaths",1799,"Bristol County",25005,509,"Chronic obstructive pulmonary disease",1,"Male",27,"Age-standardized",2000,"Rate",62.1640648213169,58.8189031103703,65.5032307002015
1,"Deaths",1799,"Bristol County",25005,509,"Chronic obstructive pulmonary disease",1,"Male",27,"Age-standardized",2001,"Rate",62.967995102697,59.5448472159731,66.5440534466834
1,"Deaths",1799,"Bristol County",25005,509,"Chronic obstructive pulmonary disease",1,"Male",27,"Age-standardized",2002,"Rate",63.4393745015104,60.108518133686,67.2526546406326
1,"Deaths",1799,"Bristol County",25005,509,"Chronic obstructive pulmonary disease",1,"Male",27,"Age-standardized",2003,"Rate",61.929294733312,58.6189719139663,65.7551975874085
1,"Deaths",1799,"Bristol County",25005,509,"Chronic obstructive pulmonary disease",1,"Male",27,"Age-standardized",2004,"Rate",60.5820296365646,57.4536220725319,64.1157848090724
1,"Deaths",1799,"Bristol County",25005,509,"Chronic obstructive pulmonary disease",1,"Male",27,"Age-standardized",2005,"Rate",57.8721133122282,54.5251823941987,61.4147072252635
1,"Deaths",1799,"Bristol County",25005,509,"Chronic obstructive pulmonary disease",1,"Male",27,"Age-standardized",2006,"Rate",57.3431548758638,54.10540901359,61.2993713313929
1,"Deaths",1799,"Bristol County",25005,509,"Chronic obstructive pulmonary disease",1,"Male",27,"Age-standardized",2007,"Rate",52.6086078900073,49.3886191224773,56.1436873709109
1,"Deaths",1799,"Bristol County",25005,509,"Chronic obstructive pulmonary disease",1,"Male",27,"Age-standardized",2008,"Rate",54.9631066736394,51.8649771605074,58.9447492741805
1,"Deaths",1799,"Bristol County",25005,509,"Chronic obstructive pulmonary disease",1,"Male",27,"Age-standardized",2009,"Rate",54.2860868035501,50.8816753022517,58.0317106200176
1,"Deaths",1799,"Bristol County",25005,509,"Chronic obstructive pulmonary disease",1,"Male",27,"Age-standardized",2010,"Rate",51.9555678622162,48.795870961637,55.7412317990019
1,"Deaths",1799,"Bristol County",25005,509,"Chronic obstructive pulmonary disease",1,"Male",27,"Age-standardized",2011,"Rate",55.0686927801192,51.8842449657098,58.903289852544
1,"Deaths",1799,"Bristol County",25005,509,"Chronic obstructive pulmonary disease",1,"Male",27,"Age-standardized",2012,"Rate",50.7369586996122,47.5361011111256,54.5534185226101
1,"Deaths",1799,"Bristol County",25005,509,"Chronic obstructive pulmonary disease",1,"Male",27,"Age-standardized",2013,"Rate",54.1061617409375,50.8323798581393,57.8469086936166
1,"Deaths",1799,"Bristol County",25005,509,"Chronic obstructive pulmonary disease",1,"Male",27,"Age-standardized",2014,"Rate",54.9959346525578,51.3893586491247,59.0550660069803
1,"Deaths",1799,"Bristol County",25005,509,"Chronic obstructive pulmonary disease",2,"Female",27,"Age-standardized",1980,"Rate",14.5358612648474,13.0385274952138,15.9095731240415
1,"Deaths",1799,"Bristol County",25005,509,"Chronic obstructive pulmonary disease",2,"Female",27,"Age-standardized",1981,"Rate",15.0350763979597,13.5713344067507,16.5742731234698
1,"Deaths",1799,"Bristol County",25005,509,"Chronic obstructive pulmonary disease",2,"Female",27,"Age-standardized",1982,"Rate",14.8939446055632,13.3806561627783,16.3707173994134
1,"Deaths",1799,"Bristol County",25005,509,"Chronic obstructive pulmonary disease",2,"Female",27,"Age-standardized",1983,"Rate",16.2333377767619,14.7348415017704,17.790801566547
1,"Deaths",1799,"Bristol County",25005,509,"Chronic obstructive pulmonary disease",2,"Female",27,"Age-standardized",1984,"Rate",15.9232404989348,14.5013574431406,17.368594050316
1,"Deaths",1799,"Bristol County",25005,509,"Chronic obstructive pulmonary disease",2,"Female",27,"Age-standardized",1985,"Rate",17.3999060371207,15.8781026247481,18.8937191675545
1,"Deaths",1799,"Bristol County",25005,509,"Chronic obstructive pulmonary disease",2,"Female",27,"Age-standardized",1986,"Rate",17.6049537462131,16.0477151314986,18.9732043426015
1,"Deaths",1799,"Bristol County",25005,509,"Chronic obstructive pulmonary disease",2,"Female",27,"Age-standardized",1987,"Rate",18.6886672064006,17.1553838950898,20.246195681204
1,"Deaths",1799,"Bristol County",25005,509,"Chronic obstructive pulmonary disease",2,"Female",27,"Age-standardized",1988,"Rate",20.3457039693352,18.7976949366335,22.0341172203278
1,"Deaths",1799,"Bristol County",25005,509,"Chronic obstructive pulmonary disease",2,"Female",27,"Age-standardized",1989,"Rate",19.6660305520808,18.0824322499646,21.1576469589298
1,"Deaths",1799,"Bristol County",25005,509,"Chronic obstructive pulmonary disease",2,"Female",27,"Age-standardized",1990,"Rate",20.0990223731008,18.7145310903246,21.637979608071
1,"Deaths",1799,"Bristol County",25005,509,"Chronic obstructive pulmonary disease",2,"Female",27,"Age-standardized",1991,"Rate",21.1904194823465,19.7034163177293,22.7035418181751
1,"Deaths",1799,"Bristol County",25005,509,"Chronic obstructive pulmonary disease",2,"Female",27,"Age-standardized",1992,"Rate",22.1980909505475,20.7234960011307,23.662065989047
1,"Deaths",1799,"Bristol County",25005,509,"Chronic obstructive pulmonary disease",2,"Female",27,"Age-standardized",1993,"Rate",24.2254125374017,22.5423515876469,25.8922403544958
1,"Deaths",1799,"Bristol County",25005,509,"Chronic obstructive pulmonary disease",2,"Female",27,"Age-standardized",1994,"Rate",24.9286503524011,23.2021972110133,26.5528823560453
1,"Deaths",1799,"Bristol County",25005,509,"Chronic obstructive pulmonary disease",2,"Female",27,"Age-standardized",1995,"Rate",26.519532565013,24.9233484626132,28.2496483449168
1,"Deaths",1799,"Bristol County",25005,509,"Chronic obstructive pulmonary disease",2,"Female",27,"Age-standardized",1996,"Rate",26.7500561988449,24.9531996275912,28.5790821875247
1,"Deaths",1799,"Bristol County",25005,509,"Chronic obstructive pulmonary disease",2,"Female",27,"Age-standardized",1997,"Rate",28.2039428417712,26.3557109563131,30.0672294758958
1,"Deaths",1799,"Bristol County",25005,509,"Chronic obstructive pulmonary disease",2,"Female",27,"Age-standardized",1998,"Rate",28.4107406272137,26.6757911305988,30.227887353491
1,"Deaths",1799,"Bristol County",25005,509,"Chronic obstructive pulmonary disease",2,"Female",27,"Age-standardized",1999,"Rate",30.5065953916885,28.6315895221948,32.5531940685125
1,"Deaths",1799,"Bristol County",25005,509,"Chronic obstructive pulmonary disease",2,"Female",27,"Age-standardized",2000,"Rate",32.8749732626079,31.0861244367272,34.9586806494628
1,"Deaths",1799,"Bristol County",25005,509,"Chronic obstructive pulmonary disease",2,"Female",27,"Age-standardized",2001,"Rate",33.1866766603113,31.1959543966048,35.2978241191325
1,"Deaths",1799,"Bristol County",25005,509,"Chronic obstructive pulmonary disease",2,"Female",27,"Age-standardized",2002,"Rate",34.1419468113307,32.1933885044595,36.4052779874418
1,"Deaths",1799,"Bristol County",25005,509,"Chronic obstructive pulmonary disease",2,"Female",27,"Age-standardized",2003,"Rate",33.3653974433848,31.2895487720493,35.5312066114778
1,"Deaths",1799,"Bristol County",25005,509,"Chronic obstructive pulmonary disease",2,"Female",27,"Age-standardized",2004,"Rate",32.2010853357016,30.2712402668017,34.4466160576094
1,"Deaths",1799,"Bristol County",25005,509,"Chronic obstructive pulmonary disease",2,"Female",27,"Age-standardized",2005,"Rate",33.2043434123881,31.0776900376569,35.4313837443774
1,"Deaths",1799,"Bristol County",25005,509,"Chronic obstructive pulmonary disease",2,"Female",27,"Age-standardized",2006,"Rate",32.0147307325612,30.1180342730139,34.2716786087367
1,"Deaths",1799,"Bristol County",25005,509,"Chronic obstructive pulmonary disease",2,"Female",27,"Age-standardized",2007,"Rate",30.8497327034024,28.973977303651,33.0114968556978
1,"Deaths",1799,"Bristol County",25005,509,"Chronic obstructive pulmonary disease",2,"Female",27,"Age-standardized",2008,"Rate",32.2042548700272,30.2475337084265,34.5745146189414
1,"Deaths",1799,"Bristol County",25005,509,"Chronic obstructive pulmonary disease",2,"Female",27,"Age-standardized",2009,"Rate",33.0060930244794,30.9477825629339,35.2673159699542
1,"Deaths",1799,"Bristol County",25005,509,"Chronic obstructive pulmonary disease",2,"Female",27,"Age-standardized",2010,"Rate",32.7861095628713,30.7643841687431,34.9576708341914
1,"Deaths",1799,"Bristol County",25005,509,"Chronic obstructive pulmonary disease",2,"Female",27,"Age-standardized",2011,"Rate",32.8570322815624,30.6386869989044,35.2041892280956
1,"Deaths",1799,"Bristol County",25005,509,"Chronic obstructive pulmonary disease",2,"Female",27,"Age-standardized",2012,"Rate",31.7357527641176,29.6656915447358,34.0234455754235
1,"Deaths",1799,"Bristol County",25005,509,"Chronic obstructive pulmonary disease",2,"Female",27,"Age-standardized",2013,"Rate",33.4461071359581,31.1678576129749,36.1083383457445
1,"Deaths",1799,"Bristol County",25005,509,"Chronic obstructive pulmonary disease",2,"Female",27,"Age-standardized",2014,"Rate",33.1826812689541,30.8445601532335,35.7595481179866
1,"Deaths",1799,"Bristol County",25005,509,"Chronic obstructive pulmonary disease",3,"Both",27,"Age-standardized",1980,"Rate",27.8494149556923,26.0654522228374,29.5037757509887
1,"Deaths",1799,"Bristol County",25005,509,"Chronic obstructive pulmonary disease",3,"Both",27,"Age-standardized",1981,"Rate",27.5899800511767,25.8965710474715,29.2257512865683
1,"Deaths",1799,"Bristol County",25005,509,"Chronic obstructive pulmonary disease",3,"Both",27,"Age-standardized",1982,"Rate",27.2279508410774,25.5176644230509,28.6845764955897
1,"Deaths",1799,"Bristol County",25005,509,"Chronic obstructive pulmonary disease",3,"Both",27,"Age-standardized",1983,"Rate",29.135730552589,27.4046572140695,30.8007557253702
1,"Deaths",1799,"Bristol County",25005,509,"Chronic obstructive pulmonary disease",3,"Both",27,"Age-standardized",1984,"Rate",29.3972915989416,27.6592716334924,30.9828831579037
1,"Deaths",1799,"Bristol County",25005,509,"Chronic obstructive pulmonary disease",3,"Both",27,"Age-standardized",1985,"Rate",30.971129862513,29.1936529213433,32.5385903569584
1,"Deaths",1799,"Bristol County",25005,509,"Chronic obstructive pulmonary disease",3,"Both",27,"Age-standardized",1986,"Rate",29.3184957343145,27.7637005436884,30.8537654113607
1,"Deaths",1799,"Bristol County",25005,509,"Chronic obstructive pulmonary disease",3,"Both",27,"Age-standardized",1987,"Rate",30.9286075612695,29.2188976708339,32.6665089230257
1,"Deaths",1799,"Bristol County",25005,509,"Chronic obstructive pulmonary disease",3,"Both",27,"Age-standardized",1988,"Rate",32.2908096026662,30.6591524218984,33.9387754632718
1,"Deaths",1799,"Bristol County",25005,509,"Chronic obstructive pulmonary disease",3,"Both",27,"Age-standardized",1989,"Rate",31.5157318598566,29.805262567037,33.0912906820023
1,"Deaths",1799,"Bristol County",25005,509,"Chronic obstructive pulmonary disease",3,"Both",27,"Age-standardized",1990,"Rate",32.3216793044935,30.7064584827925,33.8414791114175
1,"Deaths",1799,"Bristol County",25005,509,"Chronic obstructive pulmonary disease",3,"Both",27,"Age-standardized",1991,"Rate",32.4740099916575,30.9831366546046,33.8850731638583
1,"Deaths",1799,"Bristol County",25005,509,"Chronic obstructive pulmonary disease",3,"Both",27,"Age-standardized",1992,"Rate",33.3477499680628,31.7616958883166,34.8961230733722
1,"Deaths",1799,"Bristol County",25005,509,"Chronic obstructive pulmonary disease",3,"Both",27,"Age-standardized",1993,"Rate",35.1213067104795,33.4546174229385,36.7910074566668
1,"Deaths",1799,"Bristol County",25005,509,"Chronic obstructive pulmonary disease",3,"Both",27,"Age-standardized",1994,"Rate",35.6964885302521,34.083398679928,37.2816529521889
1,"Deaths",1799,"Bristol County",25005,509,"Chronic obstructive pulmonary disease",3,"Both",27,"Age-standardized",1995,"Rate",37.8953139921897,36.2482777274784,39.509066584845
1,"Deaths",1799,"Bristol County",25005,509,"Chronic obstructive pulmonary disease",3,"Both",27,"Age-standardized",1996,"Rate",37.8068176796038,36.1973496065832,39.5547396811993
1,"Deaths",1799,"Bristol County",25005,509,"Chronic obstructive pulmonary disease",3,"Both",27,"Age-standardized",1997,"Rate",38.1120591488334,36.478324280624,39.8192282335535
1,"Deaths",1799,"Bristol County",25005,509,"Chronic obstructive pulmonary disease",3,"Both",27,"Age-standardized",1998,"Rate",38.6937670379715,36.9805671263616,40.4724347179508
1,"Deaths",1799,"Bristol County",25005,509,"Chronic obstructive pulmonary disease",3,"Both",27,"Age-standardized",1999,"Rate",40.9925628515572,39.2473377822242,42.8306952631285
1,"Deaths",1799,"Bristol County",25005,509,"Chronic obstructive pulmonary disease",3,"Both",27,"Age-standardized",2000,"Rate",43.0837489423584,41.3020167893053,45.0267618459767
1,"Deaths",1799,"Bristol County",25005,509,"Chronic obstructive pulmonary disease",3,"Both",27,"Age-standardized",2001,"Rate",43.7001250815604,41.9261625689648,45.7451575768466
1,"Deaths",1799,"Bristol County",25005,509,"Chronic obstructive pulmonary disease",3,"Both",27,"Age-standardized",2002,"Rate",44.5397244020172,42.8007825730166,46.6553348430562
1,"Deaths",1799,"Bristol County",25005,509,"Chronic obstructive pulmonary disease",3,"Both",27,"Age-standardized",2003,"Rate",43.581066774156,41.6984704212839,45.6741880379564
1,"Deaths",1799,"Bristol County",25005,509,"Chronic obstructive pulmonary disease",3,"Both",27,"Age-standardized",2004,"Rate",42.4269575930505,40.6263494106596,44.5516711882943
1,"Deaths",1799,"Bristol County",25005,509,"Chronic obstructive pulmonary disease",3,"Both",27,"Age-standardized",2005,"Rate",42.1401950238032,40.3193559992447,44.1079377258252
1,"Deaths",1799,"Bristol County",25005,509,"Chronic obstructive pulmonary disease",3,"Both",27,"Age-standardized",2006,"Rate",41.30749953285,39.5276720066514,43.512539196676
1,"Deaths",1799,"Bristol County",25005,509,"Chronic obstructive pulmonary disease",3,"Both",27,"Age-standardized",2007,"Rate",38.8544699912363,37.0684203498711,40.8931905420091
1,"Deaths",1799,"Bristol County",25005,509,"Chronic obstructive pulmonary disease",3,"Both",27,"Age-standardized",2008,"Rate",40.686168844419,38.8454008261386,42.8866677629949
1,"Deaths",1799,"Bristol County",25005,509,"Chronic obstructive pulmonary disease",3,"Both",27,"Age-standardized",2009,"Rate",40.9970726924459,39.1462918969255,43.2044983063846
1,"Deaths",1799,"Bristol County",25005,509,"Chronic obstructive pulmonary disease",3,"Both",27,"Age-standardized",2010,"Rate",39.9905948881518,38.231102020628,42.0698603438089
1,"Deaths",1799,"Bristol County",25005,509,"Chronic obstructive pulmonary disease",3,"Both",27,"Age-standardized",2011,"Rate",41.282970053332,39.387633297864,43.5711441907854
1,"Deaths",1799,"Bristol County",25005,509,"Chronic obstructive pulmonary disease",3,"Both",27,"Age-standardized",2012,"Rate",38.9726037314655,37.0908911436319,41.0982879611969
1,"Deaths",1799,"Bristol County",25005,509,"Chronic obstructive pulmonary disease",3,"Both",27,"Age-standardized",2013,"Rate",41.3719507499275,39.3382699565026,43.6215055910923
1,"Deaths",1799,"Bristol County",25005,509,"Chronic obstructive pulmonary disease",3,"Both",27,"Age-standardized",2014,"Rate",41.594847589825,39.5443662394774,43.9918692229439
1,"Deaths",1801,"Dukes County",25007,509,"Chronic obstructive pulmonary disease",1,"Male",27,"Age-standardized",1980,"Rate",62.45819869812,52.5033693615765,72.9329769107026
1,"Deaths",1801,"Dukes County",25007,509,"Chronic obstructive pulmonary disease",1,"Male",27,"Age-standardized",1981,"Rate",60.8984117649415,51.793975095811,70.9418651445496
1,"Deaths",1801,"Dukes County",25007,509,"Chronic obstructive pulmonary disease",1,"Male",27,"Age-standardized",1982,"Rate",59.193885814274,50.5647543674803,68.3422150972117
1,"Deaths",1801,"Dukes County",25007,509,"Chronic obstructive pulmonary disease",1,"Male",27,"Age-standardized",1983,"Rate",59.4166402796582,50.9533117934591,68.1532651674214
1,"Deaths",1801,"Dukes County",25007,509,"Chronic obstructive pulmonary disease",1,"Male",27,"Age-standardized",1984,"Rate",58.0548469056141,49.9643004620345,66.5781166656424
1,"Deaths",1801,"Dukes County",25007,509,"Chronic obstructive pulmonary disease",1,"Male",27,"Age-standardized",1985,"Rate",57.8164916227336,49.6576689996889,65.3398260618291
1,"Deaths",1801,"Dukes County",25007,509,"Chronic obstructive pulmonary disease",1,"Male",27,"Age-standardized",1986,"Rate",57.2967774616416,49.2581372211541,65.4257413711294
1,"Deaths",1801,"Dukes County",25007,509,"Chronic obstructive pulmonary disease",1,"Male",27,"Age-standardized",1987,"Rate",56.1089963249024,48.8126178540413,63.9110946658039
1,"Deaths",1801,"Dukes County",25007,509,"Chronic obstructive pulmonary disease",1,"Male",27,"Age-standardized",1988,"Rate",55.7414246045861,48.8778730978693,62.8631574843973
1,"Deaths",1801,"Dukes County",25007,509,"Chronic obstructive pulmonary disease",1,"Male",27,"Age-standardized",1989,"Rate",52.9309325860062,46.3593632125493,59.5605495219391
1,"Deaths",1801,"Dukes County",25007,509,"Chronic obstructive pulmonary disease",1,"Male",27,"Age-standardized",1990,"Rate",51.5230387354582,45.4387186551433,58.0863087385494
1,"Deaths",1801,"Dukes County",25007,509,"Chronic obstructive pulmonary disease",1,"Male",27,"Age-standardized",1991,"Rate",50.5867780272926,44.5169315998732,56.7169753244015
1,"Deaths",1801,"Dukes County",25007,509,"Chronic obstructive pulmonary disease",1,"Male",27,"Age-standardized",1992,"Rate",49.0693291277675,43.2879785075472,54.8304678364426
1,"Deaths",1801,"Dukes County",25007,509,"Chronic obstructive pulmonary disease",1,"Male",27,"Age-standardized",1993,"Rate",49.5942829897548,43.8145000018239,55.6188023203525
1,"Deaths",1801,"Dukes County",25007,509,"Chronic obstructive pulmonary disease",1,"Male",27,"Age-standardized",1994,"Rate",48.9527826670162,43.3581075013471,54.9810332529415
1,"Deaths",1801,"Dukes County",25007,509,"Chronic obstructive pulmonary disease",1,"Male",27,"Age-standardized",1995,"Rate",48.4410901829825,42.5729275576448,54.2263320526119
1,"Deaths",1801,"Dukes County",25007,509,"Chronic obstructive pulmonary disease",1,"Male",27,"Age-standardized",1996,"Rate",47.2740667164415,41.8678440610633,53.027296183477
1,"Deaths",1801,"Dukes County",25007,509,"Chronic obstructive pulmonary disease",1,"Male",27,"Age-standardized",1997,"Rate",46.240437321134,40.8293274579256,51.8559433053824
1,"Deaths",1801,"Dukes County",25007,509,"Chronic obstructive pulmonary disease",1,"Male",27,"Age-standardized",1998,"Rate",46.0811592479372,40.338189532634,51.5036392149506
1,"Deaths",1801,"Dukes County",25007,509,"Chronic obstructive pulmonary disease",1,"Male",27,"Age-standardized",1999,"Rate",46.8570289343928,40.9277925176444,52.8967863728603
1,"Deaths",1801,"Dukes County",25007,509,"Chronic obstructive pulmonary disease",1,"Male",27,"Age-standardized",2000,"Rate",44.9722799648912,39.1108121548165,50.3443430364077
1,"Deaths",1801,"Dukes County",25007,509,"Chronic obstructive pulmonary disease",1,"Male",27,"Age-standardized",2001,"Rate",45.1078128699124,39.4352253405878,50.9240309536971
1,"Deaths",1801,"Dukes County",25007,509,"Chronic obstructive pulmonary disease",1,"Male",27,"Age-standardized",2002,"Rate",44.0529312167503,37.8016204897399,49.9597227959062
1,"Deaths",1801,"Dukes County",25007,509,"Chronic obstructive pulmonary disease",1,"Male",27,"Age-standardized",2003,"Rate",43.0597043954594,37.5836039542956,48.9078630634769
1,"Deaths",1801,"Dukes County",25007,509,"Chronic obstructive pulmonary disease",1,"Male",27,"Age-standardized",2004,"Rate",40.4496647451078,34.7102283642977,46.1121121269293
1,"Deaths",1801,"Dukes County",25007,509,"Chronic obstructive pulmonary disease",1,"Male",27,"Age-standardized",2005,"Rate",39.4741048189962,33.6316102057713,45.3330156334706
1,"Deaths",1801,"Dukes County",25007,509,"Chronic obstructive pulmonary disease",1,"Male",27,"Age-standardized",2006,"Rate",38.6582703767991,33.0822911161671,44.3549487205627
1,"Deaths",1801,"Dukes County",25007,509,"Chronic obstructive pulmonary disease",1,"Male",27,"Age-standardized",2007,"Rate",36.7769416809269,31.2187825580864,42.2589899269102
1,"Deaths",1801,"Dukes County",25007,509,"Chronic obstructive pulmonary disease",1,"Male",27,"Age-standardized",2008,"Rate",35.3741739073616,29.8234018593376,41.0604649320537
1,"Deaths",1801,"Dukes County",25007,509,"Chronic obstructive pulmonary disease",1,"Male",27,"Age-standardized",2009,"Rate",34.2721472434131,28.5670801088577,40.2257130645274
1,"Deaths",1801,"Dukes County",25007,509,"Chronic obstructive pulmonary disease",1,"Male",27,"Age-standardized",2010,"Rate",33.5184105948056,27.5648503932663,39.2176182347057
1,"Deaths",1801,"Dukes County",25007,509,"Chronic obstructive pulmonary disease",1,"Male",27,"Age-standardized",2011,"Rate",32.7129357696662,26.7777925787639,38.4923583133659
1,"Deaths",1801,"Dukes County",25007,509,"Chronic obstructive pulmonary disease",1,"Male",27,"Age-standardized",2012,"Rate",32.4181897539897,26.526429203032,38.2078638805074
1,"Deaths",1801,"Dukes County",25007,509,"Chronic obstructive pulmonary disease",1,"Male",27,"Age-standardized",2013,"Rate",31.8896205416655,25.9299766608891,38.0545195314036
1,"Deaths",1801,"Dukes County",25007,509,"Chronic obstructive pulmonary disease",1,"Male",27,"Age-standardized",2014,"Rate",31.0645777192278,24.9489475837369,37.3606022722733
1,"Deaths",1801,"Dukes County",25007,509,"Chronic obstructive pulmonary disease",2,"Female",27,"Age-standardized",1980,"Rate",20.6786883026804,16.8354103506702,25.1123038791098
1,"Deaths",1801,"Dukes County",25007,509,"Chronic obstructive pulmonary disease",2,"Female",27,"Age-standardized",1981,"Rate",20.4817623821152,16.7462222472402,24.7602761214452
1,"Deaths",1801,"Dukes County",25007,509,"Chronic obstructive pulmonary disease",2,"Female",27,"Age-standardized",1982,"Rate",20.6787769052754,17.1206283314177,24.8885602655833
1,"Deaths",1801,"Dukes County",25007,509,"Chronic obstructive pulmonary disease",2,"Female",27,"Age-standardized",1983,"Rate",21.3549939222891,17.6297111479173,25.4887873040303
1,"Deaths",1801,"Dukes County",25007,509,"Chronic obstructive pulmonary disease",2,"Female",27,"Age-standardized",1984,"Rate",22.1035415937701,18.4655386509149,26.2300491473715
1,"Deaths",1801,"Dukes County",25007,509,"Chronic obstructive pulmonary disease",2,"Female",27,"Age-standardized",1985,"Rate",22.6324352018531,19.1101574866216,26.592348082831
1,"Deaths",1801,"Dukes County",25007,509,"Chronic obstructive pulmonary disease",2,"Female",27,"Age-standardized",1986,"Rate",23.6588670023981,20.0928821891567,27.7042317009554
1,"Deaths",1801,"Dukes County",25007,509,"Chronic obstructive pulmonary disease",2,"Female",27,"Age-standardized",1987,"Rate",24.1695855182477,20.4726753390388,28.3161732861617
1,"Deaths",1801,"Dukes County",25007,509,"Chronic obstructive pulmonary disease",2,"Female",27,"Age-standardized",1988,"Rate",25.0270329443112,21.3739616439097,29.0210785342834
1,"Deaths",1801,"Dukes County",25007,509,"Chronic obstructive pulmonary disease",2,"Female",27,"Age-standardized",1989,"Rate",25.6523002022694,21.8439568405433,29.638043670871
1,"Deaths",1801,"Dukes County",25007,509,"Chronic obstructive pulmonary disease",2,"Female",27,"Age-standardized",1990,"Rate",24.9742178457199,21.4880195462617,28.6525793125222
1,"Deaths",1801,"Dukes County",25007,509,"Chronic obstructive pulmonary disease",2,"Female",27,"Age-standardized",1991,"Rate",26.313236745802,22.6737429197146,30.1863799761218
1,"Deaths",1801,"Dukes County",25007,509,"Chronic obstructive pulmonary disease",2,"Female",27,"Age-standardized",1992,"Rate",26.3846496349221,23.0494447562143,30.1312044606804
1,"Deaths",1801,"Dukes County",25007,509,"Chronic obstructive pulmonary disease",2,"Female",27,"Age-standardized",1993,"Rate",28.1225677580808,24.3759259038619,31.9192325210189
1,"Deaths",1801,"Dukes County",25007,509,"Chronic obstructive pulmonary disease",2,"Female",27,"Age-standardized",1994,"Rate",28.681863943318,25.1092448431244,32.2458303626537
1,"Deaths",1801,"Dukes County",25007,509,"Chronic obstructive pulmonary disease",2,"Female",27,"Age-standardized",1995,"Rate",29.9982756415063,26.3723898945726,33.9113994726588
1,"Deaths",1801,"Dukes County",25007,509,"Chronic obstructive pulmonary disease",2,"Female",27,"Age-standardized",1996,"Rate",30.2099203051884,26.5655664946807,33.9721703419837
1,"Deaths",1801,"Dukes County",25007,509,"Chronic obstructive pulmonary disease",2,"Female",27,"Age-standardized",1997,"Rate",30.8439778640751,27.341176598892,34.5558995616449
1,"Deaths",1801,"Dukes County",25007,509,"Chronic obstructive pulmonary disease",2,"Female",27,"Age-standardized",1998,"Rate",31.7051006704351,27.8821788338181,35.5790881860045
1,"Deaths",1801,"Dukes County",25007,509,"Chronic obstructive pulmonary disease",2,"Female",27,"Age-standardized",1999,"Rate",32.4401426648984,28.6007053882874,36.1256192730493
1,"Deaths",1801,"Dukes County",25007,509,"Chronic obstructive pulmonary disease",2,"Female",27,"Age-standardized",2000,"Rate",33.5168513192492,29.7336069533073,37.4964779055491
1,"Deaths",1801,"Dukes County",25007,509,"Chronic obstructive pulmonary disease",2,"Female",27,"Age-standardized",2001,"Rate",34.4133021412483,30.5365496150664,38.4256519033021
1,"Deaths",1801,"Dukes County",25007,509,"Chronic obstructive pulmonary disease",2,"Female",27,"Age-standardized",2002,"Rate",34.1220463258303,30.1165353383279,38.0652155084589
1,"Deaths",1801,"Dukes County",25007,509,"Chronic obstructive pulmonary disease",2,"Female",27,"Age-standardized",2003,"Rate",34.4820146524763,30.5244647177565,38.5224812993726
1,"Deaths",1801,"Dukes County",25007,509,"Chronic obstructive pulmonary disease",2,"Female",27,"Age-standardized",2004,"Rate",33.3331466998235,29.211517396792,37.1975556721699
1,"Deaths",1801,"Dukes County",25007,509,"Chronic obstructive pulmonary disease",2,"Female",27,"Age-standardized",2005,"Rate",33.9245533977794,29.9020326770728,37.8998427962163
1,"Deaths",1801,"Dukes County",25007,509,"Chronic obstructive pulmonary disease",2,"Female",27,"Age-standardized",2006,"Rate",34.5730127358351,30.1897479177212,38.9139245464175
1,"Deaths",1801,"Dukes County",25007,509,"Chronic obstructive pulmonary disease",2,"Female",27,"Age-standardized",2007,"Rate",33.2730376989439,29.0592654006754,37.7799823100605
1,"Deaths",1801,"Dukes County",25007,509,"Chronic obstructive pulmonary disease",2,"Female",27,"Age-standardized",2008,"Rate",33.2890542759067,29.0751889296351,37.4758815927203
1,"Deaths",1801,"Dukes County",25007,509,"Chronic obstructive pulmonary disease",2,"Female",27,"Age-standardized",2009,"Rate",32.7184377566804,28.0557280171941,37.1771111498613
1,"Deaths",1801,"Dukes County",25007,509,"Chronic obstructive pulmonary disease",2,"Female",27,"Age-standardized",2010,"Rate",32.4321089554346,27.8406933912684,37.0038525383922
1,"Deaths",1801,"Dukes County",25007,509,"Chronic obstructive pulmonary disease",2,"Female",27,"Age-standardized",2011,"Rate",33.111291334478,28.2718178426266,37.9531654907017
1,"Deaths",1801,"Dukes County",25007,509,"Chronic obstructive pulmonary disease",2,"Female",27,"Age-standardized",2012,"Rate",32.485692634702,27.5913497481613,37.444591427905
1,"Deaths",1801,"Dukes County",25007,509,"Chronic obstructive pulmonary disease",2,"Female",27,"Age-standardized",2013,"Rate",32.1993564164254,27.1110591931074,36.9938563659595
1,"Deaths",1801,"Dukes County",25007,509,"Chronic obstructive pulmonary disease",2,"Female",27,"Age-standardized",2014,"Rate",32.0416741777527,26.5586421463617,37.1982062448214
1,"Deaths",1801,"Dukes County",25007,509,"Chronic obstructive pulmonary disease",3,"Both",27,"Age-standardized",1980,"Rate",35.0167920398255,30.6387706058242,40.1352934624055
1,"Deaths",1801,"Dukes County",25007,509,"Chronic obstructive pulmonary disease",3,"Both",27,"Age-standardized",1981,"Rate",34.4505945279334,29.9642441432314,39.2371295766305
1,"Deaths",1801,"Dukes County",25007,509,"Chronic obstructive pulmonary disease",3,"Both",27,"Age-standardized",1982,"Rate",33.974622822342,29.7881789444202,38.508187351737
1,"Deaths",1801,"Dukes County",25007,509,"Chronic obstructive pulmonary disease",3,"Both",27,"Age-standardized",1983,"Rate",34.4839544180279,30.3786747364753,38.8726009178195
1,"Deaths",1801,"Dukes County",25007,509,"Chronic obstructive pulmonary disease",3,"Both",27,"Age-standardized",1984,"Rate",34.6096728870977,30.5278983906887,38.9924850431222
1,"Deaths",1801,"Dukes County",25007,509,"Chronic obstructive pulmonary disease",3,"Both",27,"Age-standardized",1985,"Rate",35.0215448898613,31.0994662450163,39.1900381998661
1,"Deaths",1801,"Dukes County",25007,509,"Chronic obstructive pulmonary disease",3,"Both",27,"Age-standardized",1986,"Rate",35.595532120992,31.4150383471104,40.1208650896934
1,"Deaths",1801,"Dukes County",25007,509,"Chronic obstructive pulmonary disease",3,"Both",27,"Age-standardized",1987,"Rate",35.5524317437577,31.619412597324,39.9287226421876
1,"Deaths",1801,"Dukes County",25007,509,"Chronic obstructive pulmonary disease",3,"Both",27,"Age-standardized",1988,"Rate",36.0829969663351,32.0491772808066,40.1614560434479
1,"Deaths",1801,"Dukes County",25007,509,"Chronic obstructive pulmonary disease",3,"Both",27,"Age-standardized",1989,"Rate",35.4945158622015,31.8608883774927,39.6021886401092
1,"Deaths",1801,"Dukes County",25007,509,"Chronic obstructive pulmonary disease",3,"Both",27,"Age-standardized",1990,"Rate",34.578835838836,31.0703502450323,38.3015487844713
1,"Deaths",1801,"Dukes County",25007,509,"Chronic obstructive pulmonary disease",3,"Both",27,"Age-standardized",1991,"Rate",35.0159736373544,31.2672064121898,38.804649452784
1,"Deaths",1801,"Dukes County",25007,509,"Chronic obstructive pulmonary disease",3,"Both",27,"Age-standardized",1992,"Rate",34.4424616802994,30.939020758492,37.8857146833103
1,"Deaths",1801,"Dukes County",25007,509,"Chronic obstructive pulmonary disease",3,"Both",27,"Age-standardized",1993,"Rate",35.7509586877244,32.0460677653806,39.399943608275
1,"Deaths",1801,"Dukes County",25007,509,"Chronic obstructive pulmonary disease",3,"Both",27,"Age-standardized",1994,"Rate",35.82280705576,32.2468720782084,39.4404241189214
1,"Deaths",1801,"Dukes County",25007,509,"Chronic obstructive pulmonary disease",3,"Both",27,"Age-standardized",1995,"Rate",36.4434112431912,32.7610197283027,40.057870881202
1,"Deaths",1801,"Dukes County",25007,509,"Chronic obstructive pulmonary disease",3,"Both",27,"Age-standardized",1996,"Rate",36.1412692115384,32.4207637494029,39.7809137287068
1,"Deaths",1801,"Dukes County",25007,509,"Chronic obstructive pulmonary disease",3,"Both",27,"Age-standardized",1997,"Rate",36.1837902309473,32.5114678380653,39.902632477698
1,"Deaths",1801,"Dukes County",25007,509,"Chronic obstructive pulmonary disease",3,"Both",27,"Age-standardized",1998,"Rate",36.6293332112259,33.0757579668727,40.1803061795574
1,"Deaths",1801,"Dukes County",25007,509,"Chronic obstructive pulmonary disease",3,"Both",27,"Age-standardized",1999,"Rate",37.3896924435504,33.7465350102668,40.9383674112201
1,"Deaths",1801,"Dukes County",25007,509,"Chronic obstructive pulmonary disease",3,"Both",27,"Age-standardized",2000,"Rate",37.4334035859617,33.6736670310004,41.0339744580967
1,"Deaths",1801,"Dukes County",25007,509,"Chronic obstructive pulmonary disease",3,"Both",27,"Age-standardized",2001,"Rate",38.1026968448748,34.122892055936,41.7910756741396
1,"Deaths",1801,"Dukes County",25007,509,"Chronic obstructive pulmonary disease",3,"Both",27,"Age-standardized",2002,"Rate",37.7438746676661,33.7995503741638,41.436519808445
1,"Deaths",1801,"Dukes County",25007,509,"Chronic obstructive pulmonary disease",3,"Both",27,"Age-standardized",2003,"Rate",37.570897970108,33.6467389545184,41.4258006407339
1,"Deaths",1801,"Dukes County",25007,509,"Chronic obstructive pulmonary disease",3,"Both",27,"Age-standardized",2004,"Rate",36.0321603785692,32.2147315919315,39.8804162706363
1,"Deaths",1801,"Dukes County",25007,509,"Chronic obstructive pulmonary disease",3,"Both",27,"Age-standardized",2005,"Rate",36.0227479738754,32.0725639254927,39.6847029273693
1,"Deaths",1801,"Dukes County",25007,509,"Chronic obstructive pulmonary disease",3,"Both",27,"Age-standardized",2006,"Rate",36.1487477570986,31.9791223331481,39.9892645788417
1,"Deaths",1801,"Dukes County",25007,509,"Chronic obstructive pulmonary disease",3,"Both",27,"Age-standardized",2007,"Rate",34.6420344336972,31.0467951436231,38.3877474035643
1,"Deaths",1801,"Dukes County",25007,509,"Chronic obstructive pulmonary disease",3,"Both",27,"Age-standardized",2008,"Rate",34.0815099198413,30.277060631542,37.8711087645336
1,"Deaths",1801,"Dukes County",25007,509,"Chronic obstructive pulmonary disease",3,"Both",27,"Age-standardized",2009,"Rate",33.2929826912966,29.3086984277772,37.1339245462979
1,"Deaths",1801,"Dukes County",25007,509,"Chronic obstructive pulmonary disease",3,"Both",27,"Age-standardized",2010,"Rate",32.8510217446101,28.8803922787217,36.6436586159454
1,"Deaths",1801,"Dukes County",25007,509,"Chronic obstructive pulmonary disease",3,"Both",27,"Age-standardized",2011,"Rate",32.9395640606501,28.931726365821,37.1254665384208
1,"Deaths",1801,"Dukes County",25007,509,"Chronic obstructive pulmonary disease",3,"Both",27,"Age-standardized",2012,"Rate",32.4297042271352,28.289549037855,36.5190070632422
1,"Deaths",1801,"Dukes County",25007,509,"Chronic obstructive pulmonary disease",3,"Both",27,"Age-standardized",2013,"Rate",32.0710084189389,28.0026959711434,36.1396295388832
1,"Deaths",1801,"Dukes County",25007,509,"Chronic obstructive pulmonary disease",3,"Both",27,"Age-standardized",2014,"Rate",31.6309261589976,27.2708878522011,35.8375099762067
1,"Deaths",1789,"Essex County",25009,509,"Chronic obstructive pulmonary disease",1,"Male",27,"Age-standardized",1980,"Rate",64.3246333203367,59.9977076467379,68.5006567014828
1,"Deaths",1789,"Essex County",25009,509,"Chronic obstructive pulmonary disease",1,"Male",27,"Age-standardized",1981,"Rate",59.0287801121425,54.8706525366716,62.8158987561791
1,"Deaths",1789,"Essex County",25009,509,"Chronic obstructive pulmonary disease",1,"Male",27,"Age-standardized",1982,"Rate",54.7116244504953,50.785715653368,58.1111420708541
1,"Deaths",1789,"Essex County",25009,509,"Chronic obstructive pulmonary disease",1,"Male",27,"Age-standardized",1983,"Rate",58.3564009401152,54.5509981209861,62.0010226754719
1,"Deaths",1789,"Essex County",25009,509,"Chronic obstructive pulmonary disease",1,"Male",27,"Age-standardized",1984,"Rate",60.7341638435599,56.8405000061452,64.3097055087036
1,"Deaths",1789,"Essex County",25009,509,"Chronic obstructive pulmonary disease",1,"Male",27,"Age-standardized",1985,"Rate",58.525807070729,54.6268060153549,61.9831348690668
1,"Deaths",1789,"Essex County",25009,509,"Chronic obstructive pulmonary disease",1,"Male",27,"Age-standardized",1986,"Rate",61.5382162539887,57.8892562145832,65.0320448308243
1,"Deaths",1789,"Essex County",25009,509,"Chronic obstructive pulmonary disease",1,"Male",27,"Age-standardized",1987,"Rate",58.6921247217838,55.0755772487058,62.140230430097
1,"Deaths",1789,"Essex County",25009,509,"Chronic obstructive pulmonary disease",1,"Male",27,"Age-standardized",1988,"Rate",59.2469815341406,55.728792567609,62.7838786408242
1,"Deaths",1789,"Essex County",25009,509,"Chronic obstructive pulmonary disease",1,"Male",27,"Age-standardized",1989,"Rate",54.7123045275285,51.3495083116726,57.8055111285691
1,"Deaths",1789,"Essex County",25009,509,"Chronic obstructive pulmonary disease",1,"Male",27,"Age-standardized",1990,"Rate",52.9078696148456,49.5979241666142,55.750307978135
1,"Deaths",1789,"Essex County",25009,509,"Chronic obstructive pulmonary disease",1,"Male",27,"Age-standardized",1991,"Rate",53.1013235258299,49.9471728184355,56.4364708730851
1,"Deaths",1789,"Essex County",25009,509,"Chronic obstructive pulmonary disease",1,"Male",27,"Age-standardized",1992,"Rate",54.4559484302663,51.4005089330271,57.7100643961657
1,"Deaths",1789,"Essex County",25009,509,"Chronic obstructive pulmonary disease",1,"Male",27,"Age-standardized",1993,"Rate",53.1674027098607,50.2098805910989,56.2871350426979
1,"Deaths",1789,"Essex County",25009,509,"Chronic obstructive pulmonary disease",1,"Male",27,"Age-standardized",1994,"Rate",52.9149399674897,50.1093163033387,55.7627766106659
1,"Deaths",1789,"Essex County",25009,509,"Chronic obstructive pulmonary disease",1,"Male",27,"Age-standardized",1995,"Rate",52.6597220160373,49.6633195052452,55.6229112753327
1,"Deaths",1789,"Essex County",25009,509,"Chronic obstructive pulmonary disease",1,"Male",27,"Age-standardized",1996,"Rate",52.8416504535837,49.5596199119986,55.803660338959
1,"Deaths",1789,"Essex County",25009,509,"Chronic obstructive pulmonary disease",1,"Male",27,"Age-standardized",1997,"Rate",50.1350190270398,47.2363887573081,52.920512176153
1,"Deaths",1789,"Essex County",25009,509,"Chronic obstructive pulmonary disease",1,"Male",27,"Age-standardized",1998,"Rate",53.7722034282925,50.7935331330813,57.020840974143
1,"Deaths",1789,"Essex County",25009,509,"Chronic obstructive pulmonary disease",1,"Male",27,"Age-standardized",1999,"Rate",54.7540341835253,51.8355546012005,57.7757031665845
1,"Deaths",1789,"Essex County",25009,509,"Chronic obstructive pulmonary disease",1,"Male",27,"Age-standardized",2000,"Rate",53.245731852913,50.2497950234543,56.3677364623404
1,"Deaths",1789,"Essex County",25009,509,"Chronic obstructive pulmonary disease",1,"Male",27,"Age-standardized",2001,"Rate",48.3562335598311,45.5299556694068,51.4087327250866
1,"Deaths",1789,"Essex County",25009,509,"Chronic obstructive pulmonary disease",1,"Male",27,"Age-standardized",2002,"Rate",53.8795772153455,50.7086977136307,57.18645649843
1,"Deaths",1789,"Essex County",25009,509,"Chronic obstructive pulmonary disease",1,"Male",27,"Age-standardized",2003,"Rate",48.1594848750013,45.4244584592006,51.3820139829633
1,"Deaths",1789,"Essex County",25009,509,"Chronic obstructive pulmonary disease",1,"Male",27,"Age-standardized",2004,"Rate",48.6103593400239,45.6785935571873,51.8699826176177
1,"Deaths",1789,"Essex County",25009,509,"Chronic obstructive pulmonary disease",1,"Male",27,"Age-standardized",2005,"Rate",43.6645437725595,40.92633828954,47.0204122691055
1,"Deaths",1789,"Essex County",25009,509,"Chronic obstructive pulmonary disease",1,"Male",27,"Age-standardized",2006,"Rate",43.7802426267513,40.7640254847283,47.1770572292986
1,"Deaths",1789,"Essex County",25009,509,"Chronic obstructive pulmonary disease",1,"Male",27,"Age-standardized",2007,"Rate",42.4710639952294,39.6847214534298,45.8536931467239
1,"Deaths",1789,"Essex County",25009,509,"Chronic obstructive pulmonary disease",1,"Male",27,"Age-standardized",2008,"Rate",42.1913744299474,39.5225729177397,45.600741194287
1,"Deaths",1789,"Essex County",25009,509,"Chronic obstructive pulmonary disease",1,"Male",27,"Age-standardized",2009,"Rate",40.9025038867936,38.0606315241361,44.3511922074246
1,"Deaths",1789,"Essex County",25009,509,"Chronic obstructive pulmonary disease",1,"Male",27,"Age-standardized",2010,"Rate",40.2764244199163,37.4125194956654,43.7939779593825
1,"Deaths",1789,"Essex County",25009,509,"Chronic obstructive pulmonary disease",1,"Male",27,"Age-standardized",2011,"Rate",38.6470939563783,35.7903426266917,42.3270035093049
1,"Deaths",1789,"Essex County",25009,509,"Chronic obstructive pulmonary disease",1,"Male",27,"Age-standardized",2012,"Rate",38.5154747442636,35.9484459837421,42.0008788016047
1,"Deaths",1789,"Essex County",25009,509,"Chronic obstructive pulmonary disease",1,"Male",27,"Age-standardized",2013,"Rate",37.9167005005859,35.2309309620531,41.5857118245901
1,"Deaths",1789,"Essex County",25009,509,"Chronic obstructive pulmonary disease",1,"Male",27,"Age-standardized",2014,"Rate",39.5520184910175,36.8016634914485,43.0854171735725
1,"Deaths",1789,"Essex County",25009,509,"Chronic obstructive pulmonary disease",2,"Female",27,"Age-standardized",1980,"Rate",20.7503496075485,18.9652478617834,22.4709127196237
1,"Deaths",1789,"Essex County",25009,509,"Chronic obstructive pulmonary disease",2,"Female",27,"Age-standardized",1981,"Rate",19.9413167533992,18.1018363358242,21.5380520435661
1,"Deaths",1789,"Essex County",25009,509,"Chronic obstructive pulmonary disease",2,"Female",27,"Age-standardized",1982,"Rate",20.1362591597101,18.3715808487944,21.6428661872521
1,"Deaths",1789,"Essex County",25009,509,"Chronic obstructive pulmonary disease",2,"Female",27,"Age-standardized",1983,"Rate",21.3467386152856,19.523218637993,22.9812562161256
1,"Deaths",1789,"Essex County",25009,509,"Chronic obstructive pulmonary disease",2,"Female",27,"Age-standardized",1984,"Rate",22.1597960257811,20.2865536735944,23.8553072622421
1,"Deaths",1789,"Essex County",25009,509,"Chronic obstructive pulmonary disease",2,"Female",27,"Age-standardized",1985,"Rate",21.6830493093863,20.0582899364687,23.2443208532342
1,"Deaths",1789,"Essex County",25009,509,"Chronic obstructive pulmonary disease",2,"Female",27,"Age-standardized",1986,"Rate",24.4266167074864,22.566762387171,26.1160180451194
1,"Deaths",1789,"Essex County",25009,509,"Chronic obstructive pulmonary disease",2,"Female",27,"Age-standardized",1987,"Rate",24.0185155353481,22.3183689793109,25.6505552237293
1,"Deaths",1789,"Essex County",25009,509,"Chronic obstructive pulmonary disease",2,"Female",27,"Age-standardized",1988,"Rate",26.0474849638831,24.2349436550602,27.760120029831
1,"Deaths",1789,"Essex County",25009,509,"Chronic obstructive pulmonary disease",2,"Female",27,"Age-standardized",1989,"Rate",25.7947456970028,24.0361581298463,27.4607429762
1,"Deaths",1789,"Essex County",25009,509,"Chronic obstructive pulmonary disease",2,"Female",27,"Age-standardized",1990,"Rate",25.3153103135057,23.6157778301402,26.9310540697113
1,"Deaths",1789,"Essex County",25009,509,"Chronic obstructive pulmonary disease",2,"Female",27,"Age-standardized",1991,"Rate",26.7598827323021,24.9732241456018,28.5140287518954
1,"Deaths",1789,"Essex County",25009,509,"Chronic obstructive pulmonary disease",2,"Female",27,"Age-standardized",1992,"Rate",27.8695037355697,26.2195506242581,29.4322051669144
1,"Deaths",1789,"Essex County",25009,509,"Chronic obstructive pulmonary disease",2,"Female",27,"Age-standardized",1993,"Rate",28.896700510397,27.0486004562215,30.7047264152662
1,"Deaths",1789,"Essex County",25009,509,"Chronic obstructive pulmonary disease",2,"Female",27,"Age-standardized",1994,"Rate",29.6064654998139,27.7857744846594,31.365527719569
1,"Deaths",1789,"Essex County",25009,509,"Chronic obstructive pulmonary disease",2,"Female",27,"Age-standardized",1995,"Rate",32.1588059073125,30.236159725015,34.1720857656616
1,"Deaths",1789,"Essex County",25009,509,"Chronic obstructive pulmonary disease",2,"Female",27,"Age-standardized",1996,"Rate",34.2190020600129,32.1557852864822,36.3263314619166
1,"Deaths",1789,"Essex County",25009,509,"Chronic obstructive pulmonary disease",2,"Female",27,"Age-standardized",1997,"Rate",32.7875468085115,30.8025092591885,34.843785024113
1,"Deaths",1789,"Essex County",25009,509,"Chronic obstructive pulmonary disease",2,"Female",27,"Age-standardized",1998,"Rate",34.8485780152288,32.8298827297686,36.9755686066901
1,"Deaths",1789,"Essex County",25009,509,"Chronic obstructive pulmonary disease",2,"Female",27,"Age-standardized",1999,"Rate",36.8565289629015,34.8253098923901,38.9458384794692
1,"Deaths",1789,"Essex County",25009,509,"Chronic obstructive pulmonary disease",2,"Female",27,"Age-standardized",2000,"Rate",37.9521944953875,35.70753678587,40.328902333646
1,"Deaths",1789,"Essex County",25009,509,"Chronic obstructive pulmonary disease",2,"Female",27,"Age-standardized",2001,"Rate",37.9122887836706,35.6436337538389,40.371995499158
1,"Deaths",1789,"Essex County",25009,509,"Chronic obstructive pulmonary disease",2,"Female",27,"Age-standardized",2002,"Rate",36.8459239506965,34.7585606273852,39.0999516247507
1,"Deaths",1789,"Essex County",25009,509,"Chronic obstructive pulmonary disease",2,"Female",27,"Age-standardized",2003,"Rate",37.9567432192366,35.6576742007511,40.3721290629122
1,"Deaths",1789,"Essex County",25009,509,"Chronic obstructive pulmonary disease",2,"Female",27,"Age-standardized",2004,"Rate",37.1717978840006,34.941373920713,39.4731381039602
1,"Deaths",1789,"Essex County",25009,509,"Chronic obstructive pulmonary disease",2,"Female",27,"Age-standardized",2005,"Rate",34.9893804869786,32.9334741013327,37.3469696099436
1,"Deaths",1789,"Essex County",25009,509,"Chronic obstructive pulmonary disease",2,"Female",27,"Age-standardized",2006,"Rate",37.5075174229088,35.1496354361109,40.0141109022996
1,"Deaths",1789,"Essex County",25009,509,"Chronic obstructive pulmonary disease",2,"Female",27,"Age-standardized",2007,"Rate",33.6329016573441,31.4557061332785,35.8724865877892
1,"Deaths",1789,"Essex County",25009,509,"Chronic obstructive pulmonary disease",2,"Female",27,"Age-standardized",2008,"Rate",36.4076179167133,34.1861131403243,38.9727226859994
1,"Deaths",1789,"Essex County",25009,509,"Chronic obstructive pulmonary disease",2,"Female",27,"Age-standardized",2009,"Rate",34.3559906382481,32.2464122554136,36.6472867047381
1,"Deaths",1789,"Essex County",25009,509,"Chronic obstructive pulmonary disease",2,"Female",27,"Age-standardized",2010,"Rate",33.957533615499,31.8121678725653,36.4373493452288
1,"Deaths",1789,"Essex County",25009,509,"Chronic obstructive pulmonary disease",2,"Female",27,"Age-standardized",2011,"Rate",34.1684301090281,31.931688654009,36.5766020102685
1,"Deaths",1789,"Essex County",25009,509,"Chronic obstructive pulmonary disease",2,"Female",27,"Age-standardized",2012,"Rate",33.4861239352051,31.1477541151623,36.0452640861165
1,"Deaths",1789,"Essex County",25009,509,"Chronic obstructive pulmonary disease",2,"Female",27,"Age-standardized",2013,"Rate",31.1239683750065,28.9250311072656,33.5170587126977
1,"Deaths",1789,"Essex County",25009,509,"Chronic obstructive pulmonary disease",2,"Female",27,"Age-standardized",2014,"Rate",34.7009403649129,32.385646605749,37.4505371384364
1,"Deaths",1789,"Essex County",25009,509,"Chronic obstructive pulmonary disease",3,"Both",27,"Age-standardized",1980,"Rate",35.5722969758125,33.5726508007541,37.4715060462214
1,"Deaths",1789,"Essex County",25009,509,"Chronic obstructive pulmonary disease",3,"Both",27,"Age-standardized",1981,"Rate",33.1800497438458,31.1925627734685,34.9930325494185
1,"Deaths",1789,"Essex County",25009,509,"Chronic obstructive pulmonary disease",3,"Both",27,"Age-standardized",1982,"Rate",31.7154868736569,29.7547344635275,33.2913932808303
1,"Deaths",1789,"Essex County",25009,509,"Chronic obstructive pulmonary disease",3,"Both",27,"Age-standardized",1983,"Rate",33.7256951094428,31.8147702857172,35.3344416803039
1,"Deaths",1789,"Essex County",25009,509,"Chronic obstructive pulmonary disease",3,"Both",27,"Age-standardized",1984,"Rate",35.0391647516415,33.1551894453885,36.816977473836
1,"Deaths",1789,"Essex County",25009,509,"Chronic obstructive pulmonary disease",3,"Both",27,"Age-standardized",1985,"Rate",33.9330136918473,32.1063619269119,35.5282658702687
1,"Deaths",1789,"Essex County",25009,509,"Chronic obstructive pulmonary disease",3,"Both",27,"Age-standardized",1986,"Rate",36.7316274913827,34.9773812792063,38.3639481471925
1,"Deaths",1789,"Essex County",25009,509,"Chronic obstructive pulmonary disease",3,"Both",27,"Age-standardized",1987,"Rate",35.4937124592234,33.6106288888554,37.129145564508
1,"Deaths",1789,"Essex County",25009,509,"Chronic obstructive pulmonary disease",3,"Both",27,"Age-standardized",1988,"Rate",37.0295959962282,35.2220868408565,38.7062627228827
1,"Deaths",1789,"Essex County",25009,509,"Chronic obstructive pulmonary disease",3,"Both",27,"Age-standardized",1989,"Rate",35.3515524123179,33.6811141186451,36.9220261412562
1,"Deaths",1789,"Essex County",25009,509,"Chronic obstructive pulmonary disease",3,"Both",27,"Age-standardized",1990,"Rate",34.441202913581,32.7173918542458,35.9563106115781
1,"Deaths",1789,"Essex County",25009,509,"Chronic obstructive pulmonary disease",3,"Both",27,"Age-standardized",1991,"Rate",35.4871472283218,33.9280159355835,37.0831813584207
1,"Deaths",1789,"Essex County",25009,509,"Chronic obstructive pulmonary disease",3,"Both",27,"Age-standardized",1992,"Rate",36.7174057479708,35.1330890993342,38.2647140786547
1,"Deaths",1789,"Essex County",25009,509,"Chronic obstructive pulmonary disease",3,"Both",27,"Age-standardized",1993,"Rate",36.9821297606888,35.4856468379438,38.6591604360735
1,"Deaths",1789,"Essex County",25009,509,"Chronic obstructive pulmonary disease",3,"Both",27,"Age-standardized",1994,"Rate",37.4024130752576,35.951566187088,38.9825475864595
1,"Deaths",1789,"Essex County",25009,509,"Chronic obstructive pulmonary disease",3,"Both",27,"Age-standardized",1995,"Rate",39.0023224688148,37.3036199551616,40.6995790664896
1,"Deaths",1789,"Essex County",25009,509,"Chronic obstructive pulmonary disease",3,"Both",27,"Age-standardized",1996,"Rate",40.4307703165724,38.6524035207434,42.237253191597
1,"Deaths",1789,"Essex County",25009,509,"Chronic obstructive pulmonary disease",3,"Both",27,"Age-standardized",1997,"Rate",38.6121750894069,36.8258446246624,40.3285489333134
1,"Deaths",1789,"Essex County",25009,509,"Chronic obstructive pulmonary disease",3,"Both",27,"Age-standardized",1998,"Rate",41.2596287430447,39.5218771703566,43.2586857425541
1,"Deaths",1789,"Essex County",25009,509,"Chronic obstructive pulmonary disease",3,"Both",27,"Age-standardized",1999,"Rate",42.9711298970011,41.2475652295705,44.7837796262012
1,"Deaths",1789,"Essex County",25009,509,"Chronic obstructive pulmonary disease",3,"Both",27,"Age-standardized",2000,"Rate",43.1844683222527,41.3368382584024,45.1916239080716
1,"Deaths",1789,"Essex County",25009,509,"Chronic obstructive pulmonary disease",3,"Both",27,"Age-standardized",2001,"Rate",41.3843972384908,39.5941038041377,43.3938365627258
1,"Deaths",1789,"Essex County",25009,509,"Chronic obstructive pulmonary disease",3,"Both",27,"Age-standardized",2002,"Rate",42.8008814910729,40.8537434449604,44.9113155843743
1,"Deaths",1789,"Essex County",25009,509,"Chronic obstructive pulmonary disease",3,"Both",27,"Age-standardized",2003,"Rate",41.4229561362958,39.5233099223733,43.4797826435095
1,"Deaths",1789,"Essex County",25009,509,"Chronic obstructive pulmonary disease",3,"Both",27,"Age-standardized",2004,"Rate",41.1679283117586,39.3692758265161,43.3300696257495
1,"Deaths",1789,"Essex County",25009,509,"Chronic obstructive pulmonary disease",3,"Both",27,"Age-standardized",2005,"Rate",38.0555602592771,36.1786914941573,40.2119069293781
1,"Deaths",1789,"Essex County",25009,509,"Chronic obstructive pulmonary disease",3,"Both",27,"Age-standardized",2006,"Rate",39.6683976978672,37.6866167008997,41.9155201825009
1,"Deaths",1789,"Essex County",25009,509,"Chronic obstructive pulmonary disease",3,"Both",27,"Age-standardized",2007,"Rate",36.8239724137357,35.0227730046287,38.9037835466056
1,"Deaths",1789,"Essex County",25009,509,"Chronic obstructive pulmonary disease",3,"Both",27,"Age-standardized",2008,"Rate",38.4370922661081,36.5694474504222,40.6194743952408
1,"Deaths",1789,"Essex County",25009,509,"Chronic obstructive pulmonary disease",3,"Both",27,"Age-standardized",2009,"Rate",36.7354773509243,34.8992272501296,38.9299922355267
1,"Deaths",1789,"Essex County",25009,509,"Chronic obstructive pulmonary disease",3,"Both",27,"Age-standardized",2010,"Rate",36.2507310691585,34.3392705726489,38.5920624218949
1,"Deaths",1789,"Essex County",25009,509,"Chronic obstructive pulmonary disease",3,"Both",27,"Age-standardized",2011,"Rate",35.7606419827279,33.8774090115394,38.0417133686329
1,"Deaths",1789,"Essex County",25009,509,"Chronic obstructive pulmonary disease",3,"Both",27,"Age-standardized",2012,"Rate",35.3351453299204,33.4770730749144,37.5766233027044
1,"Deaths",1789,"Essex County",25009,509,"Chronic obstructive pulmonary disease",3,"Both",27,"Age-standardized",2013,"Rate",33.6877248197289,31.9168875149794,35.7988470029355
1,"Deaths",1789,"Essex County",25009,509,"Chronic obstructive pulmonary disease",3,"Both",27,"Age-standardized",2014,"Rate",36.4951218726921,34.5389107045198,38.8158428083098
1,"Deaths",1791,"Franklin County",25011,509,"Chronic obstructive pulmonary disease",1,"Male",27,"Age-standardized",1980,"Rate",59.2499825078186,53.4312923131105,65.2645774130853
1,"Deaths",1791,"Franklin County",25011,509,"Chronic obstructive pulmonary disease",1,"Male",27,"Age-standardized",1981,"Rate",58.6874661356604,52.8908227415862,63.8296979655666
1,"Deaths",1791,"Franklin County",25011,509,"Chronic obstructive pulmonary disease",1,"Male",27,"Age-standardized",1982,"Rate",60.470426613364,54.5379806932396,66.379611143528
1,"Deaths",1791,"Franklin County",25011,509,"Chronic obstructive pulmonary disease",1,"Male",27,"Age-standardized",1983,"Rate",62.3468772757001,56.1926491434285,68.2156599573247
1,"Deaths",1791,"Franklin County",25011,509,"Chronic obstructive pulmonary disease",1,"Male",27,"Age-standardized",1984,"Rate",59.7233712784879,54.1835924556256,65.1137958876837
1,"Deaths",1791,"Franklin County",25011,509,"Chronic obstructive pulmonary disease",1,"Male",27,"Age-standardized",1985,"Rate",63.0622276177899,57.7548716743524,68.442872053989
1,"Deaths",1791,"Franklin County",25011,509,"Chronic obstructive pulmonary disease",1,"Male",27,"Age-standardized",1986,"Rate",65.236261811948,59.6344306950883,70.4852427232326
1,"Deaths",1791,"Franklin County",25011,509,"Chronic obstructive pulmonary disease",1,"Male",27,"Age-standardized",1987,"Rate",63.3185361155333,58.0394257949368,68.6408389729922
1,"Deaths",1791,"Franklin County",25011,509,"Chronic obstructive pulmonary disease",1,"Male",27,"Age-standardized",1988,"Rate",65.2256728064252,59.7267044227728,70.3314455965181
1,"Deaths",1791,"Franklin County",25011,509,"Chronic obstructive pulmonary disease",1,"Male",27,"Age-standardized",1989,"Rate",63.4628052001057,58.6703616463886,68.2424077030216
1,"Deaths",1791,"Franklin County",25011,509,"Chronic obstructive pulmonary disease",1,"Male",27,"Age-standardized",1990,"Rate",61.0465414461772,55.98139518089,66.1806787115712
1,"Deaths",1791,"Franklin County",25011,509,"Chronic obstructive pulmonary disease",1,"Male",27,"Age-standardized",1991,"Rate",60.6712400748739,56.1612542529645,65.3055571946062
1,"Deaths",1791,"Franklin County",25011,509,"Chronic obstructive pulmonary disease",1,"Male",27,"Age-standardized",1992,"Rate",61.6208763842283,56.6955977557083,66.389119635856
1,"Deaths",1791,"Franklin County",25011,509,"Chronic obstructive pulmonary disease",1,"Male",27,"Age-standardized",1993,"Rate",61.7810980076508,56.9673079631331,66.3140058636604
1,"Deaths",1791,"Franklin County",25011,509,"Chronic obstructive pulmonary disease",1,"Male",27,"Age-standardized",1994,"Rate",60.0553848276799,55.5241560331469,64.7586050961684
1,"Deaths",1791,"Franklin County",25011,509,"Chronic obstructive pulmonary disease",1,"Male",27,"Age-standardized",1995,"Rate",61.1532925258702,56.6146523085943,65.6454390433286
1,"Deaths",1791,"Franklin County",25011,509,"Chronic obstructive pulmonary disease",1,"Male",27,"Age-standardized",1996,"Rate",61.2216430381785,56.8370252316559,65.7100997782724
1,"Deaths",1791,"Franklin County",25011,509,"Chronic obstructive pulmonary disease",1,"Male",27,"Age-standardized",1997,"Rate",60.4561916836098,55.8974849642024,65.4928894285288
1,"Deaths",1791,"Franklin County",25011,509,"Chronic obstructive pulmonary disease",1,"Male",27,"Age-standardized",1998,"Rate",61.1293166970793,56.5337681392106,65.6730889254485
1,"Deaths",1791,"Franklin County",25011,509,"Chronic obstructive pulmonary disease",1,"Male",27,"Age-standardized",1999,"Rate",62.0362970600636,57.2898151565853,66.6570581346497
1,"Deaths",1791,"Franklin County",25011,509,"Chronic obstructive pulmonary disease",1,"Male",27,"Age-standardized",2000,"Rate",61.734878900083,57.3451902757468,66.4063496933486
1,"Deaths",1791,"Franklin County",25011,509,"Chronic obstructive pulmonary disease",1,"Male",27,"Age-standardized",2001,"Rate",60.3741643631626,55.7376990630802,65.2322086403334
1,"Deaths",1791,"Franklin County",25011,509,"Chronic obstructive pulmonary disease",1,"Male",27,"Age-standardized",2002,"Rate",60.7619408108193,56.057190502512,65.6690978586539
1,"Deaths",1791,"Franklin County",25011,509,"Chronic obstructive pulmonary disease",1,"Male",27,"Age-standardized",2003,"Rate",58.6758272405732,54.3153822711494,63.4967010404822
1,"Deaths",1791,"Franklin County",25011,509,"Chronic obstructive pulmonary disease",1,"Male",27,"Age-standardized",2004,"Rate",59.0980828246042,54.3051581717201,63.9782937745625
1,"Deaths",1791,"Franklin County",25011,509,"Chronic obstructive pulmonary disease",1,"Male",27,"Age-standardized",2005,"Rate",58.7819064283663,54.2061214037264,63.9992704131015
1,"Deaths",1791,"Franklin County",25011,509,"Chronic obstructive pulmonary disease",1,"Male",27,"Age-standardized",2006,"Rate",57.1483251500898,52.3140587577837,62.3131195403669
1,"Deaths",1791,"Franklin County",25011,509,"Chronic obstructive pulmonary disease",1,"Male",27,"Age-standardized",2007,"Rate",56.9226793625257,52.1945460691551,62.3647227295927
1,"Deaths",1791,"Franklin County",25011,509,"Chronic obstructive pulmonary disease",1,"Male",27,"Age-standardized",2008,"Rate",56.0965481699282,51.5399192040698,61.032315504047
1,"Deaths",1791,"Franklin County",25011,509,"Chronic obstructive pulmonary disease",1,"Male",27,"Age-standardized",2009,"Rate",55.2127256305847,50.2251294898877,60.6599285285079
1,"Deaths",1791,"Franklin County",25011,509,"Chronic obstructive pulmonary disease",1,"Male",27,"Age-standardized",2010,"Rate",53.7760782895769,48.8658315856663,59.015249271991
1,"Deaths",1791,"Franklin County",25011,509,"Chronic obstructive pulmonary disease",1,"Male",27,"Age-standardized",2011,"Rate",54.2888365580241,49.2059355433378,60.1729382156848
1,"Deaths",1791,"Franklin County",25011,509,"Chronic obstructive pulmonary disease",1,"Male",27,"Age-standardized",2012,"Rate",54.8986932415601,49.6596484571043,60.5308252905111
1,"Deaths",1791,"Franklin County",25011,509,"Chronic obstructive pulmonary disease",1,"Male",27,"Age-standardized",2013,"Rate",55.6252046497874,50.6251948617606,61.5838682763074
1,"Deaths",1791,"Franklin County",25011,509,"Chronic obstructive pulmonary disease",1,"Male",27,"Age-standardized",2014,"Rate",53.768652593063,48.6303438589886,59.6880047557037
1,"Deaths",1791,"Franklin County",25011,509,"Chronic obstructive pulmonary disease",2,"Female",27,"Age-standardized",1980,"Rate",18.4888883739916,16.238651235495,21.0949290142053
1,"Deaths",1791,"Franklin County",25011,509,"Chronic obstructive pulmonary disease",2,"Female",27,"Age-standardized",1981,"Rate",18.122572963649,15.983149552522,20.5766084530036
1,"Deaths",1791,"Franklin County",25011,509,"Chronic obstructive pulmonary disease",2,"Female",27,"Age-standardized",1982,"Rate",18.5564702158673,16.322449472608,20.761304716446
1,"Deaths",1791,"Franklin County",25011,509,"Chronic obstructive pulmonary disease",2,"Female",27,"Age-standardized",1983,"Rate",19.916281210519,17.6896895235508,22.2546346282933
1,"Deaths",1791,"Franklin County",25011,509,"Chronic obstructive pulmonary disease",2,"Female",27,"Age-standardized",1984,"Rate",20.6229405171533,18.4176084016154,23.0050556357511
1,"Deaths",1791,"Franklin County",25011,509,"Chronic obstructive pulmonary disease",2,"Female",27,"Age-standardized",1985,"Rate",21.3528645555039,19.1578550492035,23.7684063212163
1,"Deaths",1791,"Franklin County",25011,509,"Chronic obstructive pulmonary disease",2,"Female",27,"Age-standardized",1986,"Rate",23.3889335503162,21.0601946583211,25.8632906805958
1,"Deaths",1791,"Franklin County",25011,509,"Chronic obstructive pulmonary disease",2,"Female",27,"Age-standardized",1987,"Rate",23.401331532377,21.030210054745,25.8625705824289
1,"Deaths",1791,"Franklin County",25011,509,"Chronic obstructive pulmonary disease",2,"Female",27,"Age-standardized",1988,"Rate",24.2348106867824,22.0094831967103,26.6034307196829
1,"Deaths",1791,"Franklin County",25011,509,"Chronic obstructive pulmonary disease",2,"Female",27,"Age-standardized",1989,"Rate",25.4668041205849,23.1417883104661,27.6532446617186
1,"Deaths",1791,"Franklin County",25011,509,"Chronic obstructive pulmonary disease",2,"Female",27,"Age-standardized",1990,"Rate",25.5043628107751,23.3292809497998,27.9373035495035
1,"Deaths",1791,"Franklin County",25011,509,"Chronic obstructive pulmonary disease",2,"Female",27,"Age-standardized",1991,"Rate",26.8108245127527,24.329383375414,29.0512047260003
1,"Deaths",1791,"Franklin County",25011,509,"Chronic obstructive pulmonary disease",2,"Female",27,"Age-standardized",1992,"Rate",27.5789471410292,25.1748960373854,29.9549569373473
1,"Deaths",1791,"Franklin County",25011,509,"Chronic obstructive pulmonary disease",2,"Female",27,"Age-standardized",1993,"Rate",29.4981043042189,27.0587849255464,31.797363477933
1,"Deaths",1791,"Franklin County",25011,509,"Chronic obstructive pulmonary disease",2,"Female",27,"Age-standardized",1994,"Rate",30.6714614715225,28.0440330431416,33.1602321395843
1,"Deaths",1791,"Franklin County",25011,509,"Chronic obstructive pulmonary disease",2,"Female",27,"Age-standardized",1995,"Rate",32.9655746499048,30.4693635317688,35.5927781129666
1,"Deaths",1791,"Franklin County",25011,509,"Chronic obstructive pulmonary disease",2,"Female",27,"Age-standardized",1996,"Rate",33.1788934218979,30.8277121155793,35.7568850330532
1,"Deaths",1791,"Franklin County",25011,509,"Chronic obstructive pulmonary disease",2,"Female",27,"Age-standardized",1997,"Rate",34.3526690431763,31.7728032199754,37.0518684040585
1,"Deaths",1791,"Franklin County",25011,509,"Chronic obstructive pulmonary disease",2,"Female",27,"Age-standardized",1998,"Rate",35.5541261583489,33.0657659323695,38.1007585734788
1,"Deaths",1791,"Franklin County",25011,509,"Chronic obstructive pulmonary disease",2,"Female",27,"Age-standardized",1999,"Rate",38.2064062383618,35.1693408242345,41.1063256264544
1,"Deaths",1791,"Franklin County",25011,509,"Chronic obstructive pulmonary disease",2,"Female",27,"Age-standardized",2000,"Rate",38.7967117341523,35.8386208462653,42.116652172557
1,"Deaths",1791,"Franklin County",25011,509,"Chronic obstructive pulmonary disease",2,"Female",27,"Age-standardized",2001,"Rate",39.380150039842,36.4415423683185,42.5976724209917
1,"Deaths",1791,"Franklin County",25011,509,"Chronic obstructive pulmonary disease",2,"Female",27,"Age-standardized",2002,"Rate",40.9730267222509,38.0726509887046,44.0424174289205
1,"Deaths",1791,"Franklin County",25011,509,"Chronic obstructive pulmonary disease",2,"Female",27,"Age-standardized",2003,"Rate",40.7296890128223,37.6581174257636,43.9921905027769
1,"Deaths",1791,"Franklin County",25011,509,"Chronic obstructive pulmonary disease",2,"Female",27,"Age-standardized",2004,"Rate",40.7493026165129,37.9384996015131,43.7738706258913
1,"Deaths",1791,"Franklin County",25011,509,"Chronic obstructive pulmonary disease",2,"Female",27,"Age-standardized",2005,"Rate",41.2279096128925,38.1730748389213,44.2223331366589
1,"Deaths",1791,"Franklin County",25011,509,"Chronic obstructive pulmonary disease",2,"Female",27,"Age-standardized",2006,"Rate",42.0847757667894,38.8039856203462,45.4485767266915
1,"Deaths",1791,"Franklin County",25011,509,"Chronic obstructive pulmonary disease",2,"Female",27,"Age-standardized",2007,"Rate",41.5103450035954,38.1367385835755,44.6731041329432
1,"Deaths",1791,"Franklin County",25011,509,"Chronic obstructive pulmonary disease",2,"Female",27,"Age-standardized",2008,"Rate",42.0838949756429,38.8086480641455,45.3333576216434
1,"Deaths",1791,"Franklin County",25011,509,"Chronic obstructive pulmonary disease",2,"Female",27,"Age-standardized",2009,"Rate",41.3610998746051,38.1220420548417,44.6414185619331
1,"Deaths",1791,"Franklin County",25011,509,"Chronic obstructive pulmonary disease",2,"Female",27,"Age-standardized",2010,"Rate",41.2411156730724,37.9898410932153,44.5812268733856
1,"Deaths",1791,"Franklin County",25011,509,"Chronic obstructive pulmonary disease",2,"Female",27,"Age-standardized",2011,"Rate",42.161804488943,38.6399396283707,45.691503514183
1,"Deaths",1791,"Franklin County",25011,509,"Chronic obstructive pulmonary disease",2,"Female",27,"Age-standardized",2012,"Rate",42.729113457245,39.2513381186474,46.4381982452487
1,"Deaths",1791,"Franklin County",25011,509,"Chronic obstructive pulmonary disease",2,"Female",27,"Age-standardized",2013,"Rate",42.5480294147066,38.9044896470874,46.2775274675934
1,"Deaths",1791,"Franklin County",25011,509,"Chronic obstructive pulmonary disease",2,"Female",27,"Age-standardized",2014,"Rate",43.218527506009,39.5272147317961,47.19971556549
1,"Deaths",1791,"Franklin County",25011,509,"Chronic obstructive pulmonary disease",3,"Both",27,"Age-standardized",1980,"Rate",33.6012473838253,31.0938057885967,36.3346763024502
1,"Deaths",1791,"Franklin County",25011,509,"Chronic obstructive pulmonary disease",3,"Both",27,"Age-standardized",1981,"Rate",33.0741866284756,30.5735094827889,35.7645981666288
1,"Deaths",1791,"Franklin County",25011,509,"Chronic obstructive pulmonary disease",3,"Both",27,"Age-standardized",1982,"Rate",33.8929865934908,31.2372233959518,36.5204511699206
1,"Deaths",1791,"Franklin County",25011,509,"Chronic obstructive pulmonary disease",3,"Both",27,"Age-standardized",1983,"Rate",35.3479972677504,32.6437524695636,37.9776333947138
1,"Deaths",1791,"Franklin County",25011,509,"Chronic obstructive pulmonary disease",3,"Both",27,"Age-standardized",1984,"Rate",34.726690972208,32.1604183518374,37.3066712327774
1,"Deaths",1791,"Franklin County",25011,509,"Chronic obstructive pulmonary disease",3,"Both",27,"Age-standardized",1985,"Rate",36.3331250756931,33.8167213183529,38.7793028320502
1,"Deaths",1791,"Franklin County",25011,509,"Chronic obstructive pulmonary disease",3,"Both",27,"Age-standardized",1986,"Rate",38.3567027527338,35.7170242392386,40.8545045610122
1,"Deaths",1791,"Franklin County",25011,509,"Chronic obstructive pulmonary disease",3,"Both",27,"Age-standardized",1987,"Rate",37.6409560044937,35.2262782021372,40.123022836318
1,"Deaths",1791,"Franklin County",25011,509,"Chronic obstructive pulmonary disease",3,"Both",27,"Age-standardized",1988,"Rate",38.8533014634462,36.311950910364,41.2415280527278
1,"Deaths",1791,"Franklin County",25011,509,"Chronic obstructive pulmonary disease",3,"Both",27,"Age-standardized",1989,"Rate",38.9597832476869,36.546876980216,41.2381071621041
1,"Deaths",1791,"Franklin County",25011,509,"Chronic obstructive pulmonary disease",3,"Both",27,"Age-standardized",1990,"Rate",38.0953165378388,35.5772507798119,40.5955996040186
1,"Deaths",1791,"Franklin County",25011,509,"Chronic obstructive pulmonary disease",3,"Both",27,"Age-standardized",1991,"Rate",38.7982619753174,36.4847779661363,41.1346677444165
1,"Deaths",1791,"Franklin County",25011,509,"Chronic obstructive pulmonary disease",3,"Both",27,"Age-standardized",1992,"Rate",39.6063289444226,37.2443986559762,41.879452097221
1,"Deaths",1791,"Franklin County",25011,509,"Chronic obstructive pulmonary disease",3,"Both",27,"Age-standardized",1993,"Rate",40.9258984504073,38.4181120305794,43.4611813638376
1,"Deaths",1791,"Franklin County",25011,509,"Chronic obstructive pulmonary disease",3,"Both",27,"Age-standardized",1994,"Rate",41.0674048376171,38.5331562543299,43.3501966425114
1,"Deaths",1791,"Franklin County",25011,509,"Chronic obstructive pulmonary disease",3,"Both",27,"Age-standardized",1995,"Rate",42.9141123898987,40.4339643097596,45.1989284792383
1,"Deaths",1791,"Franklin County",25011,509,"Chronic obstructive pulmonary disease",3,"Both",27,"Age-standardized",1996,"Rate",43.0886246424123,40.663621140553,45.5559625605833
1,"Deaths",1791,"Franklin County",25011,509,"Chronic obstructive pulmonary disease",3,"Both",27,"Age-standardized",1997,"Rate",43.5373278852682,41.0171475266797,46.1406759439547
1,"Deaths",1791,"Franklin County",25011,509,"Chronic obstructive pulmonary disease",3,"Both",27,"Age-standardized",1998,"Rate",44.5711884012441,42.0611969340823,46.9393604586783
1,"Deaths",1791,"Franklin County",25011,509,"Chronic obstructive pulmonary disease",3,"Both",27,"Age-standardized",1999,"Rate",46.6368995803763,44.0155777118402,49.2142406059069
1,"Deaths",1791,"Franklin County",25011,509,"Chronic obstructive pulmonary disease",3,"Both",27,"Age-standardized",2000,"Rate",46.9322075683334,44.3791980737496,49.7674442694646
1,"Deaths",1791,"Franklin County",25011,509,"Chronic obstructive pulmonary disease",3,"Both",27,"Age-standardized",2001,"Rate",46.8484165538466,44.0531598205987,49.7509515872767
1,"Deaths",1791,"Franklin County",25011,509,"Chronic obstructive pulmonary disease",3,"Both",27,"Age-standardized",2002,"Rate",48.1042522408395,45.4491840920106,50.6728535445942
1,"Deaths",1791,"Franklin County",25011,509,"Chronic obstructive pulmonary disease",3,"Both",27,"Age-standardized",2003,"Rate",47.2626490212345,44.7572095835245,50.084581365549
1,"Deaths",1791,"Franklin County",25011,509,"Chronic obstructive pulmonary disease",3,"Both",27,"Age-standardized",2004,"Rate",47.5515629942828,44.9157361524585,50.3651976251967
1,"Deaths",1791,"Franklin County",25011,509,"Chronic obstructive pulmonary disease",3,"Both",27,"Age-standardized",2005,"Rate",47.8727604440764,45.0769498351071,50.7067654083442
1,"Deaths",1791,"Franklin County",25011,509,"Chronic obstructive pulmonary disease",3,"Both",27,"Age-standardized",2006,"Rate",47.7238912698597,44.9116985052027,50.4925305689669
1,"Deaths",1791,"Franklin County",25011,509,"Chronic obstructive pulmonary disease",3,"Both",27,"Age-standardized",2007,"Rate",47.3526327976877,44.4220242923341,50.3118677601329
1,"Deaths",1791,"Franklin County",25011,509,"Chronic obstructive pulmonary disease",3,"Both",27,"Age-standardized",2008,"Rate",47.4405350974435,44.6401846067767,50.4912348360311
1,"Deaths",1791,"Franklin County",25011,509,"Chronic obstructive pulmonary disease",3,"Both",27,"Age-standardized",2009,"Rate",46.6669109735024,43.686315853649,49.5640432224271
1,"Deaths",1791,"Franklin County",25011,509,"Chronic obstructive pulmonary disease",3,"Both",27,"Age-standardized",2010,"Rate",46.0351820432171,43.3568906024348,48.9804675399884
1,"Deaths",1791,"Franklin County",25011,509,"Chronic obstructive pulmonary disease",3,"Both",27,"Age-standardized",2011,"Rate",46.7738429926869,43.8063681044744,49.8884829673472
1,"Deaths",1791,"Franklin County",25011,509,"Chronic obstructive pulmonary disease",3,"Both",27,"Age-standardized",2012,"Rate",47.3882157843077,44.3741919812636,50.5750662006579
1,"Deaths",1791,"Franklin County",25011,509,"Chronic obstructive pulmonary disease",3,"Both",27,"Age-standardized",2013,"Rate",47.6573914803553,44.5004144414683,50.925540607654
1,"Deaths",1791,"Franklin County",25011,509,"Chronic obstructive pulmonary disease",3,"Both",27,"Age-standardized",2014,"Rate",47.210224148146,44.2129246837272,50.6483782951198
1,"Deaths",1796,"Hampden County",25013,509,"Chronic obstructive pulmonary disease",1,"Male",27,"Age-standardized",1980,"Rate",60.0469104970304,55.9495834754475,63.8815513549332
1,"Deaths",1796,"Hampden County",25013,509,"Chronic obstructive pulmonary disease",1,"Male",27,"Age-standardized",1981,"Rate",60.111165822918,56.0744937581366,64.0536891674569
1,"Deaths",1796,"Hampden County",25013,509,"Chronic obstructive pulmonary disease",1,"Male",27,"Age-standardized",1982,"Rate",58.0457202351557,53.9079967650192,61.8757553286668
1,"Deaths",1796,"Hampden County",25013,509,"Chronic obstructive pulmonary disease",1,"Male",27,"Age-standardized",1983,"Rate",62.6552566187426,58.295010314569,66.3986138662888
1,"Deaths",1796,"Hampden County",25013,509,"Chronic obstructive pulmonary disease",1,"Male",27,"Age-standardized",1984,"Rate",62.4120822427989,58.641300925192,66.1594183046762
1,"Deaths",1796,"Hampden County",25013,509,"Chronic obstructive pulmonary disease",1,"Male",27,"Age-standardized",1985,"Rate",63.6120147622734,59.8969427139238,67.592938751692
1,"Deaths",1796,"Hampden County",25013,509,"Chronic obstructive pulmonary disease",1,"Male",27,"Age-standardized",1986,"Rate",63.12736972789,59.0651548541851,67.0172840678693
1,"Deaths",1796,"Hampden County",25013,509,"Chronic obstructive pulmonary disease",1,"Male",27,"Age-standardized",1987,"Rate",62.038633715943,58.1594770820565,65.609445502499
1,"Deaths",1796,"Hampden County",25013,509,"Chronic obstructive pulmonary disease",1,"Male",27,"Age-standardized",1988,"Rate",64.0406961832274,60.311272630492,67.7438295983097
1,"Deaths",1796,"Hampden County",25013,509,"Chronic obstructive pulmonary disease",1,"Male",27,"Age-standardized",1989,"Rate",58.9334508679235,55.7258782026566,62.2446593060429
1,"Deaths",1796,"Hampden County",25013,509,"Chronic obstructive pulmonary disease",1,"Male",27,"Age-standardized",1990,"Rate",58.5009900555944,55.0900205346565,61.6776624721477
1,"Deaths",1796,"Hampden County",25013,509,"Chronic obstructive pulmonary disease",1,"Male",27,"Age-standardized",1991,"Rate",59.7642112656354,56.3039323633606,63.0204559064851
1,"Deaths",1796,"Hampden County",25013,509,"Chronic obstructive pulmonary disease",1,"Male",27,"Age-standardized",1992,"Rate",56.9125783045441,53.856805102478,59.9770718672044
1,"Deaths",1796,"Hampden County",25013,509,"Chronic obstructive pulmonary disease",1,"Male",27,"Age-standardized",1993,"Rate",61.4375989630755,58.0793394755054,64.7180922525741
1,"Deaths",1796,"Hampden County",25013,509,"Chronic obstructive pulmonary disease",1,"Male",27,"Age-standardized",1994,"Rate",60.0581070605894,56.5552922646044,63.6028003675236
1,"Deaths",1796,"Hampden County",25013,509,"Chronic obstructive pulmonary disease",1,"Male",27,"Age-standardized",1995,"Rate",58.2541723873045,54.8533177800021,61.5145063677647
1,"Deaths",1796,"Hampden County",25013,509,"Chronic obstructive pulmonary disease",1,"Male",27,"Age-standardized",1996,"Rate",57.1545675601048,54.0024421760007,60.2919638731866
1,"Deaths",1796,"Hampden County",25013,509,"Chronic obstructive pulmonary disease",1,"Male",27,"Age-standardized",1997,"Rate",58.0719494173936,54.85805296915,61.3146389358383
1,"Deaths",1796,"Hampden County",25013,509,"Chronic obstructive pulmonary disease",1,"Male",27,"Age-standardized",1998,"Rate",60.0077668439944,56.6553557210206,63.5683306552719
1,"Deaths",1796,"Hampden County",25013,509,"Chronic obstructive pulmonary disease",1,"Male",27,"Age-standardized",1999,"Rate",62.0806412799992,58.5952633392483,65.6951492236728
1,"Deaths",1796,"Hampden County",25013,509,"Chronic obstructive pulmonary disease",1,"Male",27,"Age-standardized",2000,"Rate",61.1493237425756,57.9537702067363,64.6434660342843
1,"Deaths",1796,"Hampden County",25013,509,"Chronic obstructive pulmonary disease",1,"Male",27,"Age-standardized",2001,"Rate",56.2871905059137,52.9793621693844,59.8173705842046
1,"Deaths",1796,"Hampden County",25013,509,"Chronic obstructive pulmonary disease",1,"Male",27,"Age-standardized",2002,"Rate",56.5464959380204,53.4694728646951,60.1278305125748
1,"Deaths",1796,"Hampden County",25013,509,"Chronic obstructive pulmonary disease",1,"Male",27,"Age-standardized",2003,"Rate",55.5025464415728,52.2786824890519,58.943637850901
1,"Deaths",1796,"Hampden County",25013,509,"Chronic obstructive pulmonary disease",1,"Male",27,"Age-standardized",2004,"Rate",54.4053083964373,50.9640337876513,57.9904860809344
1,"Deaths",1796,"Hampden County",25013,509,"Chronic obstructive pulmonary disease",1,"Male",27,"Age-standardized",2005,"Rate",52.8413703980759,49.8188711087923,56.5099462716299
1,"Deaths",1796,"Hampden County",25013,509,"Chronic obstructive pulmonary disease",1,"Male",27,"Age-standardized",2006,"Rate",53.0965099608757,49.6172251913438,57.0503727158753
1,"Deaths",1796,"Hampden County",25013,509,"Chronic obstructive pulmonary disease",1,"Male",27,"Age-standardized",2007,"Rate",49.6102145175473,46.432267172455,53.4577041632424
1,"Deaths",1796,"Hampden County",25013,509,"Chronic obstructive pulmonary disease",1,"Male",27,"Age-standardized",2008,"Rate",48.6896964070412,45.6899336689157,52.4145025268924
1,"Deaths",1796,"Hampden County",25013,509,"Chronic obstructive pulmonary disease",1,"Male",27,"Age-standardized",2009,"Rate",48.2190482402747,45.1155792771874,51.9884443023529
1,"Deaths",1796,"Hampden County",25013,509,"Chronic obstructive pulmonary disease",1,"Male",27,"Age-standardized",2010,"Rate",48.1064991474288,44.8226276804605,51.9966096090003
1,"Deaths",1796,"Hampden County",25013,509,"Chronic obstructive pulmonary disease",1,"Male",27,"Age-standardized",2011,"Rate",47.4414264291868,44.3781795021918,51.2627841233805
1,"Deaths",1796,"Hampden County",25013,509,"Chronic obstructive pulmonary disease",1,"Male",27,"Age-standardized",2012,"Rate",46.350830902767,43.1643613678744,50.0249049146008
1,"Deaths",1796,"Hampden County",25013,509,"Chronic obstructive pulmonary disease",1,"Male",27,"Age-standardized",2013,"Rate",46.3511397243955,42.8938715578779,50.0572869859119
1,"Deaths",1796,"Hampden County",25013,509,"Chronic obstructive pulmonary disease",1,"Male",27,"Age-standardized",2014,"Rate",47.5746199348065,44.1726189427915,51.7252375183935
1,"Deaths",1796,"Hampden County",25013,509,"Chronic obstructive pulmonary disease",2,"Female",27,"Age-standardized",1980,"Rate",19.9570870477494,18.0793348965377,21.72396597131
1,"Deaths",1796,"Hampden County",25013,509,"Chronic obstructive pulmonary disease",2,"Female",27,"Age-standardized",1981,"Rate",20.4400367663091,18.6156225363412,22.1608064749492
1,"Deaths",1796,"Hampden County",25013,509,"Chronic obstructive pulmonary disease",2,"Female",27,"Age-standardized",1982,"Rate",20.3830975866675,18.6838886806147,22.0725155061617
1,"Deaths",1796,"Hampden County",25013,509,"Chronic obstructive pulmonary disease",2,"Female",27,"Age-standardized",1983,"Rate",21.2587400900489,19.3608835693722,22.8478564611621
1,"Deaths",1796,"Hampden County",25013,509,"Chronic obstructive pulmonary disease",2,"Female",27,"Age-standardized",1984,"Rate",22.5674212326899,20.8236810513382,24.2662198804493
1,"Deaths",1796,"Hampden County",25013,509,"Chronic obstructive pulmonary disease",2,"Female",27,"Age-standardized",1985,"Rate",22.7209783584183,20.9614439747029,24.5939501556848
1,"Deaths",1796,"Hampden County",25013,509,"Chronic obstructive pulmonary disease",2,"Female",27,"Age-standardized",1986,"Rate",25.6441905656902,23.6665371280169,27.5075862685902
1,"Deaths",1796,"Hampden County",25013,509,"Chronic obstructive pulmonary disease",2,"Female",27,"Age-standardized",1987,"Rate",25.2249900614181,23.2832330004989,26.8963955135259
1,"Deaths",1796,"Hampden County",25013,509,"Chronic obstructive pulmonary disease",2,"Female",27,"Age-standardized",1988,"Rate",26.6211618857924,24.7102883303998,28.3914754826465
1,"Deaths",1796,"Hampden County",25013,509,"Chronic obstructive pulmonary disease",2,"Female",27,"Age-standardized",1989,"Rate",25.2482472343559,23.4016913200067,26.908403026182
1,"Deaths",1796,"Hampden County",25013,509,"Chronic obstructive pulmonary disease",2,"Female",27,"Age-standardized",1990,"Rate",26.2677584911917,24.517378773029,28.0941387731391
1,"Deaths",1796,"Hampden County",25013,509,"Chronic obstructive pulmonary disease",2,"Female",27,"Age-standardized",1991,"Rate",26.4692893667644,24.7055304297878,28.1103700178669
1,"Deaths",1796,"Hampden County",25013,509,"Chronic obstructive pulmonary disease",2,"Female",27,"Age-standardized",1992,"Rate",28.4047637298173,26.5278248031643,30.2279683177558
1,"Deaths",1796,"Hampden County",25013,509,"Chronic obstructive pulmonary disease",2,"Female",27,"Age-standardized",1993,"Rate",31.164186855814,29.2224858812914,33.1800078314324
1,"Deaths",1796,"Hampden County",25013,509,"Chronic obstructive pulmonary disease",2,"Female",27,"Age-standardized",1994,"Rate",31.5460289003103,29.5248548558391,33.5574559143229
1,"Deaths",1796,"Hampden County",25013,509,"Chronic obstructive pulmonary disease",2,"Female",27,"Age-standardized",1995,"Rate",34.6891313563193,32.5682254474447,36.8263234390774
1,"Deaths",1796,"Hampden County",25013,509,"Chronic obstructive pulmonary disease",2,"Female",27,"Age-standardized",1996,"Rate",32.974881418642,30.9046533505422,35.0721052189987
1,"Deaths",1796,"Hampden County",25013,509,"Chronic obstructive pulmonary disease",2,"Female",27,"Age-standardized",1997,"Rate",34.5065288151223,32.4386817328351,36.6976528420795
1,"Deaths",1796,"Hampden County",25013,509,"Chronic obstructive pulmonary disease",2,"Female",27,"Age-standardized",1998,"Rate",36.7336864189137,34.4952720448806,38.9606391145358
1,"Deaths",1796,"Hampden County",25013,509,"Chronic obstructive pulmonary disease",2,"Female",27,"Age-standardized",1999,"Rate",36.5613097594731,34.2434529219869,38.9047538014367
1,"Deaths",1796,"Hampden County",25013,509,"Chronic obstructive pulmonary disease",2,"Female",27,"Age-standardized",2000,"Rate",40.0877882377453,37.5648156901607,42.6300921865049
1,"Deaths",1796,"Hampden County",25013,509,"Chronic obstructive pulmonary disease",2,"Female",27,"Age-standardized",2001,"Rate",39.1507507444924,36.8471949326132,41.4674521289233
1,"Deaths",1796,"Hampden County",25013,509,"Chronic obstructive pulmonary disease",2,"Female",27,"Age-standardized",2002,"Rate",39.5887224462495,37.3540541656783,42.1904787037407
1,"Deaths",1796,"Hampden County",25013,509,"Chronic obstructive pulmonary disease",2,"Female",27,"Age-standardized",2003,"Rate",38.8738230650876,36.5223827592918,41.3591302050722
1,"Deaths",1796,"Hampden County",25013,509,"Chronic obstructive pulmonary disease",2,"Female",27,"Age-standardized",2004,"Rate",39.968165975593,37.4252267125245,42.51318149568
1,"Deaths",1796,"Hampden County",25013,509,"Chronic obstructive pulmonary disease",2,"Female",27,"Age-standardized",2005,"Rate",39.4662578682063,36.9189463829929,42.1455928128513
1,"Deaths",1796,"Hampden County",25013,509,"Chronic obstructive pulmonary disease",2,"Female",27,"Age-standardized",2006,"Rate",40.0998936045576,37.6519052196814,42.7492788326746
1,"Deaths",1796,"Hampden County",25013,509,"Chronic obstructive pulmonary disease",2,"Female",27,"Age-standardized",2007,"Rate",38.5189469768999,36.2421153716876,41.00008370497
1,"Deaths",1796,"Hampden County",25013,509,"Chronic obstructive pulmonary disease",2,"Female",27,"Age-standardized",2008,"Rate",36.9572923210901,34.5789579009571,39.4746600001159
1,"Deaths",1796,"Hampden County",25013,509,"Chronic obstructive pulmonary disease",2,"Female",27,"Age-standardized",2009,"Rate",36.9291551489082,34.3538524343507,39.4777175897979
1,"Deaths",1796,"Hampden County",25013,509,"Chronic obstructive pulmonary disease",2,"Female",27,"Age-standardized",2010,"Rate",35.9280989102164,33.4301045038867,38.5354376830312
1,"Deaths",1796,"Hampden County",25013,509,"Chronic obstructive pulmonary disease",2,"Female",27,"Age-standardized",2011,"Rate",37.3239374050278,34.7389480677913,39.9898294918429
1,"Deaths",1796,"Hampden County",25013,509,"Chronic obstructive pulmonary disease",2,"Female",27,"Age-standardized",2012,"Rate",37.806516782877,34.9755705956771,40.6766644885593
1,"Deaths",1796,"Hampden County",25013,509,"Chronic obstructive pulmonary disease",2,"Female",27,"Age-standardized",2013,"Rate",36.0214357877898,33.4181884134177,38.8546271537899
1,"Deaths",1796,"Hampden County",25013,509,"Chronic obstructive pulmonary disease",2,"Female",27,"Age-standardized",2014,"Rate",36.1004734733155,33.4068235884382,39.0601151234261
1,"Deaths",1796,"Hampden County",25013,509,"Chronic obstructive pulmonary disease",3,"Both",27,"Age-standardized",1980,"Rate",33.9394403280871,32.0658927559067,35.7519902353153
1,"Deaths",1796,"Hampden County",25013,509,"Chronic obstructive pulmonary disease",3,"Both",27,"Age-standardized",1981,"Rate",34.1692924386287,32.0857876427261,35.9763896729685
1,"Deaths",1796,"Hampden County",25013,509,"Chronic obstructive pulmonary disease",3,"Both",27,"Age-standardized",1982,"Rate",33.3193806798854,31.3768882151157,35.173992647402
1,"Deaths",1796,"Hampden County",25013,509,"Chronic obstructive pulmonary disease",3,"Both",27,"Age-standardized",1983,"Rate",35.4621074028645,33.5617277676109,37.356050363443
1,"Deaths",1796,"Hampden County",25013,509,"Chronic obstructive pulmonary disease",3,"Both",27,"Age-standardized",1984,"Rate",36.1579214090935,34.3403223233897,37.8959563556052
1,"Deaths",1796,"Hampden County",25013,509,"Chronic obstructive pulmonary disease",3,"Both",27,"Age-standardized",1985,"Rate",36.6118740112084,34.8284301647644,38.3010058216485
1,"Deaths",1796,"Hampden County",25013,509,"Chronic obstructive pulmonary disease",3,"Both",27,"Age-standardized",1986,"Rate",38.2599014092827,36.358732111064,40.0672732488579
1,"Deaths",1796,"Hampden County",25013,509,"Chronic obstructive pulmonary disease",3,"Both",27,"Age-standardized",1987,"Rate",37.615273515523,35.7170150081393,39.416777776698
1,"Deaths",1796,"Hampden County",25013,509,"Chronic obstructive pulmonary disease",3,"Both",27,"Age-standardized",1988,"Rate",39.2363819888972,37.3072425414066,41.0005014380586
1,"Deaths",1796,"Hampden County",25013,509,"Chronic obstructive pulmonary disease",3,"Both",27,"Age-standardized",1989,"Rate",36.6063450385715,34.9736017128877,38.3114544873607
1,"Deaths",1796,"Hampden County",25013,509,"Chronic obstructive pulmonary disease",3,"Both",27,"Age-standardized",1990,"Rate",37.0865319604897,35.4319319984645,38.6949114162212
1,"Deaths",1796,"Hampden County",25013,509,"Chronic obstructive pulmonary disease",3,"Both",27,"Age-standardized",1991,"Rate",37.7415422013266,36.0773335811578,39.3776882208452
1,"Deaths",1796,"Hampden County",25013,509,"Chronic obstructive pulmonary disease",3,"Both",27,"Age-standardized",1992,"Rate",38.0232952377621,36.4144812490267,39.698024277074
1,"Deaths",1796,"Hampden County",25013,509,"Chronic obstructive pulmonary disease",3,"Both",27,"Age-standardized",1993,"Rate",41.4678243938371,39.6601445165194,43.2132925410616
1,"Deaths",1796,"Hampden County",25013,509,"Chronic obstructive pulmonary disease",3,"Both",27,"Age-standardized",1994,"Rate",41.2823657416866,39.3090202638256,43.0981472975185
1,"Deaths",1796,"Hampden County",25013,509,"Chronic obstructive pulmonary disease",3,"Both",27,"Age-standardized",1995,"Rate",42.7022313657139,40.8016787141182,44.5096947872224
1,"Deaths",1796,"Hampden County",25013,509,"Chronic obstructive pulmonary disease",3,"Both",27,"Age-standardized",1996,"Rate",41.2708642525005,39.5575769863877,43.0680631838628
1,"Deaths",1796,"Hampden County",25013,509,"Chronic obstructive pulmonary disease",3,"Both",27,"Age-standardized",1997,"Rate",42.6525847877784,40.7578755231439,44.4835894990849
1,"Deaths",1796,"Hampden County",25013,509,"Chronic obstructive pulmonary disease",3,"Both",27,"Age-standardized",1998,"Rate",44.8427198652718,43.0194307769133,46.9844686271416
1,"Deaths",1796,"Hampden County",25013,509,"Chronic obstructive pulmonary disease",3,"Both",27,"Age-standardized",1999,"Rate",45.5819427996644,43.5871413633807,47.7767598479207
1,"Deaths",1796,"Hampden County",25013,509,"Chronic obstructive pulmonary disease",3,"Both",27,"Age-standardized",2000,"Rate",47.5076542801502,45.4370379505785,49.6095725373014
1,"Deaths",1796,"Hampden County",25013,509,"Chronic obstructive pulmonary disease",3,"Both",27,"Age-standardized",2001,"Rate",45.1987894299291,43.2036595208439,47.4531712162031
1,"Deaths",1796,"Hampden County",25013,509,"Chronic obstructive pulmonary disease",3,"Both",27,"Age-standardized",2002,"Rate",45.6691469826881,43.657110522006,47.9014172748383
1,"Deaths",1796,"Hampden County",25013,509,"Chronic obstructive pulmonary disease",3,"Both",27,"Age-standardized",2003,"Rate",44.8072110004311,42.7799689592505,46.9940916748819
1,"Deaths",1796,"Hampden County",25013,509,"Chronic obstructive pulmonary disease",3,"Both",27,"Age-standardized",2004,"Rate",45.1499359818556,42.9802179793715,47.4634029234891
1,"Deaths",1796,"Hampden County",25013,509,"Chronic obstructive pulmonary disease",3,"Both",27,"Age-standardized",2005,"Rate",44.2850548594824,42.2731977666075,46.5899705345863
1,"Deaths",1796,"Hampden County",25013,509,"Chronic obstructive pulmonary disease",3,"Both",27,"Age-standardized",2006,"Rate",44.7885044786501,42.581555661623,47.1871073074515
1,"Deaths",1796,"Hampden County",25013,509,"Chronic obstructive pulmonary disease",3,"Both",27,"Age-standardized",2007,"Rate",42.5486259348746,40.5061387824323,44.8453933577843
1,"Deaths",1796,"Hampden County",25013,509,"Chronic obstructive pulmonary disease",3,"Both",27,"Age-standardized",2008,"Rate",41.2557096303787,39.2220166649097,43.4889170022089
1,"Deaths",1796,"Hampden County",25013,509,"Chronic obstructive pulmonary disease",3,"Both",27,"Age-standardized",2009,"Rate",41.1022273897307,39.0238937901909,43.4510438394358
1,"Deaths",1796,"Hampden County",25013,509,"Chronic obstructive pulmonary disease",3,"Both",27,"Age-standardized",2010,"Rate",40.4528718090409,38.3831010219571,42.9699463896122
1,"Deaths",1796,"Hampden County",25013,509,"Chronic obstructive pulmonary disease",3,"Both",27,"Age-standardized",2011,"Rate",41.0422613883135,39.0072394312619,43.4062641396278
1,"Deaths",1796,"Hampden County",25013,509,"Chronic obstructive pulmonary disease",3,"Both",27,"Age-standardized",2012,"Rate",40.927452121458,38.7968209233625,43.244909204588
1,"Deaths",1796,"Hampden County",25013,509,"Chronic obstructive pulmonary disease",3,"Both",27,"Age-standardized",2013,"Rate",39.88639223072,37.6914484963077,42.1130097210388
1,"Deaths",1796,"Hampden County",25013,509,"Chronic obstructive pulmonary disease",3,"Both",27,"Age-standardized",2014,"Rate",40.4431376681196,38.3009547078963,43.0675846586574
1,"Deaths",1794,"Hampshire County",25015,509,"Chronic obstructive pulmonary disease",1,"Male",27,"Age-standardized",1980,"Rate",63.5248662911149,58.2314118208513,69.2432255268135
1,"Deaths",1794,"Hampshire County",25015,509,"Chronic obstructive pulmonary disease",1,"Male",27,"Age-standardized",1981,"Rate",63.2080808772887,57.6685369346279,69.0511750158091
1,"Deaths",1794,"Hampshire County",25015,509,"Chronic obstructive pulmonary disease",1,"Male",27,"Age-standardized",1982,"Rate",63.9593898374768,58.6626302318318,69.6867307491795
1,"Deaths",1794,"Hampshire County",25015,509,"Chronic obstructive pulmonary disease",1,"Male",27,"Age-standardized",1983,"Rate",62.8183212323659,57.3746879928963,68.2050144913216
1,"Deaths",1794,"Hampshire County",25015,509,"Chronic obstructive pulmonary disease",1,"Male",27,"Age-standardized",1984,"Rate",64.7470520679383,59.8382461468407,70.070363510471
1,"Deaths",1794,"Hampshire County",25015,509,"Chronic obstructive pulmonary disease",1,"Male",27,"Age-standardized",1985,"Rate",63.1658031173747,58.0525201322135,68.1786099898735
1,"Deaths",1794,"Hampshire County",25015,509,"Chronic obstructive pulmonary disease",1,"Male",27,"Age-standardized",1986,"Rate",62.9760147747855,58.1107948893168,68.0487020744697
1,"Deaths",1794,"Hampshire County",25015,509,"Chronic obstructive pulmonary disease",1,"Male",27,"Age-standardized",1987,"Rate",63.1780969730922,58.5963676182126,67.7657412806194
1,"Deaths",1794,"Hampshire County",25015,509,"Chronic obstructive pulmonary disease",1,"Male",27,"Age-standardized",1988,"Rate",62.904070340921,58.3450949202266,67.587581930138
1,"Deaths",1794,"Hampshire County",25015,509,"Chronic obstructive pulmonary disease",1,"Male",27,"Age-standardized",1989,"Rate",60.9716506885953,56.768521680466,65.2791692284862
1,"Deaths",1794,"Hampshire County",25015,509,"Chronic obstructive pulmonary disease",1,"Male",27,"Age-standardized",1990,"Rate",58.7891261134004,54.6847146350831,62.9513571441334
1,"Deaths",1794,"Hampshire County",25015,509,"Chronic obstructive pulmonary disease",1,"Male",27,"Age-standardized",1991,"Rate",60.582620209192,56.3634047863702,64.980920296412
1,"Deaths",1794,"Hampshire County",25015,509,"Chronic obstructive pulmonary disease",1,"Male",27,"Age-standardized",1992,"Rate",58.0015708550062,53.6389828100642,62.1656861031964
1,"Deaths",1794,"Hampshire County",25015,509,"Chronic obstructive pulmonary disease",1,"Male",27,"Age-standardized",1993,"Rate",60.7901112379156,56.6123905495251,64.9471871571191
1,"Deaths",1794,"Hampshire County",25015,509,"Chronic obstructive pulmonary disease",1,"Male",27,"Age-standardized",1994,"Rate",58.1559700087771,54.0456276385608,62.177651817033
1,"Deaths",1794,"Hampshire County",25015,509,"Chronic obstructive pulmonary disease",1,"Male",27,"Age-standardized",1995,"Rate",57.7649141397359,53.7719416435391,61.9906456707076
1,"Deaths",1794,"Hampshire County",25015,509,"Chronic obstructive pulmonary disease",1,"Male",27,"Age-standardized",1996,"Rate",57.3332053785368,53.2512038445493,61.3270360477169
1,"Deaths",1794,"Hampshire County",25015,509,"Chronic obstructive pulmonary disease",1,"Male",27,"Age-standardized",1997,"Rate",56.5885230081681,52.4327680475917,60.4037032937962
1,"Deaths",1794,"Hampshire County",25015,509,"Chronic obstructive pulmonary disease",1,"Male",27,"Age-standardized",1998,"Rate",55.7977522889808,51.9361940675942,59.6967380121401
1,"Deaths",1794,"Hampshire County",25015,509,"Chronic obstructive pulmonary disease",1,"Male",27,"Age-standardized",1999,"Rate",57.1222165624197,53.1935242395087,61.3950292128439
1,"Deaths",1794,"Hampshire County",25015,509,"Chronic obstructive pulmonary disease",1,"Male",27,"Age-standardized",2000,"Rate",57.2609592887045,53.2899060551216,61.2862280435843
1,"Deaths",1794,"Hampshire County",25015,509,"Chronic obstructive pulmonary disease",1,"Male",27,"Age-standardized",2001,"Rate",54.7630133987667,51.0319442892374,58.7762667676081
1,"Deaths",1794,"Hampshire County",25015,509,"Chronic obstructive pulmonary disease",1,"Male",27,"Age-standardized",2002,"Rate",56.1605062054149,52.0879816685772,60.4361682443883
1,"Deaths",1794,"Hampshire County",25015,509,"Chronic obstructive pulmonary disease",1,"Male",27,"Age-standardized",2003,"Rate",55.1901845201388,51.257692142198,59.1254763951326
1,"Deaths",1794,"Hampshire County",25015,509,"Chronic obstructive pulmonary disease",1,"Male",27,"Age-standardized",2004,"Rate",52.1730787228048,48.1667828293175,56.4617676139986
1,"Deaths",1794,"Hampshire County",25015,509,"Chronic obstructive pulmonary disease",1,"Male",27,"Age-standardized",2005,"Rate",50.4133725146957,46.4710536369311,54.5108526867262
1,"Deaths",1794,"Hampshire County",25015,509,"Chronic obstructive pulmonary disease",1,"Male",27,"Age-standardized",2006,"Rate",49.6439364320279,45.4951404313404,53.9969011548586
1,"Deaths",1794,"Hampshire County",25015,509,"Chronic obstructive pulmonary disease",1,"Male",27,"Age-standardized",2007,"Rate",49.166095783748,45.2495821684961,53.184243750247
1,"Deaths",1794,"Hampshire County",25015,509,"Chronic obstructive pulmonary disease",1,"Male",27,"Age-standardized",2008,"Rate",48.464339141554,44.4994989380965,52.5707977075523
1,"Deaths",1794,"Hampshire County",25015,509,"Chronic obstructive pulmonary disease",1,"Male",27,"Age-standardized",2009,"Rate",48.6347258017304,44.5854109839205,53.1618483232128
1,"Deaths",1794,"Hampshire County",25015,509,"Chronic obstructive pulmonary disease",1,"Male",27,"Age-standardized",2010,"Rate",45.3163611573698,41.5177051169453,49.6639269024597
1,"Deaths",1794,"Hampshire County",25015,509,"Chronic obstructive pulmonary disease",1,"Male",27,"Age-standardized",2011,"Rate",44.504260890632,40.7424051871173,48.7214821552741
1,"Deaths",1794,"Hampshire County",25015,509,"Chronic obstructive pulmonary disease",1,"Male",27,"Age-standardized",2012,"Rate",43.802103888838,39.9267209387731,47.9261208733069
1,"Deaths",1794,"Hampshire County",25015,509,"Chronic obstructive pulmonary disease",1,"Male",27,"Age-standardized",2013,"Rate",44.1473456264646,40.2700810026733,48.567732231838
1,"Deaths",1794,"Hampshire County",25015,509,"Chronic obstructive pulmonary disease",1,"Male",27,"Age-standardized",2014,"Rate",44.4268505436999,40.5416850255726,48.9682250900283
1,"Deaths",1794,"Hampshire County",25015,509,"Chronic obstructive pulmonary disease",2,"Female",27,"Age-standardized",1980,"Rate",20.5705635149742,18.2407649242866,23.0419527070733
1,"Deaths",1794,"Hampshire County",25015,509,"Chronic obstructive pulmonary disease",2,"Female",27,"Age-standardized",1981,"Rate",20.1545929544984,17.9441166151946,22.3625387761754
1,"Deaths",1794,"Hampshire County",25015,509,"Chronic obstructive pulmonary disease",2,"Female",27,"Age-standardized",1982,"Rate",20.2829277816773,18.1031665541738,22.5354198760229
1,"Deaths",1794,"Hampshire County",25015,509,"Chronic obstructive pulmonary disease",2,"Female",27,"Age-standardized",1983,"Rate",20.9977901325934,18.7982331748913,23.3046458644197
1,"Deaths",1794,"Hampshire County",25015,509,"Chronic obstructive pulmonary disease",2,"Female",27,"Age-standardized",1984,"Rate",21.7622666617404,19.5578348780922,24.0200267882122
1,"Deaths",1794,"Hampshire County",25015,509,"Chronic obstructive pulmonary disease",2,"Female",27,"Age-standardized",1985,"Rate",22.7669734702415,20.4756522567025,25.1906421098167
1,"Deaths",1794,"Hampshire County",25015,509,"Chronic obstructive pulmonary disease",2,"Female",27,"Age-standardized",1986,"Rate",22.9714275864927,20.8612622488215,25.2027033822601
1,"Deaths",1794,"Hampshire County",25015,509,"Chronic obstructive pulmonary disease",2,"Female",27,"Age-standardized",1987,"Rate",23.8342021631594,21.6498403672896,26.0759536337334
1,"Deaths",1794,"Hampshire County",25015,509,"Chronic obstructive pulmonary disease",2,"Female",27,"Age-standardized",1988,"Rate",25.4755873391341,23.1829336054706,27.7430024820576
1,"Deaths",1794,"Hampshire County",25015,509,"Chronic obstructive pulmonary disease",2,"Female",27,"Age-standardized",1989,"Rate",26.3593724090163,24.0652300995842,28.642051218983
1,"Deaths",1794,"Hampshire County",25015,509,"Chronic obstructive pulmonary disease",2,"Female",27,"Age-standardized",1990,"Rate",25.7287698858299,23.5481156323861,27.9649553682147
1,"Deaths",1794,"Hampshire County",25015,509,"Chronic obstructive pulmonary disease",2,"Female",27,"Age-standardized",1991,"Rate",26.2763305023938,24.1406321748865,28.4211987994791
1,"Deaths",1794,"Hampshire County",25015,509,"Chronic obstructive pulmonary disease",2,"Female",27,"Age-standardized",1992,"Rate",27.6246148554294,25.4330383447341,30.0682708552949
1,"Deaths",1794,"Hampshire County",25015,509,"Chronic obstructive pulmonary disease",2,"Female",27,"Age-standardized",1993,"Rate",29.3747282114647,27.2292498493829,31.6692619513586
1,"Deaths",1794,"Hampshire County",25015,509,"Chronic obstructive pulmonary disease",2,"Female",27,"Age-standardized",1994,"Rate",29.107571753352,27.0288462383943,31.3825983728791
1,"Deaths",1794,"Hampshire County",25015,509,"Chronic obstructive pulmonary disease",2,"Female",27,"Age-standardized",1995,"Rate",31.4651797561235,29.0593787201714,33.8709538272238
1,"Deaths",1794,"Hampshire County",25015,509,"Chronic obstructive pulmonary disease",2,"Female",27,"Age-standardized",1996,"Rate",31.6603299849784,29.3599117461386,34.0401173450315
1,"Deaths",1794,"Hampshire County",25015,509,"Chronic obstructive pulmonary disease",2,"Female",27,"Age-standardized",1997,"Rate",32.6577102919325,30.1547048015093,35.133884993574
1,"Deaths",1794,"Hampshire County",25015,509,"Chronic obstructive pulmonary disease",2,"Female",27,"Age-standardized",1998,"Rate",32.602306847287,30.1495967661043,35.0661104229428
1,"Deaths",1794,"Hampshire County",25015,509,"Chronic obstructive pulmonary disease",2,"Female",27,"Age-standardized",1999,"Rate",35.2632619821834,32.8812863596977,38.0703358474817
1,"Deaths",1794,"Hampshire County",25015,509,"Chronic obstructive pulmonary disease",2,"Female",27,"Age-standardized",2000,"Rate",35.9348440914952,33.2961468246537,38.6075200211144
1,"Deaths",1794,"Hampshire County",25015,509,"Chronic obstructive pulmonary disease",2,"Female",27,"Age-standardized",2001,"Rate",35.7367547490457,33.0238412104199,38.2171005687605
1,"Deaths",1794,"Hampshire County",25015,509,"Chronic obstructive pulmonary disease",2,"Female",27,"Age-standardized",2002,"Rate",37.253428037356,34.4846297393776,40.1663443469713
1,"Deaths",1794,"Hampshire County",25015,509,"Chronic obstructive pulmonary disease",2,"Female",27,"Age-standardized",2003,"Rate",37.8063316836879,35.0350615200841,40.497114169234
1,"Deaths",1794,"Hampshire County",25015,509,"Chronic obstructive pulmonary disease",2,"Female",27,"Age-standardized",2004,"Rate",35.3451852447719,32.7016939582581,37.8066718891004
1,"Deaths",1794,"Hampshire County",25015,509,"Chronic obstructive pulmonary disease",2,"Female",27,"Age-standardized",2005,"Rate",36.2084664302057,33.5751045194701,39.0851138976496
1,"Deaths",1794,"Hampshire County",25015,509,"Chronic obstructive pulmonary disease",2,"Female",27,"Age-standardized",2006,"Rate",36.0885569548209,33.327429286388,39.1173711306878
1,"Deaths",1794,"Hampshire County",25015,509,"Chronic obstructive pulmonary disease",2,"Female",27,"Age-standardized",2007,"Rate",36.1255463636802,33.1418148925496,38.9594854513234
1,"Deaths",1794,"Hampshire County",25015,509,"Chronic obstructive pulmonary disease",2,"Female",27,"Age-standardized",2008,"Rate",34.9809455252203,31.9928015826254,37.7901733352919
1,"Deaths",1794,"Hampshire County",25015,509,"Chronic obstructive pulmonary disease",2,"Female",27,"Age-standardized",2009,"Rate",34.343862564694,31.2938217734687,37.259536633918
1,"Deaths",1794,"Hampshire County",25015,509,"Chronic obstructive pulmonary disease",2,"Female",27,"Age-standardized",2010,"Rate",34.4669460341999,31.5091619452943,37.3303430895225
1,"Deaths",1794,"Hampshire County",25015,509,"Chronic obstructive pulmonary disease",2,"Female",27,"Age-standardized",2011,"Rate",35.2499339513851,32.2739477900126,38.2231408493717
1,"Deaths",1794,"Hampshire County",25015,509,"Chronic obstructive pulmonary disease",2,"Female",27,"Age-standardized",2012,"Rate",33.4269162041477,30.3588630252049,36.4165197622421
1,"Deaths",1794,"Hampshire County",25015,509,"Chronic obstructive pulmonary disease",2,"Female",27,"Age-standardized",2013,"Rate",32.75263821536,29.6758521704025,35.9399508411166
1,"Deaths",1794,"Hampshire County",25015,509,"Chronic obstructive pulmonary disease",2,"Female",27,"Age-standardized",2014,"Rate",35.0589059143223,31.5653302453334,38.1772618242085
1,"Deaths",1794,"Hampshire County",25015,509,"Chronic obstructive pulmonary disease",3,"Both",27,"Age-standardized",1980,"Rate",36.0382314308616,33.5659727484964,38.7052717725285
1,"Deaths",1794,"Hampshire County",25015,509,"Chronic obstructive pulmonary disease",3,"Both",27,"Age-standardized",1981,"Rate",35.6043769130688,33.1318120520845,38.0872085667388
1,"Deaths",1794,"Hampshire County",25015,509,"Chronic obstructive pulmonary disease",3,"Both",27,"Age-standardized",1982,"Rate",35.8956006809562,33.53227147805,38.2441098296686
1,"Deaths",1794,"Hampshire County",25015,509,"Chronic obstructive pulmonary disease",3,"Both",27,"Age-standardized",1983,"Rate",35.8522479890472,33.5429815432463,38.1940139642257
1,"Deaths",1794,"Hampshire County",25015,509,"Chronic obstructive pulmonary disease",3,"Both",27,"Age-standardized",1984,"Rate",37.0265035377936,34.6627117676844,39.3809446059477
1,"Deaths",1794,"Hampshire County",25015,509,"Chronic obstructive pulmonary disease",3,"Both",27,"Age-standardized",1985,"Rate",37.0374059013574,34.655591251362,39.3842773467332
1,"Deaths",1794,"Hampshire County",25015,509,"Chronic obstructive pulmonary disease",3,"Both",27,"Age-standardized",1986,"Rate",37.093523947564,34.6535728731159,39.4724608527654
1,"Deaths",1794,"Hampshire County",25015,509,"Chronic obstructive pulmonary disease",3,"Both",27,"Age-standardized",1987,"Rate",37.7021801740601,35.3082137775152,39.8742228753579
1,"Deaths",1794,"Hampshire County",25015,509,"Chronic obstructive pulmonary disease",3,"Both",27,"Age-standardized",1988,"Rate",38.6815974731314,36.3961583961083,40.9893935009826
1,"Deaths",1794,"Hampshire County",25015,509,"Chronic obstructive pulmonary disease",3,"Both",27,"Age-standardized",1989,"Rate",38.5582176904407,36.4667117027058,40.7227621434069
1,"Deaths",1794,"Hampshire County",25015,509,"Chronic obstructive pulmonary disease",3,"Both",27,"Age-standardized",1990,"Rate",37.3741874926795,35.3616924673951,39.5997180409029
1,"Deaths",1794,"Hampshire County",25015,509,"Chronic obstructive pulmonary disease",3,"Both",27,"Age-standardized",1991,"Rate",38.3714833354841,36.2486179465918,40.5623586216014
1,"Deaths",1794,"Hampshire County",25015,509,"Chronic obstructive pulmonary disease",3,"Both",27,"Age-standardized",1992,"Rate",38.3016829114515,36.3155262956161,40.4737458030525
1,"Deaths",1794,"Hampshire County",25015,509,"Chronic obstructive pulmonary disease",3,"Both",27,"Age-standardized",1993,"Rate",40.4647426801322,38.2493409562163,42.6466095718802
1,"Deaths",1794,"Hampshire County",25015,509,"Chronic obstructive pulmonary disease",3,"Both",27,"Age-standardized",1994,"Rate",39.4071431571822,37.3440550097929,41.5820177814723
1,"Deaths",1794,"Hampshire County",25015,509,"Chronic obstructive pulmonary disease",3,"Both",27,"Age-standardized",1995,"Rate",40.7636017553792,38.3984667729384,43.1990290566335
1,"Deaths",1794,"Hampshire County",25015,509,"Chronic obstructive pulmonary disease",3,"Both",27,"Age-standardized",1996,"Rate",40.7761286209082,38.4243705627523,42.9677601068848
1,"Deaths",1794,"Hampshire County",25015,509,"Chronic obstructive pulmonary disease",3,"Both",27,"Age-standardized",1997,"Rate",41.1512062196,38.9045722233218,43.4335414959549
1,"Deaths",1794,"Hampshire County",25015,509,"Chronic obstructive pulmonary disease",3,"Both",27,"Age-standardized",1998,"Rate",40.8888330778976,38.5985904999908,43.2133057971969
1,"Deaths",1794,"Hampshire County",25015,509,"Chronic obstructive pulmonary disease",3,"Both",27,"Age-standardized",1999,"Rate",43.1044438789426,40.7448104819383,45.572485345677
1,"Deaths",1794,"Hampshire County",25015,509,"Chronic obstructive pulmonary disease",3,"Both",27,"Age-standardized",2000,"Rate",43.6071173414243,41.1638370574729,45.9496094292714
1,"Deaths",1794,"Hampshire County",25015,509,"Chronic obstructive pulmonary disease",3,"Both",27,"Age-standardized",2001,"Rate",42.5839774179041,40.1360458981892,45.1377378998184
1,"Deaths",1794,"Hampshire County",25015,509,"Chronic obstructive pulmonary disease",3,"Both",27,"Age-standardized",2002,"Rate",44.1625907710935,41.5236819808041,46.7239904310959
1,"Deaths",1794,"Hampshire County",25015,509,"Chronic obstructive pulmonary disease",3,"Both",27,"Age-standardized",2003,"Rate",44.1930547192539,41.7494357190398,46.6002897222801
1,"Deaths",1794,"Hampshire County",25015,509,"Chronic obstructive pulmonary disease",3,"Both",27,"Age-standardized",2004,"Rate",41.5754702451459,39.1153497485009,44.136277885873
1,"Deaths",1794,"Hampshire County",25015,509,"Chronic obstructive pulmonary disease",3,"Both",27,"Age-standardized",2005,"Rate",41.48816494634,39.027977810819,44.0285096369393
1,"Deaths",1794,"Hampshire County",25015,509,"Chronic obstructive pulmonary disease",3,"Both",27,"Age-standardized",2006,"Rate",41.128411906071,38.5943520849166,43.8640400922789
1,"Deaths",1794,"Hampshire County",25015,509,"Chronic obstructive pulmonary disease",3,"Both",27,"Age-standardized",2007,"Rate",41.0229693595862,38.3594126782994,43.5711938481448
1,"Deaths",1794,"Hampshire County",25015,509,"Chronic obstructive pulmonary disease",3,"Both",27,"Age-standardized",2008,"Rate",40.0645209647358,37.442960814211,42.7961576416963
1,"Deaths",1794,"Hampshire County",25015,509,"Chronic obstructive pulmonary disease",3,"Both",27,"Age-standardized",2009,"Rate",39.8234579358624,37.2614120521805,42.6171869715418
1,"Deaths",1794,"Hampshire County",25015,509,"Chronic obstructive pulmonary disease",3,"Both",27,"Age-standardized",2010,"Rate",38.5979759150647,36.1919920588351,41.3785039596315
1,"Deaths",1794,"Hampshire County",25015,509,"Chronic obstructive pulmonary disease",3,"Both",27,"Age-standardized",2011,"Rate",38.7570198565576,36.0613460478334,41.38808026668
1,"Deaths",1794,"Hampshire County",25015,509,"Chronic obstructive pulmonary disease",3,"Both",27,"Age-standardized",2012,"Rate",37.4506244570235,34.7711637981918,40.1035749916983
1,"Deaths",1794,"Hampshire County",25015,509,"Chronic obstructive pulmonary disease",3,"Both",27,"Age-standardized",2013,"Rate",37.2086580445873,34.5822169759103,39.9623337215895
1,"Deaths",1794,"Hampshire County",25015,509,"Chronic obstructive pulmonary disease",3,"Both",27,"Age-standardized",2014,"Rate",38.7054261167551,35.8588327170309,41.5261896897219
1,"Deaths",1792,"Middlesex County",25017,509,"Chronic obstructive pulmonary disease",1,"Male",27,"Age-standardized",1980,"Rate",59.500637325128,55.4281403491546,63.0210106367948
1,"Deaths",1792,"Middlesex County",25017,509,"Chronic obstructive pulmonary disease",1,"Male",27,"Age-standardized",1981,"Rate",56.4409228934428,52.8256789072634,59.5093803673498
1,"Deaths",1792,"Middlesex County",25017,509,"Chronic obstructive pulmonary disease",1,"Male",27,"Age-standardized",1982,"Rate",57.7558453144365,53.954242192652,61.1992202769988
1,"Deaths",1792,"Middlesex County",25017,509,"Chronic obstructive pulmonary disease",1,"Male",27,"Age-standardized",1983,"Rate",58.4675935181053,54.8559714580645,61.5897163668333
1,"Deaths",1792,"Middlesex County",25017,509,"Chronic obstructive pulmonary disease",1,"Male",27,"Age-standardized",1984,"Rate",58.7008068497013,55.1631507908998,61.8989320351171
1,"Deaths",1792,"Middlesex County",25017,509,"Chronic obstructive pulmonary disease",1,"Male",27,"Age-standardized",1985,"Rate",57.3820135843953,53.8439715321095,60.3842447847258
1,"Deaths",1792,"Middlesex County",25017,509,"Chronic obstructive pulmonary disease",1,"Male",27,"Age-standardized",1986,"Rate",56.2580365294852,52.7579404538005,59.3473542140975
1,"Deaths",1792,"Middlesex County",25017,509,"Chronic obstructive pulmonary disease",1,"Male",27,"Age-standardized",1987,"Rate",57.3319603468951,53.8488842695575,60.4704031452354
1,"Deaths",1792,"Middlesex County",25017,509,"Chronic obstructive pulmonary disease",1,"Male",27,"Age-standardized",1988,"Rate",54.2541881449661,51.1151633858803,56.9230405010559
1,"Deaths",1792,"Middlesex County",25017,509,"Chronic obstructive pulmonary disease",1,"Male",27,"Age-standardized",1989,"Rate",52.0377110681458,49.0822622873151,54.596362427847
1,"Deaths",1792,"Middlesex County",25017,509,"Chronic obstructive pulmonary disease",1,"Male",27,"Age-standardized",1990,"Rate",49.3241039258798,46.527272469407,51.9728085046374
1,"Deaths",1792,"Middlesex County",25017,509,"Chronic obstructive pulmonary disease",1,"Male",27,"Age-standardized",1991,"Rate",50.6638807313682,47.788340964406,53.3480907709684
1,"Deaths",1792,"Middlesex County",25017,509,"Chronic obstructive pulmonary disease",1,"Male",27,"Age-standardized",1992,"Rate",51.7338350290456,48.7090187129195,54.4820241057627
1,"Deaths",1792,"Middlesex County",25017,509,"Chronic obstructive pulmonary disease",1,"Male",27,"Age-standardized",1993,"Rate",50.5227382383825,47.728819772315,53.1868263317497
1,"Deaths",1792,"Middlesex County",25017,509,"Chronic obstructive pulmonary disease",1,"Male",27,"Age-standardized",1994,"Rate",48.9721514334218,46.2550651594175,51.5869203953278
1,"Deaths",1792,"Middlesex County",25017,509,"Chronic obstructive pulmonary disease",1,"Male",27,"Age-standardized",1995,"Rate",51.0684090123272,48.3677357886925,53.8178782281341
1,"Deaths",1792,"Middlesex County",25017,509,"Chronic obstructive pulmonary disease",1,"Male",27,"Age-standardized",1996,"Rate",48.658824891793,46.0121735592744,51.4206672195648
1,"Deaths",1792,"Middlesex County",25017,509,"Chronic obstructive pulmonary disease",1,"Male",27,"Age-standardized",1997,"Rate",48.9249497102255,46.3148303534508,51.5838670262982
1,"Deaths",1792,"Middlesex County",25017,509,"Chronic obstructive pulmonary disease",1,"Male",27,"Age-standardized",1998,"Rate",46.5651997236447,44.0631407913383,49.3460359500563
1,"Deaths",1792,"Middlesex County",25017,509,"Chronic obstructive pulmonary disease",1,"Male",27,"Age-standardized",1999,"Rate",48.4314764720643,45.8512144110839,51.2332881871107
1,"Deaths",1792,"Middlesex County",25017,509,"Chronic obstructive pulmonary disease",1,"Male",27,"Age-standardized",2000,"Rate",50.4458050835707,47.9761924150077,53.2940039831113
1,"Deaths",1792,"Middlesex County",25017,509,"Chronic obstructive pulmonary disease",1,"Male",27,"Age-standardized",2001,"Rate",47.388032400305,44.8527109936105,50.3484819840425
1,"Deaths",1792,"Middlesex County",25017,509,"Chronic obstructive pulmonary disease",1,"Male",27,"Age-standardized",2002,"Rate",44.6132868274386,42.2201508126302,47.4248340953845
1,"Deaths",1792,"Middlesex County",25017,509,"Chronic obstructive pulmonary disease",1,"Male",27,"Age-standardized",2003,"Rate",42.8990155595458,40.4876719722849,45.751605424971
1,"Deaths",1792,"Middlesex County",25017,509,"Chronic obstructive pulmonary disease",1,"Male",27,"Age-standardized",2004,"Rate",42.3869424620679,39.7283386126847,45.34908596618
1,"Deaths",1792,"Middlesex County",25017,509,"Chronic obstructive pulmonary disease",1,"Male",27,"Age-standardized",2005,"Rate",41.8593628179076,39.3620887407111,45.0675370887375
1,"Deaths",1792,"Middlesex County",25017,509,"Chronic obstructive pulmonary disease",1,"Male",27,"Age-standardized",2006,"Rate",38.8227391094984,36.3519507001943,42.0029125394958
1,"Deaths",1792,"Middlesex County",25017,509,"Chronic obstructive pulmonary disease",1,"Male",27,"Age-standardized",2007,"Rate",37.1760414268267,34.9306962178637,40.1959615947786
1,"Deaths",1792,"Middlesex County",25017,509,"Chronic obstructive pulmonary disease",1,"Male",27,"Age-standardized",2008,"Rate",37.957492591369,35.5505569758174,41.3291063047147
1,"Deaths",1792,"Middlesex County",25017,509,"Chronic obstructive pulmonary disease",1,"Male",27,"Age-standardized",2009,"Rate",37.9888225370387,35.4438837808264,41.2981995972575
1,"Deaths",1792,"Middlesex County",25017,509,"Chronic obstructive pulmonary disease",1,"Male",27,"Age-standardized",2010,"Rate",33.9789057800455,31.7024603815149,37.3417934637518
1,"Deaths",1792,"Middlesex County",25017,509,"Chronic obstructive pulmonary disease",1,"Male",27,"Age-standardized",2011,"Rate",37.1314400232249,34.5841194228231,40.3583526313265
1,"Deaths",1792,"Middlesex County",25017,509,"Chronic obstructive pulmonary disease",1,"Male",27,"Age-standardized",2012,"Rate",35.30680250992,32.8180349613289,38.6412022961082
1,"Deaths",1792,"Middlesex County",25017,509,"Chronic obstructive pulmonary disease",1,"Male",27,"Age-standardized",2013,"Rate",32.166279060086,29.8172524343356,35.1079773548664
1,"Deaths",1792,"Middlesex County",25017,509,"Chronic obstructive pulmonary disease",1,"Male",27,"Age-standardized",2014,"Rate",33.2839218259739,30.913316474256,36.6510133191457
1,"Deaths",1792,"Middlesex County",25017,509,"Chronic obstructive pulmonary disease",2,"Female",27,"Age-standardized",1980,"Rate",18.4510352886279,16.9635806926016,19.9093150188143
1,"Deaths",1792,"Middlesex County",25017,509,"Chronic obstructive pulmonary disease",2,"Female",27,"Age-standardized",1981,"Rate",19.0057854523866,17.4357833073736,20.3947930596322
1,"Deaths",1792,"Middlesex County",25017,509,"Chronic obstructive pulmonary disease",2,"Female",27,"Age-standardized",1982,"Rate",18.7874424762259,17.2740460540631,20.1658570696517
1,"Deaths",1792,"Middlesex County",25017,509,"Chronic obstructive pulmonary disease",2,"Female",27,"Age-standardized",1983,"Rate",20.1116105819939,18.6255079637855,21.454222848459
1,"Deaths",1792,"Middlesex County",25017,509,"Chronic obstructive pulmonary disease",2,"Female",27,"Age-standardized",1984,"Rate",21.6558190443609,20.0784481305539,23.0799218636705
1,"Deaths",1792,"Middlesex County",25017,509,"Chronic obstructive pulmonary disease",2,"Female",27,"Age-standardized",1985,"Rate",22.5700394211051,21.0654353022975,24.0892141325937
1,"Deaths",1792,"Middlesex County",25017,509,"Chronic obstructive pulmonary disease",2,"Female",27,"Age-standardized",1986,"Rate",21.7103844496511,20.0820322352156,23.1870104060661
1,"Deaths",1792,"Middlesex County",25017,509,"Chronic obstructive pulmonary disease",2,"Female",27,"Age-standardized",1987,"Rate",22.1502697287429,20.5346738783197,23.6100197466822
1,"Deaths",1792,"Middlesex County",25017,509,"Chronic obstructive pulmonary disease",2,"Female",27,"Age-standardized",1988,"Rate",23.7497829232704,22.0726093352808,25.186978157296
1,"Deaths",1792,"Middlesex County",25017,509,"Chronic obstructive pulmonary disease",2,"Female",27,"Age-standardized",1989,"Rate",22.7837529920667,21.2870824346675,24.2982489469387
1,"Deaths",1792,"Middlesex County",25017,509,"Chronic obstructive pulmonary disease",2,"Female",27,"Age-standardized",1990,"Rate",24.687272536189,23.1146273164514,26.0998845618262
1,"Deaths",1792,"Middlesex County",25017,509,"Chronic obstructive pulmonary disease",2,"Female",27,"Age-standardized",1991,"Rate",24.1301649087446,22.5841475076586,25.6757947749054
1,"Deaths",1792,"Middlesex County",25017,509,"Chronic obstructive pulmonary disease",2,"Female",27,"Age-standardized",1992,"Rate",24.9565769889363,23.4039980434838,26.3956903799174
1,"Deaths",1792,"Middlesex County",25017,509,"Chronic obstructive pulmonary disease",2,"Female",27,"Age-standardized",1993,"Rate",27.391195090428,25.7462193710587,29.0130708946712
1,"Deaths",1792,"Middlesex County",25017,509,"Chronic obstructive pulmonary disease",2,"Female",27,"Age-standardized",1994,"Rate",28.2743071094025,26.6503386999807,29.9537942796143
1,"Deaths",1792,"Middlesex County",25017,509,"Chronic obstructive pulmonary disease",2,"Female",27,"Age-standardized",1995,"Rate",29.2780493664643,27.5841739197468,30.9694095749565
1,"Deaths",1792,"Middlesex County",25017,509,"Chronic obstructive pulmonary disease",2,"Female",27,"Age-standardized",1996,"Rate",29.694280837588,28.0927159753679,31.3638559282582
1,"Deaths",1792,"Middlesex County",25017,509,"Chronic obstructive pulmonary disease",2,"Female",27,"Age-standardized",1997,"Rate",29.4865677916327,27.7841567010769,31.2643928671159
1,"Deaths",1792,"Middlesex County",25017,509,"Chronic obstructive pulmonary disease",2,"Female",27,"Age-standardized",1998,"Rate",32.1529190012149,30.4393177208395,33.9326900182576
1,"Deaths",1792,"Middlesex County",25017,509,"Chronic obstructive pulmonary disease",2,"Female",27,"Age-standardized",1999,"Rate",32.5213564314349,30.6461600257639,34.4034005566105
1,"Deaths",1792,"Middlesex County",25017,509,"Chronic obstructive pulmonary disease",2,"Female",27,"Age-standardized",2000,"Rate",35.5364499957043,33.4246285315436,37.5586871663375
1,"Deaths",1792,"Middlesex County",25017,509,"Chronic obstructive pulmonary disease",2,"Female",27,"Age-standardized",2001,"Rate",33.6175877556581,31.7763273424764,35.6686652695007
1,"Deaths",1792,"Middlesex County",25017,509,"Chronic obstructive pulmonary disease",2,"Female",27,"Age-standardized",2002,"Rate",33.3438713666008,31.475775662193,35.3149328548839
1,"Deaths",1792,"Middlesex County",25017,509,"Chronic obstructive pulmonary disease",2,"Female",27,"Age-standardized",2003,"Rate",32.8367938313008,30.9481668990008,34.9487543818626
1,"Deaths",1792,"Middlesex County",25017,509,"Chronic obstructive pulmonary disease",2,"Female",27,"Age-standardized",2004,"Rate",31.7310443182818,29.7556143030932,33.7683638365516
1,"Deaths",1792,"Middlesex County",25017,509,"Chronic obstructive pulmonary disease",2,"Female",27,"Age-standardized",2005,"Rate",32.39940850164,30.5441558049629,34.5946949605574
1,"Deaths",1792,"Middlesex County",25017,509,"Chronic obstructive pulmonary disease",2,"Female",27,"Age-standardized",2006,"Rate",31.4705343558964,29.6676518350898,33.4515802272185
1,"Deaths",1792,"Middlesex County",25017,509,"Chronic obstructive pulmonary disease",2,"Female",27,"Age-standardized",2007,"Rate",29.4312322532177,27.7508992351263,31.4748831604536
1,"Deaths",1792,"Middlesex County",25017,509,"Chronic obstructive pulmonary disease",2,"Female",27,"Age-standardized",2008,"Rate",29.8890337271151,28.0611748334376,31.8927155834859
1,"Deaths",1792,"Middlesex County",25017,509,"Chronic obstructive pulmonary disease",2,"Female",27,"Age-standardized",2009,"Rate",29.6684035011555,27.8857271297729,31.7656505513877
1,"Deaths",1792,"Middlesex County",25017,509,"Chronic obstructive pulmonary disease",2,"Female",27,"Age-standardized",2010,"Rate",28.4642348900183,26.6359447539943,30.7721662309732
1,"Deaths",1792,"Middlesex County",25017,509,"Chronic obstructive pulmonary disease",2,"Female",27,"Age-standardized",2011,"Rate",30.0102759717933,28.1796791339614,32.1941805062766
1,"Deaths",1792,"Middlesex County",25017,509,"Chronic obstructive pulmonary disease",2,"Female",27,"Age-standardized",2012,"Rate",28.6847330930109,26.8645685048927,30.8622124822235
1,"Deaths",1792,"Middlesex County",25017,509,"Chronic obstructive pulmonary disease",2,"Female",27,"Age-standardized",2013,"Rate",27.6935836308576,25.7593221533572,29.8653146214032
1,"Deaths",1792,"Middlesex County",25017,509,"Chronic obstructive pulmonary disease",2,"Female",27,"Age-standardized",2014,"Rate",27.4536701578646,25.4871345345144,29.6056440998357
1,"Deaths",1792,"Middlesex County",25017,509,"Chronic obstructive pulmonary disease",3,"Both",27,"Age-standardized",1980,"Rate",32.1442801295788,30.4832091589933,33.7047106803253
1,"Deaths",1792,"Middlesex County",25017,509,"Chronic obstructive pulmonary disease",3,"Both",27,"Age-standardized",1981,"Rate",31.3849633192325,29.6634082071336,32.7805332001794
1,"Deaths",1792,"Middlesex County",25017,509,"Chronic obstructive pulmonary disease",3,"Both",27,"Age-standardized",1982,"Rate",31.6091571334542,29.8053064097775,33.1227960717972
1,"Deaths",1792,"Middlesex County",25017,509,"Chronic obstructive pulmonary disease",3,"Both",27,"Age-standardized",1983,"Rate",32.6633198259246,30.9973568602314,34.0724894954154
1,"Deaths",1792,"Middlesex County",25017,509,"Chronic obstructive pulmonary disease",3,"Both",27,"Age-standardized",1984,"Rate",33.7241543056673,32.0100064657109,35.3336136339748
1,"Deaths",1792,"Middlesex County",25017,509,"Chronic obstructive pulmonary disease",3,"Both",27,"Age-standardized",1985,"Rate",33.8123144204006,32.153003123008,35.2195930545464
1,"Deaths",1792,"Middlesex County",25017,509,"Chronic obstructive pulmonary disease",3,"Both",27,"Age-standardized",1986,"Rate",32.8840554161843,31.1963222310677,34.4209442092724
1,"Deaths",1792,"Middlesex County",25017,509,"Chronic obstructive pulmonary disease",3,"Both",27,"Age-standardized",1987,"Rate",33.5154113248795,31.7932072817111,35.054806392673
1,"Deaths",1792,"Middlesex County",25017,509,"Chronic obstructive pulmonary disease",3,"Both",27,"Age-standardized",1988,"Rate",33.5535580181408,31.9516415402646,34.9540136520342
1,"Deaths",1792,"Middlesex County",25017,509,"Chronic obstructive pulmonary disease",3,"Both",27,"Age-standardized",1989,"Rate",32.2087749907547,30.7928064217951,33.5620833030482
1,"Deaths",1792,"Middlesex County",25017,509,"Chronic obstructive pulmonary disease",3,"Both",27,"Age-standardized",1990,"Rate",32.524713759338,31.1001497045858,33.9132138505152
1,"Deaths",1792,"Middlesex County",25017,509,"Chronic obstructive pulmonary disease",3,"Both",27,"Age-standardized",1991,"Rate",32.690185102604,31.2314774723846,34.1781015577758
1,"Deaths",1792,"Middlesex County",25017,509,"Chronic obstructive pulmonary disease",3,"Both",27,"Age-standardized",1992,"Rate",33.6529903608781,32.1846188510455,35.0236852229737
1,"Deaths",1792,"Middlesex County",25017,509,"Chronic obstructive pulmonary disease",3,"Both",27,"Age-standardized",1993,"Rate",34.9111092801777,33.4317151804901,36.3579101000117
1,"Deaths",1792,"Middlesex County",25017,509,"Chronic obstructive pulmonary disease",3,"Both",27,"Age-standardized",1994,"Rate",35.0049986276944,33.5064282929315,36.602285882343
1,"Deaths",1792,"Middlesex County",25017,509,"Chronic obstructive pulmonary disease",3,"Both",27,"Age-standardized",1995,"Rate",36.4232168595198,34.918522013547,37.9734183237043
1,"Deaths",1792,"Middlesex County",25017,509,"Chronic obstructive pulmonary disease",3,"Both",27,"Age-standardized",1996,"Rate",35.8737330944085,34.532848294127,37.349238183288
1,"Deaths",1792,"Middlesex County",25017,509,"Chronic obstructive pulmonary disease",3,"Both",27,"Age-standardized",1997,"Rate",35.9232018380033,34.4493685807217,37.5041298752837
1,"Deaths",1792,"Middlesex County",25017,509,"Chronic obstructive pulmonary disease",3,"Both",27,"Age-standardized",1998,"Rate",36.8222160988742,35.2172380620553,38.3256316963049
1,"Deaths",1792,"Middlesex County",25017,509,"Chronic obstructive pulmonary disease",3,"Both",27,"Age-standardized",1999,"Rate",37.8007439135564,36.2410141466249,39.4378752853007
1,"Deaths",1792,"Middlesex County",25017,509,"Chronic obstructive pulmonary disease",3,"Both",27,"Age-standardized",2000,"Rate",40.5084900022838,38.9561805891664,42.3056447109707
1,"Deaths",1792,"Middlesex County",25017,509,"Chronic obstructive pulmonary disease",3,"Both",27,"Age-standardized",2001,"Rate",38.2853328815225,36.5992775715654,40.1082533671815
1,"Deaths",1792,"Middlesex County",25017,509,"Chronic obstructive pulmonary disease",3,"Both",27,"Age-standardized",2002,"Rate",37.1697047683543,35.6246012899036,38.9632438011187
1,"Deaths",1792,"Middlesex County",25017,509,"Chronic obstructive pulmonary disease",3,"Both",27,"Age-standardized",2003,"Rate",36.2707640629016,34.7897810295936,37.9378599686788
1,"Deaths",1792,"Middlesex County",25017,509,"Chronic obstructive pulmonary disease",3,"Both",27,"Age-standardized",2004,"Rate",35.4480746775926,33.8164189123178,37.2947498785351
1,"Deaths",1792,"Middlesex County",25017,509,"Chronic obstructive pulmonary disease",3,"Both",27,"Age-standardized",2005,"Rate",35.7609969475928,34.2287506606791,37.7408574083353
1,"Deaths",1792,"Middlesex County",25017,509,"Chronic obstructive pulmonary disease",3,"Both",27,"Age-standardized",2006,"Rate",34.0828052944237,32.4958852655,35.9822022531525
1,"Deaths",1792,"Middlesex County",25017,509,"Chronic obstructive pulmonary disease",3,"Both",27,"Age-standardized",2007,"Rate",32.2383223853075,30.7348872049346,34.2497022056486
1,"Deaths",1792,"Middlesex County",25017,509,"Chronic obstructive pulmonary disease",3,"Both",27,"Age-standardized",2008,"Rate",32.8661785732986,31.2095715928058,34.9593982333159
1,"Deaths",1792,"Middlesex County",25017,509,"Chronic obstructive pulmonary disease",3,"Both",27,"Age-standardized",2009,"Rate",32.7567095762905,31.194268169472,34.8953799148597
1,"Deaths",1792,"Middlesex County",25017,509,"Chronic obstructive pulmonary disease",3,"Both",27,"Age-standardized",2010,"Rate",30.4857189015326,28.9950795282372,32.4542399735184
1,"Deaths",1792,"Middlesex County",25017,509,"Chronic obstructive pulmonary disease",3,"Both",27,"Age-standardized",2011,"Rate",32.6798888464694,31.1110970619857,34.7060756793566
1,"Deaths",1792,"Middlesex County",25017,509,"Chronic obstructive pulmonary disease",3,"Both",27,"Age-standardized",2012,"Rate",31.2045969769195,29.5747965204425,33.2519802432619
1,"Deaths",1792,"Middlesex County",25017,509,"Chronic obstructive pulmonary disease",3,"Both",27,"Age-standardized",2013,"Rate",29.3541923362697,27.8486174607415,31.1925831603177
1,"Deaths",1792,"Middlesex County",25017,509,"Chronic obstructive pulmonary disease",3,"Both",27,"Age-standardized",2014,"Rate",29.6668082684743,28.2001267484469,31.616723868437
1,"Deaths",1802,"Nantucket County",25019,509,"Chronic obstructive pulmonary disease",1,"Male",27,"Age-standardized",1980,"Rate",68.9911434162484,52.7275160524916,85.68908296797
1,"Deaths",1802,"Nantucket County",25019,509,"Chronic obstructive pulmonary disease",1,"Male",27,"Age-standardized",1981,"Rate",67.1745647208214,51.6163450619715,83.1933058880082
1,"Deaths",1802,"Nantucket County",25019,509,"Chronic obstructive pulmonary disease",1,"Male",27,"Age-standardized",1982,"Rate",66.0000329939585,51.4499806718514,81.636794476402
1,"Deaths",1802,"Nantucket County",25019,509,"Chronic obstructive pulmonary disease",1,"Male",27,"Age-standardized",1983,"Rate",66.3455644977545,52.2547508817144,80.8415846689861
1,"Deaths",1802,"Nantucket County",25019,509,"Chronic obstructive pulmonary disease",1,"Male",27,"Age-standardized",1984,"Rate",64.820217396868,52.0861344862167,78.0886966236271
1,"Deaths",1802,"Nantucket County",25019,509,"Chronic obstructive pulmonary disease",1,"Male",27,"Age-standardized",1985,"Rate",65.2173901242164,51.6829623722928,79.0982893883862
1,"Deaths",1802,"Nantucket County",25019,509,"Chronic obstructive pulmonary disease",1,"Male",27,"Age-standardized",1986,"Rate",63.7003455162768,51.1159628138251,76.2364609334454
1,"Deaths",1802,"Nantucket County",25019,509,"Chronic obstructive pulmonary disease",1,"Male",27,"Age-standardized",1987,"Rate",62.6123919154401,50.5149057300691,75.0203334491289
1,"Deaths",1802,"Nantucket County",25019,509,"Chronic obstructive pulmonary disease",1,"Male",27,"Age-standardized",1988,"Rate",61.9069719255929,49.9859010585915,73.9789379039012
1,"Deaths",1802,"Nantucket County",25019,509,"Chronic obstructive pulmonary disease",1,"Male",27,"Age-standardized",1989,"Rate",59.0181893903215,47.8124211647558,70.1295622696251
1,"Deaths",1802,"Nantucket County",25019,509,"Chronic obstructive pulmonary disease",1,"Male",27,"Age-standardized",1990,"Rate",56.8756658598178,46.3014506783471,66.817232117065
1,"Deaths",1802,"Nantucket County",25019,509,"Chronic obstructive pulmonary disease",1,"Male",27,"Age-standardized",1991,"Rate",55.6290008623405,45.6527191225059,65.4315492012153
1,"Deaths",1802,"Nantucket County",25019,509,"Chronic obstructive pulmonary disease",1,"Male",27,"Age-standardized",1992,"Rate",54.1421119626358,44.4525365864249,64.0015682891498
1,"Deaths",1802,"Nantucket County",25019,509,"Chronic obstructive pulmonary disease",1,"Male",27,"Age-standardized",1993,"Rate",53.8294610907998,44.1667635264126,63.2660328257883
1,"Deaths",1802,"Nantucket County",25019,509,"Chronic obstructive pulmonary disease",1,"Male",27,"Age-standardized",1994,"Rate",53.057738003142,43.7169068304581,62.5252356250474
1,"Deaths",1802,"Nantucket County",25019,509,"Chronic obstructive pulmonary disease",1,"Male",27,"Age-standardized",1995,"Rate",51.4641246041088,42.9366108039279,60.3238040007554
1,"Deaths",1802,"Nantucket County",25019,509,"Chronic obstructive pulmonary disease",1,"Male",27,"Age-standardized",1996,"Rate",49.9299241646331,40.9585099017199,58.4870601108579
1,"Deaths",1802,"Nantucket County",25019,509,"Chronic obstructive pulmonary disease",1,"Male",27,"Age-standardized",1997,"Rate",49.0673559300361,40.7819977208491,57.6803505076388
1,"Deaths",1802,"Nantucket County",25019,509,"Chronic obstructive pulmonary disease",1,"Male",27,"Age-standardized",1998,"Rate",47.3264954315565,38.805220916104,55.8446568689392
1,"Deaths",1802,"Nantucket County",25019,509,"Chronic obstructive pulmonary disease",1,"Male",27,"Age-standardized",1999,"Rate",47.5132875112612,38.6460699569289,56.0717972919999
1,"Deaths",1802,"Nantucket County",25019,509,"Chronic obstructive pulmonary disease",1,"Male",27,"Age-standardized",2000,"Rate",46.6666837080798,37.7227958783083,55.2207735832411
1,"Deaths",1802,"Nantucket County",25019,509,"Chronic obstructive pulmonary disease",1,"Male",27,"Age-standardized",2001,"Rate",45.9410355844309,36.9218261436586,55.0448495775346
1,"Deaths",1802,"Nantucket County",25019,509,"Chronic obstructive pulmonary disease",1,"Male",27,"Age-standardized",2002,"Rate",45.3192598466909,36.0500731743523,53.8849719605493
1,"Deaths",1802,"Nantucket County",25019,509,"Chronic obstructive pulmonary disease",1,"Male",27,"Age-standardized",2003,"Rate",44.772991267506,35.9003520569151,53.9306822919715
1,"Deaths",1802,"Nantucket County",25019,509,"Chronic obstructive pulmonary disease",1,"Male",27,"Age-standardized",2004,"Rate",40.8502584136742,32.1106113796145,49.4812577875114
1,"Deaths",1802,"Nantucket County",25019,509,"Chronic obstructive pulmonary disease",1,"Male",27,"Age-standardized",2005,"Rate",38.8946048039351,29.9223292443231,47.9475257622965
1,"Deaths",1802,"Nantucket County",25019,509,"Chronic obstructive pulmonary disease",1,"Male",27,"Age-standardized",2006,"Rate",36.1599279275764,27.7187155821886,44.4812069489255
1,"Deaths",1802,"Nantucket County",25019,509,"Chronic obstructive pulmonary disease",1,"Male",27,"Age-standardized",2007,"Rate",35.6218451286136,26.9622742499866,44.2506958240988
1,"Deaths",1802,"Nantucket County",25019,509,"Chronic obstructive pulmonary disease",1,"Male",27,"Age-standardized",2008,"Rate",35.9017682404321,26.4043780249285,44.8983843427227
1,"Deaths",1802,"Nantucket County",25019,509,"Chronic obstructive pulmonary disease",1,"Male",27,"Age-standardized",2009,"Rate",35.2849043422025,25.9741327430465,44.1520473361593
1,"Deaths",1802,"Nantucket County",25019,509,"Chronic obstructive pulmonary disease",1,"Male",27,"Age-standardized",2010,"Rate",34.4709884666018,24.6442026786377,43.5390803684843
1,"Deaths",1802,"Nantucket County",25019,509,"Chronic obstructive pulmonary disease",1,"Male",27,"Age-standardized",2011,"Rate",32.6743917976168,23.2406497021825,41.8273153100231
1,"Deaths",1802,"Nantucket County",25019,509,"Chronic obstructive pulmonary disease",1,"Male",27,"Age-standardized",2012,"Rate",31.9948743502977,22.0100024244958,41.5579659277333
1,"Deaths",1802,"Nantucket County",25019,509,"Chronic obstructive pulmonary disease",1,"Male",27,"Age-standardized",2013,"Rate",31.5794949959237,21.7607226893992,40.9455614113833
1,"Deaths",1802,"Nantucket County",25019,509,"Chronic obstructive pulmonary disease",1,"Male",27,"Age-standardized",2014,"Rate",30.7807681562789,20.7544160466616,40.2962073694738
1,"Deaths",1802,"Nantucket County",25019,509,"Chronic obstructive pulmonary disease",2,"Female",27,"Age-standardized",1980,"Rate",24.961028703683,18.6509031003865,31.4649649598954
1,"Deaths",1802,"Nantucket County",25019,509,"Chronic obstructive pulmonary disease",2,"Female",27,"Age-standardized",1981,"Rate",24.6754689017255,18.6005640526095,30.9865011185267
1,"Deaths",1802,"Nantucket County",25019,509,"Chronic obstructive pulmonary disease",2,"Female",27,"Age-standardized",1982,"Rate",24.3384270562139,18.2645343705484,30.5101341286014
1,"Deaths",1802,"Nantucket County",25019,509,"Chronic obstructive pulmonary disease",2,"Female",27,"Age-standardized",1983,"Rate",25.2640246381759,19.2337790462969,31.2561738338235
1,"Deaths",1802,"Nantucket County",25019,509,"Chronic obstructive pulmonary disease",2,"Female",27,"Age-standardized",1984,"Rate",25.5981472542541,19.7727000173629,31.4422910536713
1,"Deaths",1802,"Nantucket County",25019,509,"Chronic obstructive pulmonary disease",2,"Female",27,"Age-standardized",1985,"Rate",26.2383843711647,20.2865891435598,31.6895023775055
1,"Deaths",1802,"Nantucket County",25019,509,"Chronic obstructive pulmonary disease",2,"Female",27,"Age-standardized",1986,"Rate",26.6777560266623,20.7105709152725,32.3878054825209
1,"Deaths",1802,"Nantucket County",25019,509,"Chronic obstructive pulmonary disease",2,"Female",27,"Age-standardized",1987,"Rate",27.1937753168102,21.333298882319,32.5486048180388
1,"Deaths",1802,"Nantucket County",25019,509,"Chronic obstructive pulmonary disease",2,"Female",27,"Age-standardized",1988,"Rate",27.8734243224249,22.0093550540047,33.6021556184463
1,"Deaths",1802,"Nantucket County",25019,509,"Chronic obstructive pulmonary disease",2,"Female",27,"Age-standardized",1989,"Rate",27.8631241926292,22.1683078296208,33.2244074216189
1,"Deaths",1802,"Nantucket County",25019,509,"Chronic obstructive pulmonary disease",2,"Female",27,"Age-standardized",1990,"Rate",27.7430586652753,22.1982004700415,33.0301389483741
1,"Deaths",1802,"Nantucket County",25019,509,"Chronic obstructive pulmonary disease",2,"Female",27,"Age-standardized",1991,"Rate",28.5151878931417,22.9705251807143,33.6461681939383
1,"Deaths",1802,"Nantucket County",25019,509,"Chronic obstructive pulmonary disease",2,"Female",27,"Age-standardized",1992,"Rate",29.221377073931,23.6067022633055,34.4925284228247
1,"Deaths",1802,"Nantucket County",25019,509,"Chronic obstructive pulmonary disease",2,"Female",27,"Age-standardized",1993,"Rate",30.6343932397424,25.0557820546057,35.8014127484981
1,"Deaths",1802,"Nantucket County",25019,509,"Chronic obstructive pulmonary disease",2,"Female",27,"Age-standardized",1994,"Rate",31.5834834851415,25.8196096028216,37.1276892442045
1,"Deaths",1802,"Nantucket County",25019,509,"Chronic obstructive pulmonary disease",2,"Female",27,"Age-standardized",1995,"Rate",32.3406617895463,26.4673084886877,37.8175531624334
1,"Deaths",1802,"Nantucket County",25019,509,"Chronic obstructive pulmonary disease",2,"Female",27,"Age-standardized",1996,"Rate",32.7995981107816,27.1042230993311,38.4101111754381
1,"Deaths",1802,"Nantucket County",25019,509,"Chronic obstructive pulmonary disease",2,"Female",27,"Age-standardized",1997,"Rate",33.2333587210877,26.8715431186949,38.9573995301922
1,"Deaths",1802,"Nantucket County",25019,509,"Chronic obstructive pulmonary disease",2,"Female",27,"Age-standardized",1998,"Rate",33.8322488837763,27.5331019972764,39.593906884942
1,"Deaths",1802,"Nantucket County",25019,509,"Chronic obstructive pulmonary disease",2,"Female",27,"Age-standardized",1999,"Rate",35.1882736751523,28.4207191714917,41.3679235838728
1,"Deaths",1802,"Nantucket County",25019,509,"Chronic obstructive pulmonary disease",2,"Female",27,"Age-standardized",2000,"Rate",35.9081927064668,28.9763603477164,42.223226470537
1,"Deaths",1802,"Nantucket County",25019,509,"Chronic obstructive pulmonary disease",2,"Female",27,"Age-standardized",2001,"Rate",35.1806899879057,28.1197073145559,41.4820058814555
1,"Deaths",1802,"Nantucket County",25019,509,"Chronic obstructive pulmonary disease",2,"Female",27,"Age-standardized",2002,"Rate",35.1659117326667,27.8792591778727,41.4334600811447
1,"Deaths",1802,"Nantucket County",25019,509,"Chronic obstructive pulmonary disease",2,"Female",27,"Age-standardized",2003,"Rate",35.6265128842649,28.0599545941594,41.926679236133
1,"Deaths",1802,"Nantucket County",25019,509,"Chronic obstructive pulmonary disease",2,"Female",27,"Age-standardized",2004,"Rate",34.1838212809256,26.8394473088344,40.9056535130854
1,"Deaths",1802,"Nantucket County",25019,509,"Chronic obstructive pulmonary disease",2,"Female",27,"Age-standardized",2005,"Rate",33.0904840222659,25.7897140639609,39.8311166533626
1,"Deaths",1802,"Nantucket County",25019,509,"Chronic obstructive pulmonary disease",2,"Female",27,"Age-standardized",2006,"Rate",32.12897790647,25.0830604886685,38.7689438896038
1,"Deaths",1802,"Nantucket County",25019,509,"Chronic obstructive pulmonary disease",2,"Female",27,"Age-standardized",2007,"Rate",30.7270701259274,23.8585173912649,37.3213190518831
1,"Deaths",1802,"Nantucket County",25019,509,"Chronic obstructive pulmonary disease",2,"Female",27,"Age-standardized",2008,"Rate",30.2791544323166,23.0472242616758,37.3096193225599
1,"Deaths",1802,"Nantucket County",25019,509,"Chronic obstructive pulmonary disease",2,"Female",27,"Age-standardized",2009,"Rate",30.2454850491983,22.9862155869024,37.1298094516426
1,"Deaths",1802,"Nantucket County",25019,509,"Chronic obstructive pulmonary disease",2,"Female",27,"Age-standardized",2010,"Rate",30.5184561852321,22.9529463056158,38.2892378153392
1,"Deaths",1802,"Nantucket County",25019,509,"Chronic obstructive pulmonary disease",2,"Female",27,"Age-standardized",2011,"Rate",30.427276056781,22.541988031302,38.706814387903
1,"Deaths",1802,"Nantucket County",25019,509,"Chronic obstructive pulmonary disease",2,"Female",27,"Age-standardized",2012,"Rate",30.1235251694502,22.1518203964864,38.3691926795982
1,"Deaths",1802,"Nantucket County",25019,509,"Chronic obstructive pulmonary disease",2,"Female",27,"Age-standardized",2013,"Rate",29.5259248108963,21.2023908964755,37.8942125436634
1,"Deaths",1802,"Nantucket County",25019,509,"Chronic obstructive pulmonary disease",2,"Female",27,"Age-standardized",2014,"Rate",29.2145559599751,20.8193426747678,38.253328885533
1,"Deaths",1802,"Nantucket County",25019,509,"Chronic obstructive pulmonary disease",3,"Both",27,"Age-standardized",1980,"Rate",39.9274859825777,32.1897351874006,47.908043663351
1,"Deaths",1802,"Nantucket County",25019,509,"Chronic obstructive pulmonary disease",3,"Both",27,"Age-standardized",1981,"Rate",39.3524286572526,31.8821093473228,47.2908366822368
1,"Deaths",1802,"Nantucket County",25019,509,"Chronic obstructive pulmonary disease",3,"Both",27,"Age-standardized",1982,"Rate",38.6727019845599,31.4919161544978,46.3472996042416
1,"Deaths",1802,"Nantucket County",25019,509,"Chronic obstructive pulmonary disease",3,"Both",27,"Age-standardized",1983,"Rate",39.3511955665628,32.3161681967541,46.8663481610141
1,"Deaths",1802,"Nantucket County",25019,509,"Chronic obstructive pulmonary disease",3,"Both",27,"Age-standardized",1984,"Rate",39.3531012176306,32.5660579884456,46.5460731265557
1,"Deaths",1802,"Nantucket County",25019,509,"Chronic obstructive pulmonary disease",3,"Both",27,"Age-standardized",1985,"Rate",39.7602813073926,32.8449296170604,46.7054124247245
1,"Deaths",1802,"Nantucket County",25019,509,"Chronic obstructive pulmonary disease",3,"Both",27,"Age-standardized",1986,"Rate",39.5583006477218,32.8091461651915,46.3338476798418
1,"Deaths",1802,"Nantucket County",25019,509,"Chronic obstructive pulmonary disease",3,"Both",27,"Age-standardized",1987,"Rate",39.68548433573,32.7691151192899,46.4942203398718
1,"Deaths",1802,"Nantucket County",25019,509,"Chronic obstructive pulmonary disease",3,"Both",27,"Age-standardized",1988,"Rate",40.0958026588441,33.5296179122414,46.6638484396451
1,"Deaths",1802,"Nantucket County",25019,509,"Chronic obstructive pulmonary disease",3,"Both",27,"Age-standardized",1989,"Rate",39.1237806553783,32.5219800402519,45.6942450894163
1,"Deaths",1802,"Nantucket County",25019,509,"Chronic obstructive pulmonary disease",3,"Both",27,"Age-standardized",1990,"Rate",38.1859502739916,32.4192271709971,43.9736166050225
1,"Deaths",1802,"Nantucket County",25019,509,"Chronic obstructive pulmonary disease",3,"Both",27,"Age-standardized",1991,"Rate",38.2348969781069,32.2256440959487,44.2177138808666
1,"Deaths",1802,"Nantucket County",25019,509,"Chronic obstructive pulmonary disease",3,"Both",27,"Age-standardized",1992,"Rate",38.2431359551536,32.2044898218089,44.3130921152431
1,"Deaths",1802,"Nantucket County",25019,509,"Chronic obstructive pulmonary disease",3,"Both",27,"Age-standardized",1993,"Rate",39.0173387324954,33.2196707959407,44.6311638529357
1,"Deaths",1802,"Nantucket County",25019,509,"Chronic obstructive pulmonary disease",3,"Both",27,"Age-standardized",1994,"Rate",39.3967282332177,33.4991687910482,45.6849121849987
1,"Deaths",1802,"Nantucket County",25019,509,"Chronic obstructive pulmonary disease",3,"Both",27,"Age-standardized",1995,"Rate",39.3586831106858,33.3387590940074,45.3099743958756
1,"Deaths",1802,"Nantucket County",25019,509,"Chronic obstructive pulmonary disease",3,"Both",27,"Age-standardized",1996,"Rate",39.105683999309,33.0245754040796,44.9909259643479
1,"Deaths",1802,"Nantucket County",25019,509,"Chronic obstructive pulmonary disease",3,"Both",27,"Age-standardized",1997,"Rate",39.1230256685585,32.7670576322338,44.797101013555
1,"Deaths",1802,"Nantucket County",25019,509,"Chronic obstructive pulmonary disease",3,"Both",27,"Age-standardized",1998,"Rate",38.8420404249642,32.6318103894064,44.8451599856427
1,"Deaths",1802,"Nantucket County",25019,509,"Chronic obstructive pulmonary disease",3,"Both",27,"Age-standardized",1999,"Rate",39.7877847592887,33.8362518413835,45.9565518231001
1,"Deaths",1802,"Nantucket County",25019,509,"Chronic obstructive pulmonary disease",3,"Both",27,"Age-standardized",2000,"Rate",39.9734562216708,33.6100468452085,45.9807366509996
1,"Deaths",1802,"Nantucket County",25019,509,"Chronic obstructive pulmonary disease",3,"Both",27,"Age-standardized",2001,"Rate",39.1837400967035,32.7032066619107,45.7022348711969
1,"Deaths",1802,"Nantucket County",25019,509,"Chronic obstructive pulmonary disease",3,"Both",27,"Age-standardized",2002,"Rate",38.9362586102152,32.2777674552957,44.7424308647738
1,"Deaths",1802,"Nantucket County",25019,509,"Chronic obstructive pulmonary disease",3,"Both",27,"Age-standardized",2003,"Rate",39.173687233825,32.5310458656581,45.2454684709535
1,"Deaths",1802,"Nantucket County",25019,509,"Chronic obstructive pulmonary disease",3,"Both",27,"Age-standardized",2004,"Rate",36.6862103357972,30.0486079953547,42.6947586496131
1,"Deaths",1802,"Nantucket County",25019,509,"Chronic obstructive pulmonary disease",3,"Both",27,"Age-standardized",2005,"Rate",35.340588347634,28.8014182057848,41.7983105280052
1,"Deaths",1802,"Nantucket County",25019,509,"Chronic obstructive pulmonary disease",3,"Both",27,"Age-standardized",2006,"Rate",33.7645457598663,27.373756937545,39.6373374262196
1,"Deaths",1802,"Nantucket County",25019,509,"Chronic obstructive pulmonary disease",3,"Both",27,"Age-standardized",2007,"Rate",32.6553626276306,26.5581013870609,38.451294608803
1,"Deaths",1802,"Nantucket County",25019,509,"Chronic obstructive pulmonary disease",3,"Both",27,"Age-standardized",2008,"Rate",32.5000979051714,26.1220158104635,38.5555395404822
1,"Deaths",1802,"Nantucket County",25019,509,"Chronic obstructive pulmonary disease",3,"Both",27,"Age-standardized",2009,"Rate",32.143907286565,25.5323971976535,38.3683567695795
1,"Deaths",1802,"Nantucket County",25019,509,"Chronic obstructive pulmonary disease",3,"Both",27,"Age-standardized",2010,"Rate",32.1013642226825,25.5497959125175,38.2892923303081
1,"Deaths",1802,"Nantucket County",25019,509,"Chronic obstructive pulmonary disease",3,"Both",27,"Age-standardized",2011,"Rate",31.3774143348431,24.6632981090987,38.02693786291
1,"Deaths",1802,"Nantucket County",25019,509,"Chronic obstructive pulmonary disease",3,"Both",27,"Age-standardized",2012,"Rate",30.9262884847908,24.0773506171914,37.6619961941012
1,"Deaths",1802,"Nantucket County",25019,509,"Chronic obstructive pulmonary disease",3,"Both",27,"Age-standardized",2013,"Rate",30.3768856794409,23.612968888969,36.8286715616286
1,"Deaths",1802,"Nantucket County",25019,509,"Chronic obstructive pulmonary disease",3,"Both",27,"Age-standardized",2014,"Rate",29.9126153808355,22.8299307672561,36.9016708365853
1,"Deaths",1798,"Norfolk County",25021,509,"Chronic obstructive pulmonary disease",1,"Male",27,"Age-standardized",1980,"Rate",46.7881360182341,43.4557972444521,50.0851559368553
1,"Deaths",1798,"Norfolk County",25021,509,"Chronic obstructive pulmonary disease",1,"Male",27,"Age-standardized",1981,"Rate",46.0917158866824,42.8273533914696,49.210444573489
1,"Deaths",1798,"Norfolk County",25021,509,"Chronic obstructive pulmonary disease",1,"Male",27,"Age-standardized",1982,"Rate",46.4492005412312,43.1630121735599,49.6911444500518
1,"Deaths",1798,"Norfolk County",25021,509,"Chronic obstructive pulmonary disease",1,"Male",27,"Age-standardized",1983,"Rate",46.2834547363589,43.0526441667251,49.1011862058141
1,"Deaths",1798,"Norfolk County",25021,509,"Chronic obstructive pulmonary disease",1,"Male",27,"Age-standardized",1984,"Rate",47.5223166461021,44.0658022768313,50.5371295876983
1,"Deaths",1798,"Norfolk County",25021,509,"Chronic obstructive pulmonary disease",1,"Male",27,"Age-standardized",1985,"Rate",47.4224045310625,43.9244427775316,50.2751407802308
1,"Deaths",1798,"Norfolk County",25021,509,"Chronic obstructive pulmonary disease",1,"Male",27,"Age-standardized",1986,"Rate",50.1432362341101,46.7425612181865,53.0584345847017
1,"Deaths",1798,"Norfolk County",25021,509,"Chronic obstructive pulmonary disease",1,"Male",27,"Age-standardized",1987,"Rate",48.429172693544,45.2584920193194,51.4883365309507
1,"Deaths",1798,"Norfolk County",25021,509,"Chronic obstructive pulmonary disease",1,"Male",27,"Age-standardized",1988,"Rate",48.8793191999708,45.6518419893491,51.9584239700958
1,"Deaths",1798,"Norfolk County",25021,509,"Chronic obstructive pulmonary disease",1,"Male",27,"Age-standardized",1989,"Rate",47.7186061013452,44.8404870182636,50.548136580744
1,"Deaths",1798,"Norfolk County",25021,509,"Chronic obstructive pulmonary disease",1,"Male",27,"Age-standardized",1990,"Rate",45.5580212472105,42.7921501480894,47.991745878492
1,"Deaths",1798,"Norfolk County",25021,509,"Chronic obstructive pulmonary disease",1,"Male",27,"Age-standardized",1991,"Rate",47.5874102452032,44.724981972368,50.4021764453419
1,"Deaths",1798,"Norfolk County",25021,509,"Chronic obstructive pulmonary disease",1,"Male",27,"Age-standardized",1992,"Rate",46.7028900833229,43.8852380311864,49.3692753508065
1,"Deaths",1798,"Norfolk County",25021,509,"Chronic obstructive pulmonary disease",1,"Male",27,"Age-standardized",1993,"Rate",44.6333925064248,41.8201955058247,47.4541997952385
1,"Deaths",1798,"Norfolk County",25021,509,"Chronic obstructive pulmonary disease",1,"Male",27,"Age-standardized",1994,"Rate",46.6799470461547,44.003977958525,49.1862570753201
1,"Deaths",1798,"Norfolk County",25021,509,"Chronic obstructive pulmonary disease",1,"Male",27,"Age-standardized",1995,"Rate",46.1697002612065,43.2081742221648,48.9958474387026
1,"Deaths",1798,"Norfolk County",25021,509,"Chronic obstructive pulmonary disease",1,"Male",27,"Age-standardized",1996,"Rate",47.0917717705131,44.2761026020114,49.9351578322883
1,"Deaths",1798,"Norfolk County",25021,509,"Chronic obstructive pulmonary disease",1,"Male",27,"Age-standardized",1997,"Rate",44.0571889771774,41.3846953129567,46.4190908789169
1,"Deaths",1798,"Norfolk County",25021,509,"Chronic obstructive pulmonary disease",1,"Male",27,"Age-standardized",1998,"Rate",43.6042032986562,40.8558856859133,46.3646970025583
1,"Deaths",1798,"Norfolk County",25021,509,"Chronic obstructive pulmonary disease",1,"Male",27,"Age-standardized",1999,"Rate",45.0936223627481,42.5804231309719,47.7622498259481
1,"Deaths",1798,"Norfolk County",25021,509,"Chronic obstructive pulmonary disease",1,"Male",27,"Age-standardized",2000,"Rate",46.7535304559638,44.0403625303722,49.6059622960094
1,"Deaths",1798,"Norfolk County",25021,509,"Chronic obstructive pulmonary disease",1,"Male",27,"Age-standardized",2001,"Rate",44.3942053649376,41.7879596734984,47.1919565493541
1,"Deaths",1798,"Norfolk County",25021,509,"Chronic obstructive pulmonary disease",1,"Male",27,"Age-standardized",2002,"Rate",44.8067239623693,42.1397424632026,47.8118829509873
1,"Deaths",1798,"Norfolk County",25021,509,"Chronic obstructive pulmonary disease",1,"Male",27,"Age-standardized",2003,"Rate",46.1562447451841,43.2604826045866,49.5039233164202
1,"Deaths",1798,"Norfolk County",25021,509,"Chronic obstructive pulmonary disease",1,"Male",27,"Age-standardized",2004,"Rate",41.2682009173832,38.6330806780819,44.0985103913878
1,"Deaths",1798,"Norfolk County",25021,509,"Chronic obstructive pulmonary disease",1,"Male",27,"Age-standardized",2005,"Rate",41.2202325933513,38.2888775207742,44.2950933046707
1,"Deaths",1798,"Norfolk County",25021,509,"Chronic obstructive pulmonary disease",1,"Male",27,"Age-standardized",2006,"Rate",42.5059225513632,39.7825229859484,45.6403143558772
1,"Deaths",1798,"Norfolk County",25021,509,"Chronic obstructive pulmonary disease",1,"Male",27,"Age-standardized",2007,"Rate",38.7050684109977,35.9476710448808,42.029666975137
1,"Deaths",1798,"Norfolk County",25021,509,"Chronic obstructive pulmonary disease",1,"Male",27,"Age-standardized",2008,"Rate",38.2699091999715,35.6798180158653,41.174479260573
1,"Deaths",1798,"Norfolk County",25021,509,"Chronic obstructive pulmonary disease",1,"Male",27,"Age-standardized",2009,"Rate",37.1140841459386,34.3277243491674,40.4229323387142
1,"Deaths",1798,"Norfolk County",25021,509,"Chronic obstructive pulmonary disease",1,"Male",27,"Age-standardized",2010,"Rate",35.9928085963672,33.3976907577054,39.2850616698256
1,"Deaths",1798,"Norfolk County",25021,509,"Chronic obstructive pulmonary disease",1,"Male",27,"Age-standardized",2011,"Rate",37.3228035513989,34.4653092829526,40.670347391954
1,"Deaths",1798,"Norfolk County",25021,509,"Chronic obstructive pulmonary disease",1,"Male",27,"Age-standardized",2012,"Rate",36.3108253569094,33.4939625366048,39.5701506811578
1,"Deaths",1798,"Norfolk County",25021,509,"Chronic obstructive pulmonary disease",1,"Male",27,"Age-standardized",2013,"Rate",35.704797290054,33.0212970707534,38.9162576051155
1,"Deaths",1798,"Norfolk County",25021,509,"Chronic obstructive pulmonary disease",1,"Male",27,"Age-standardized",2014,"Rate",35.5989680750344,32.8544140190186,39.1172432878783
1,"Deaths",1798,"Norfolk County",25021,509,"Chronic obstructive pulmonary disease",2,"Female",27,"Age-standardized",1980,"Rate",18.57270745071,16.7698521780256,20.1518961454493
1,"Deaths",1798,"Norfolk County",25021,509,"Chronic obstructive pulmonary disease",2,"Female",27,"Age-standardized",1981,"Rate",17.9863820270904,16.4493851217272,19.4493380069375
1,"Deaths",1798,"Norfolk County",25021,509,"Chronic obstructive pulmonary disease",2,"Female",27,"Age-standardized",1982,"Rate",18.4427162602975,16.8036955526391,19.9845102318473
1,"Deaths",1798,"Norfolk County",25021,509,"Chronic obstructive pulmonary disease",2,"Female",27,"Age-standardized",1983,"Rate",19.8439503708839,18.2295833414282,21.4885241883347
1,"Deaths",1798,"Norfolk County",25021,509,"Chronic obstructive pulmonary disease",2,"Female",27,"Age-standardized",1984,"Rate",19.5700072934867,18.0537751036302,21.0933732543722
1,"Deaths",1798,"Norfolk County",25021,509,"Chronic obstructive pulmonary disease",2,"Female",27,"Age-standardized",1985,"Rate",21.5160719016623,19.8771367433263,23.1020517614427
1,"Deaths",1798,"Norfolk County",25021,509,"Chronic obstructive pulmonary disease",2,"Female",27,"Age-standardized",1986,"Rate",21.8103673088723,20.3094682770093,23.3056871389568
1,"Deaths",1798,"Norfolk County",25021,509,"Chronic obstructive pulmonary disease",2,"Female",27,"Age-standardized",1987,"Rate",22.0422131732906,20.4593004874598,23.5621135477278
1,"Deaths",1798,"Norfolk County",25021,509,"Chronic obstructive pulmonary disease",2,"Female",27,"Age-standardized",1988,"Rate",22.2790949619965,20.7185250921628,23.7187374308643
1,"Deaths",1798,"Norfolk County",25021,509,"Chronic obstructive pulmonary disease",2,"Female",27,"Age-standardized",1989,"Rate",23.379277011715,21.8282737798207,25.0468470947838
1,"Deaths",1798,"Norfolk County",25021,509,"Chronic obstructive pulmonary disease",2,"Female",27,"Age-standardized",1990,"Rate",24.4052727907164,22.8654118679337,25.930255031663
1,"Deaths",1798,"Norfolk County",25021,509,"Chronic obstructive pulmonary disease",2,"Female",27,"Age-standardized",1991,"Rate",24.2965017823944,22.6823803296457,25.8258227120861
1,"Deaths",1798,"Norfolk County",25021,509,"Chronic obstructive pulmonary disease",2,"Female",27,"Age-standardized",1992,"Rate",25.9167980058779,24.3532504099895,27.4892242543937
1,"Deaths",1798,"Norfolk County",25021,509,"Chronic obstructive pulmonary disease",2,"Female",27,"Age-standardized",1993,"Rate",26.0323158394667,24.4295534203958,27.6785075817662
1,"Deaths",1798,"Norfolk County",25021,509,"Chronic obstructive pulmonary disease",2,"Female",27,"Age-standardized",1994,"Rate",28.6882207191642,26.8344448546415,30.413892266833
1,"Deaths",1798,"Norfolk County",25021,509,"Chronic obstructive pulmonary disease",2,"Female",27,"Age-standardized",1995,"Rate",29.4477602496481,27.5892697834642,31.3457628194862
1,"Deaths",1798,"Norfolk County",25021,509,"Chronic obstructive pulmonary disease",2,"Female",27,"Age-standardized",1996,"Rate",29.7844036639899,28.1310206239803,31.548008898453
1,"Deaths",1798,"Norfolk County",25021,509,"Chronic obstructive pulmonary disease",2,"Female",27,"Age-standardized",1997,"Rate",31.4037573144964,29.5999924886015,33.2873994360541
1,"Deaths",1798,"Norfolk County",25021,509,"Chronic obstructive pulmonary disease",2,"Female",27,"Age-standardized",1998,"Rate",33.0149617615711,31.1112922206942,34.9735474784376
1,"Deaths",1798,"Norfolk County",25021,509,"Chronic obstructive pulmonary disease",2,"Female",27,"Age-standardized",1999,"Rate",33.5837016273605,31.5322970719574,35.554437518786
1,"Deaths",1798,"Norfolk County",25021,509,"Chronic obstructive pulmonary disease",2,"Female",27,"Age-standardized",2000,"Rate",35.7944291114001,33.5681448453426,38.0146643845967
1,"Deaths",1798,"Norfolk County",25021,509,"Chronic obstructive pulmonary disease",2,"Female",27,"Age-standardized",2001,"Rate",35.1427401108134,33.2073020186084,37.2661818664809
1,"Deaths",1798,"Norfolk County",25021,509,"Chronic obstructive pulmonary disease",2,"Female",27,"Age-standardized",2002,"Rate",36.4361350360781,34.3511655995703,38.6870252324613
1,"Deaths",1798,"Norfolk County",25021,509,"Chronic obstructive pulmonary disease",2,"Female",27,"Age-standardized",2003,"Rate",35.5224250082434,33.3675710998693,37.8652316521166
1,"Deaths",1798,"Norfolk County",25021,509,"Chronic obstructive pulmonary disease",2,"Female",27,"Age-standardized",2004,"Rate",33.221964594777,31.1934594617374,35.4598326350528
1,"Deaths",1798,"Norfolk County",25021,509,"Chronic obstructive pulmonary disease",2,"Female",27,"Age-standardized",2005,"Rate",31.7154437851061,29.7049577061592,33.7856424153894
1,"Deaths",1798,"Norfolk County",25021,509,"Chronic obstructive pulmonary disease",2,"Female",27,"Age-standardized",2006,"Rate",33.2820840648069,31.3135850118287,35.7529271880486
1,"Deaths",1798,"Norfolk County",25021,509,"Chronic obstructive pulmonary disease",2,"Female",27,"Age-standardized",2007,"Rate",31.6157809310458,29.4549612506991,33.8634373073154
1,"Deaths",1798,"Norfolk County",25021,509,"Chronic obstructive pulmonary disease",2,"Female",27,"Age-standardized",2008,"Rate",31.1598129134426,29.0895090592911,33.3306454550535
1,"Deaths",1798,"Norfolk County",25021,509,"Chronic obstructive pulmonary disease",2,"Female",27,"Age-standardized",2009,"Rate",32.1481665261791,30.1169399021671,34.4063575164773
1,"Deaths",1798,"Norfolk County",25021,509,"Chronic obstructive pulmonary disease",2,"Female",27,"Age-standardized",2010,"Rate",30.6568969049849,28.7406500581942,32.8159770041423
1,"Deaths",1798,"Norfolk County",25021,509,"Chronic obstructive pulmonary disease",2,"Female",27,"Age-standardized",2011,"Rate",30.1784613334938,27.9989928740083,32.5687057305675
1,"Deaths",1798,"Norfolk County",25021,509,"Chronic obstructive pulmonary disease",2,"Female",27,"Age-standardized",2012,"Rate",29.8815938904547,27.7799942512657,32.3398330156881
1,"Deaths",1798,"Norfolk County",25021,509,"Chronic obstructive pulmonary disease",2,"Female",27,"Age-standardized",2013,"Rate",30.0582366292573,27.8368674658102,32.4127672584833
1,"Deaths",1798,"Norfolk County",25021,509,"Chronic obstructive pulmonary disease",2,"Female",27,"Age-standardized",2014,"Rate",29.9907382157378,27.8130278202817,32.437137576235
1,"Deaths",1798,"Norfolk County",25021,509,"Chronic obstructive pulmonary disease",3,"Both",27,"Age-standardized",1980,"Rate",27.8947925009967,26.0639425681459,29.5289306287064
1,"Deaths",1798,"Norfolk County",25021,509,"Chronic obstructive pulmonary disease",3,"Both",27,"Age-standardized",1981,"Rate",27.2023653685135,25.4162892661183,28.7222693692603
1,"Deaths",1798,"Norfolk County",25021,509,"Chronic obstructive pulmonary disease",3,"Both",27,"Age-standardized",1982,"Rate",27.5613125430596,25.8678302931983,29.0927757420824
1,"Deaths",1798,"Norfolk County",25021,509,"Chronic obstructive pulmonary disease",3,"Both",27,"Age-standardized",1983,"Rate",28.3787225871349,26.7979928242429,29.9514608779965
1,"Deaths",1798,"Norfolk County",25021,509,"Chronic obstructive pulmonary disease",3,"Both",27,"Age-standardized",1984,"Rate",28.5839409757841,26.959165864876,30.0009692123889
1,"Deaths",1798,"Norfolk County",25021,509,"Chronic obstructive pulmonary disease",3,"Both",27,"Age-standardized",1985,"Rate",29.7663139055184,28.0675832884508,31.2160274217736
1,"Deaths",1798,"Norfolk County",25021,509,"Chronic obstructive pulmonary disease",3,"Both",27,"Age-standardized",1986,"Rate",30.8902887579564,29.3021311194203,32.3539934544506
1,"Deaths",1798,"Norfolk County",25021,509,"Chronic obstructive pulmonary disease",3,"Both",27,"Age-standardized",1987,"Rate",30.4512180255547,28.9022807042791,31.9128709292086
1,"Deaths",1798,"Norfolk County",25021,509,"Chronic obstructive pulmonary disease",3,"Both",27,"Age-standardized",1988,"Rate",30.7892621656415,29.2099690821632,32.1742365264606
1,"Deaths",1798,"Norfolk County",25021,509,"Chronic obstructive pulmonary disease",3,"Both",27,"Age-standardized",1989,"Rate",31.105588481759,29.6450931399307,32.5786219557524
1,"Deaths",1798,"Norfolk County",25021,509,"Chronic obstructive pulmonary disease",3,"Both",27,"Age-standardized",1990,"Rate",31.0540998282639,29.5419202427758,32.5006060616477
1,"Deaths",1798,"Norfolk County",25021,509,"Chronic obstructive pulmonary disease",3,"Both",27,"Age-standardized",1991,"Rate",31.7258796805474,30.2282397466293,33.1261348208321
1,"Deaths",1798,"Norfolk County",25021,509,"Chronic obstructive pulmonary disease",3,"Both",27,"Age-standardized",1992,"Rate",32.5152965376673,30.997957444874,34.0159359354778
1,"Deaths",1798,"Norfolk County",25021,509,"Chronic obstructive pulmonary disease",3,"Both",27,"Age-standardized",1993,"Rate",31.98640971993,30.5862562580286,33.4124678527577
1,"Deaths",1798,"Norfolk County",25021,509,"Chronic obstructive pulmonary disease",3,"Both",27,"Age-standardized",1994,"Rate",34.4028063455414,32.8560516300833,36.0145562882389
1,"Deaths",1798,"Norfolk County",25021,509,"Chronic obstructive pulmonary disease",3,"Both",27,"Age-standardized",1995,"Rate",34.7896246273708,33.1232034910437,36.3668912396375
1,"Deaths",1798,"Norfolk County",25021,509,"Chronic obstructive pulmonary disease",3,"Both",27,"Age-standardized",1996,"Rate",35.389694802583,33.8674178230917,36.9676557014164
1,"Deaths",1798,"Norfolk County",25021,509,"Chronic obstructive pulmonary disease",3,"Both",27,"Age-standardized",1997,"Rate",35.3582852741933,33.8939968603776,36.93227361528
1,"Deaths",1798,"Norfolk County",25021,509,"Chronic obstructive pulmonary disease",3,"Both",27,"Age-standardized",1998,"Rate",36.2815106730095,34.7539525739018,37.8701904912243
1,"Deaths",1798,"Norfolk County",25021,509,"Chronic obstructive pulmonary disease",3,"Both",27,"Age-standardized",1999,"Rate",37.2350459539235,35.6873913105586,38.9227023903028
1,"Deaths",1798,"Norfolk County",25021,509,"Chronic obstructive pulmonary disease",3,"Both",27,"Age-standardized",2000,"Rate",39.2708415188546,37.5386549547768,41.1380838503073
1,"Deaths",1798,"Norfolk County",25021,509,"Chronic obstructive pulmonary disease",3,"Both",27,"Age-standardized",2001,"Rate",38.0575717811154,36.3308541046356,39.902688821903
1,"Deaths",1798,"Norfolk County",25021,509,"Chronic obstructive pulmonary disease",3,"Both",27,"Age-standardized",2002,"Rate",39.0955887628267,37.40831572925,41.122048491472
1,"Deaths",1798,"Norfolk County",25021,509,"Chronic obstructive pulmonary disease",3,"Both",27,"Age-standardized",2003,"Rate",39.1176985959052,37.3853811479203,41.191337180718
1,"Deaths",1798,"Norfolk County",25021,509,"Chronic obstructive pulmonary disease",3,"Both",27,"Age-standardized",2004,"Rate",35.8756998918958,34.0839103470851,37.7466747204301
1,"Deaths",1798,"Norfolk County",25021,509,"Chronic obstructive pulmonary disease",3,"Both",27,"Age-standardized",2005,"Rate",35.0039057173563,33.2395583041021,36.9141578511151
1,"Deaths",1798,"Norfolk County",25021,509,"Chronic obstructive pulmonary disease",3,"Both",27,"Age-standardized",2006,"Rate",36.4821416444843,34.8854014235979,38.5355109059312
1,"Deaths",1798,"Norfolk County",25021,509,"Chronic obstructive pulmonary disease",3,"Both",27,"Age-standardized",2007,"Rate",34.0567527496769,32.2637544416724,36.0751824345064
1,"Deaths",1798,"Norfolk County",25021,509,"Chronic obstructive pulmonary disease",3,"Both",27,"Age-standardized",2008,"Rate",33.6539328136453,31.9363597226913,35.5491383827293
1,"Deaths",1798,"Norfolk County",25021,509,"Chronic obstructive pulmonary disease",3,"Both",27,"Age-standardized",2009,"Rate",33.8207260272317,32.04005089434,35.7970696665419
1,"Deaths",1798,"Norfolk County",25021,509,"Chronic obstructive pulmonary disease",3,"Both",27,"Age-standardized",2010,"Rate",32.5065255270491,30.8781216587113,34.5651537622644
1,"Deaths",1798,"Norfolk County",25021,509,"Chronic obstructive pulmonary disease",3,"Both",27,"Age-standardized",2011,"Rate",32.7429843516259,31.0328537153485,34.9222092963637
1,"Deaths",1798,"Norfolk County",25021,509,"Chronic obstructive pulmonary disease",3,"Both",27,"Age-standardized",2012,"Rate",32.1857680337982,30.4414820816694,34.4179336615274
1,"Deaths",1798,"Norfolk County",25021,509,"Chronic obstructive pulmonary disease",3,"Both",27,"Age-standardized",2013,"Rate",32.0578886677549,30.2682586980387,34.2549990485468
1,"Deaths",1798,"Norfolk County",25021,509,"Chronic obstructive pulmonary disease",3,"Both",27,"Age-standardized",2014,"Rate",31.9845649193905,30.2118448237157,34.0199798040442
1,"Deaths",1797,"Plymouth County",25023,509,"Chronic obstructive pulmonary disease",1,"Male",27,"Age-standardized",1980,"Rate",57.5195570738671,53.2520061091672,61.8639126224739
1,"Deaths",1797,"Plymouth County",25023,509,"Chronic obstructive pulmonary disease",1,"Male",27,"Age-standardized",1981,"Rate",56.6607897397983,52.5994145318454,60.929057117053
1,"Deaths",1797,"Plymouth County",25023,509,"Chronic obstructive pulmonary disease",1,"Male",27,"Age-standardized",1982,"Rate",58.0313094950329,53.6325548785586,61.8803418984561
1,"Deaths",1797,"Plymouth County",25023,509,"Chronic obstructive pulmonary disease",1,"Male",27,"Age-standardized",1983,"Rate",60.2013363320122,56.0161359602828,64.183965436858
1,"Deaths",1797,"Plymouth County",25023,509,"Chronic obstructive pulmonary disease",1,"Male",27,"Age-standardized",1984,"Rate",60.3745151146454,56.0633844784408,64.3841369035966
1,"Deaths",1797,"Plymouth County",25023,509,"Chronic obstructive pulmonary disease",1,"Male",27,"Age-standardized",1985,"Rate",59.8771128357513,55.6107602112676,63.6931604474688
1,"Deaths",1797,"Plymouth County",25023,509,"Chronic obstructive pulmonary disease",1,"Male",27,"Age-standardized",1986,"Rate",62.7328511736935,58.6231587476273,66.5265640849263
1,"Deaths",1797,"Plymouth County",25023,509,"Chronic obstructive pulmonary disease",1,"Male",27,"Age-standardized",1987,"Rate",62.057418821401,58.0176515637337,65.6829389990168
1,"Deaths",1797,"Plymouth County",25023,509,"Chronic obstructive pulmonary disease",1,"Male",27,"Age-standardized",1988,"Rate",59.6392001235586,55.6132839611186,63.0165169275792
1,"Deaths",1797,"Plymouth County",25023,509,"Chronic obstructive pulmonary disease",1,"Male",27,"Age-standardized",1989,"Rate",58.7627518083502,55.2393932866597,62.1878257868201
1,"Deaths",1797,"Plymouth County",25023,509,"Chronic obstructive pulmonary disease",1,"Male",27,"Age-standardized",1990,"Rate",57.8657157979058,54.2922951210785,61.26883537483
1,"Deaths",1797,"Plymouth County",25023,509,"Chronic obstructive pulmonary disease",1,"Male",27,"Age-standardized",1991,"Rate",58.5486749578781,55.0350536465912,62.0188262166618
1,"Deaths",1797,"Plymouth County",25023,509,"Chronic obstructive pulmonary disease",1,"Male",27,"Age-standardized",1992,"Rate",57.4563295016425,54.1895910376802,60.8999572354818
1,"Deaths",1797,"Plymouth County",25023,509,"Chronic obstructive pulmonary disease",1,"Male",27,"Age-standardized",1993,"Rate",59.5016112946003,56.0728858679292,62.7397654082702
1,"Deaths",1797,"Plymouth County",25023,509,"Chronic obstructive pulmonary disease",1,"Male",27,"Age-standardized",1994,"Rate",61.5846797257232,57.9870689350941,65.3468947377238
1,"Deaths",1797,"Plymouth County",25023,509,"Chronic obstructive pulmonary disease",1,"Male",27,"Age-standardized",1995,"Rate",58.9460926261207,55.7576643812504,62.2352631041835
1,"Deaths",1797,"Plymouth County",25023,509,"Chronic obstructive pulmonary disease",1,"Male",27,"Age-standardized",1996,"Rate",61.4336544224752,57.8598334172288,64.9237097680678
1,"Deaths",1797,"Plymouth County",25023,509,"Chronic obstructive pulmonary disease",1,"Male",27,"Age-standardized",1997,"Rate",61.7196044882592,58.2472613310323,65.0854831415476
1,"Deaths",1797,"Plymouth County",25023,509,"Chronic obstructive pulmonary disease",1,"Male",27,"Age-standardized",1998,"Rate",61.1385055044067,57.7655490737267,65.0197683436366
1,"Deaths",1797,"Plymouth County",25023,509,"Chronic obstructive pulmonary disease",1,"Male",27,"Age-standardized",1999,"Rate",60.8369767988559,57.3654064402121,64.237373276113
1,"Deaths",1797,"Plymouth County",25023,509,"Chronic obstructive pulmonary disease",1,"Male",27,"Age-standardized",2000,"Rate",60.2654265624903,57.0074271783459,63.8903370317973
1,"Deaths",1797,"Plymouth County",25023,509,"Chronic obstructive pulmonary disease",1,"Male",27,"Age-standardized",2001,"Rate",62.3653550844986,58.754838560732,66.2261719104374
1,"Deaths",1797,"Plymouth County",25023,509,"Chronic obstructive pulmonary disease",1,"Male",27,"Age-standardized",2002,"Rate",59.0605413128321,55.8009943605538,62.9485881237384
1,"Deaths",1797,"Plymouth County",25023,509,"Chronic obstructive pulmonary disease",1,"Male",27,"Age-standardized",2003,"Rate",58.2661037057776,54.9733349498146,62.0399331642502
1,"Deaths",1797,"Plymouth County",25023,509,"Chronic obstructive pulmonary disease",1,"Male",27,"Age-standardized",2004,"Rate",57.2151341873314,53.7435077223921,61.0419230679741
1,"Deaths",1797,"Plymouth County",25023,509,"Chronic obstructive pulmonary disease",1,"Male",27,"Age-standardized",2005,"Rate",54.9883625749032,51.619851432936,58.5899310160253
1,"Deaths",1797,"Plymouth County",25023,509,"Chronic obstructive pulmonary disease",1,"Male",27,"Age-standardized",2006,"Rate",55.5494498063011,52.2484244685258,59.3333202821581
1,"Deaths",1797,"Plymouth County",25023,509,"Chronic obstructive pulmonary disease",1,"Male",27,"Age-standardized",2007,"Rate",52.0649949486482,48.81358744387,55.8591293019822
1,"Deaths",1797,"Plymouth County",25023,509,"Chronic obstructive pulmonary disease",1,"Male",27,"Age-standardized",2008,"Rate",52.2460100260602,49.0287015909194,56.123997378561
1,"Deaths",1797,"Plymouth County",25023,509,"Chronic obstructive pulmonary disease",1,"Male",27,"Age-standardized",2009,"Rate",48.0536326973235,44.8037272922834,51.9695654637334
1,"Deaths",1797,"Plymouth County",25023,509,"Chronic obstructive pulmonary disease",1,"Male",27,"Age-standardized",2010,"Rate",50.4195605108601,47.0450183012998,54.4576439511442
1,"Deaths",1797,"Plymouth County",25023,509,"Chronic obstructive pulmonary disease",1,"Male",27,"Age-standardized",2011,"Rate",52.3489349375815,48.8180183286943,56.3146955243586
1,"Deaths",1797,"Plymouth County",25023,509,"Chronic obstructive pulmonary disease",1,"Male",27,"Age-standardized",2012,"Rate",44.9835984551596,41.9604832145095,48.6732226062659
1,"Deaths",1797,"Plymouth County",25023,509,"Chronic obstructive pulmonary disease",1,"Male",27,"Age-standardized",2013,"Rate",47.0599954076372,43.7995651924543,50.8487483713863
1,"Deaths",1797,"Plymouth County",25023,509,"Chronic obstructive pulmonary disease",1,"Male",27,"Age-standardized",2014,"Rate",49.4762897516564,45.8475508491239,53.6224704873946
1,"Deaths",1797,"Plymouth County",25023,509,"Chronic obstructive pulmonary disease",2,"Female",27,"Age-standardized",1980,"Rate",20.6813991783699,18.7775570286674,22.4616798308763
1,"Deaths",1797,"Plymouth County",25023,509,"Chronic obstructive pulmonary disease",2,"Female",27,"Age-standardized",1981,"Rate",20.7544419545261,18.9915187597515,22.5162854849981
1,"Deaths",1797,"Plymouth County",25023,509,"Chronic obstructive pulmonary disease",2,"Female",27,"Age-standardized",1982,"Rate",20.5629351577983,18.8106865575942,22.1574227222361
1,"Deaths",1797,"Plymouth County",25023,509,"Chronic obstructive pulmonary disease",2,"Female",27,"Age-standardized",1983,"Rate",21.5526713370306,19.8664832612424,23.3178594948685
1,"Deaths",1797,"Plymouth County",25023,509,"Chronic obstructive pulmonary disease",2,"Female",27,"Age-standardized",1984,"Rate",22.0523326806673,20.3327651421127,23.7031585406916
1,"Deaths",1797,"Plymouth County",25023,509,"Chronic obstructive pulmonary disease",2,"Female",27,"Age-standardized",1985,"Rate",22.9654400949771,21.2370151565071,24.7288307433811
1,"Deaths",1797,"Plymouth County",25023,509,"Chronic obstructive pulmonary disease",2,"Female",27,"Age-standardized",1986,"Rate",25.3624912470866,23.5764241015946,27.3350411092941
1,"Deaths",1797,"Plymouth County",25023,509,"Chronic obstructive pulmonary disease",2,"Female",27,"Age-standardized",1987,"Rate",25.3591626085776,23.5090350992654,27.0872393496645
1,"Deaths",1797,"Plymouth County",25023,509,"Chronic obstructive pulmonary disease",2,"Female",27,"Age-standardized",1988,"Rate",26.1195618348161,24.2888228370536,27.9039717906597
1,"Deaths",1797,"Plymouth County",25023,509,"Chronic obstructive pulmonary disease",2,"Female",27,"Age-standardized",1989,"Rate",26.6107122033831,24.7305752802946,28.3121567263934
1,"Deaths",1797,"Plymouth County",25023,509,"Chronic obstructive pulmonary disease",2,"Female",27,"Age-standardized",1990,"Rate",26.8368919316487,24.9933305520095,28.5815500392883
1,"Deaths",1797,"Plymouth County",25023,509,"Chronic obstructive pulmonary disease",2,"Female",27,"Age-standardized",1991,"Rate",27.5960637144739,25.829828210787,29.5111912934821
1,"Deaths",1797,"Plymouth County",25023,509,"Chronic obstructive pulmonary disease",2,"Female",27,"Age-standardized",1992,"Rate",29.8716084804888,28.0929857208536,31.8757122421367
1,"Deaths",1797,"Plymouth County",25023,509,"Chronic obstructive pulmonary disease",2,"Female",27,"Age-standardized",1993,"Rate",31.9553523082594,29.9634491750325,34.1768274191388
1,"Deaths",1797,"Plymouth County",25023,509,"Chronic obstructive pulmonary disease",2,"Female",27,"Age-standardized",1994,"Rate",34.084699030488,31.9563017242578,36.1980394787887
1,"Deaths",1797,"Plymouth County",25023,509,"Chronic obstructive pulmonary disease",2,"Female",27,"Age-standardized",1995,"Rate",34.2625897222468,32.2725507540134,36.3324103493647
1,"Deaths",1797,"Plymouth County",25023,509,"Chronic obstructive pulmonary disease",2,"Female",27,"Age-standardized",1996,"Rate",37.0194500147947,34.871906094738,39.3037957233457
1,"Deaths",1797,"Plymouth County",25023,509,"Chronic obstructive pulmonary disease",2,"Female",27,"Age-standardized",1997,"Rate",37.4963596498299,35.3359038337184,39.8139470989729
1,"Deaths",1797,"Plymouth County",25023,509,"Chronic obstructive pulmonary disease",2,"Female",27,"Age-standardized",1998,"Rate",36.9315349313893,34.6293576799647,39.2814211961055
1,"Deaths",1797,"Plymouth County",25023,509,"Chronic obstructive pulmonary disease",2,"Female",27,"Age-standardized",1999,"Rate",39.2074739426043,36.8813976809818,41.5475677927515
1,"Deaths",1797,"Plymouth County",25023,509,"Chronic obstructive pulmonary disease",2,"Female",27,"Age-standardized",2000,"Rate",40.442337097298,38.1821356280193,42.93522032938
1,"Deaths",1797,"Plymouth County",25023,509,"Chronic obstructive pulmonary disease",2,"Female",27,"Age-standardized",2001,"Rate",43.9944674735228,41.3692400561789,46.6284562300601
1,"Deaths",1797,"Plymouth County",25023,509,"Chronic obstructive pulmonary disease",2,"Female",27,"Age-standardized",2002,"Rate",45.8003646043417,43.0347469893257,48.5792384087447
1,"Deaths",1797,"Plymouth County",25023,509,"Chronic obstructive pulmonary disease",2,"Female",27,"Age-standardized",2003,"Rate",42.9538805696819,40.4370371841816,45.6088188285002
1,"Deaths",1797,"Plymouth County",25023,509,"Chronic obstructive pulmonary disease",2,"Female",27,"Age-standardized",2004,"Rate",39.9549408360698,37.496910387502,42.4667750979135
1,"Deaths",1797,"Plymouth County",25023,509,"Chronic obstructive pulmonary disease",2,"Female",27,"Age-standardized",2005,"Rate",42.6101245202174,39.926813603677,45.2692309875874
1,"Deaths",1797,"Plymouth County",25023,509,"Chronic obstructive pulmonary disease",2,"Female",27,"Age-standardized",2006,"Rate",41.3856575521401,38.9520132374173,43.9764798788178
1,"Deaths",1797,"Plymouth County",25023,509,"Chronic obstructive pulmonary disease",2,"Female",27,"Age-standardized",2007,"Rate",38.7833492625674,36.3981138817035,41.2989455967681
1,"Deaths",1797,"Plymouth County",25023,509,"Chronic obstructive pulmonary disease",2,"Female",27,"Age-standardized",2008,"Rate",38.9565847523375,36.4814679372211,41.4931531034629
1,"Deaths",1797,"Plymouth County",25023,509,"Chronic obstructive pulmonary disease",2,"Female",27,"Age-standardized",2009,"Rate",39.7439515625045,37.4406191271831,42.3660422269263
1,"Deaths",1797,"Plymouth County",25023,509,"Chronic obstructive pulmonary disease",2,"Female",27,"Age-standardized",2010,"Rate",40.8376209214952,38.4259833114268,43.3362689821828
1,"Deaths",1797,"Plymouth County",25023,509,"Chronic obstructive pulmonary disease",2,"Female",27,"Age-standardized",2011,"Rate",39.2587533617222,36.6824672555133,41.7949664150537
1,"Deaths",1797,"Plymouth County",25023,509,"Chronic obstructive pulmonary disease",2,"Female",27,"Age-standardized",2012,"Rate",38.6333553462003,36.1312515489681,41.3593104581775
1,"Deaths",1797,"Plymouth County",25023,509,"Chronic obstructive pulmonary disease",2,"Female",27,"Age-standardized",2013,"Rate",38.7772849976188,36.1896207835321,41.4953495669949
1,"Deaths",1797,"Plymouth County",25023,509,"Chronic obstructive pulmonary disease",2,"Female",27,"Age-standardized",2014,"Rate",38.8374954156242,36.0734624619787,41.5486754769285
1,"Deaths",1797,"Plymouth County",25023,509,"Chronic obstructive pulmonary disease",3,"Both",27,"Age-standardized",1980,"Rate",33.6245230881844,31.6460084493304,35.534593605745
1,"Deaths",1797,"Plymouth County",25023,509,"Chronic obstructive pulmonary disease",3,"Both",27,"Age-standardized",1981,"Rate",33.2867772896281,31.3787465473436,35.1622690698452
1,"Deaths",1797,"Plymouth County",25023,509,"Chronic obstructive pulmonary disease",3,"Both",27,"Age-standardized",1982,"Rate",33.6003687523667,31.7051759702739,35.3953719216235
1,"Deaths",1797,"Plymouth County",25023,509,"Chronic obstructive pulmonary disease",3,"Both",27,"Age-standardized",1983,"Rate",34.9220401067639,33.1033389428943,36.8059853799947
1,"Deaths",1797,"Plymouth County",25023,509,"Chronic obstructive pulmonary disease",3,"Both",27,"Age-standardized",1984,"Rate",35.2667944231721,33.2715858515137,37.1043519059622
1,"Deaths",1797,"Plymouth County",25023,509,"Chronic obstructive pulmonary disease",3,"Both",27,"Age-standardized",1985,"Rate",35.6366037848885,33.6294439400451,37.4494629199848
1,"Deaths",1797,"Plymouth County",25023,509,"Chronic obstructive pulmonary disease",3,"Both",27,"Age-standardized",1986,"Rate",38.1376559615491,36.1330301291082,39.9660597064764
1,"Deaths",1797,"Plymouth County",25023,509,"Chronic obstructive pulmonary disease",3,"Both",27,"Age-standardized",1987,"Rate",37.9263008013621,36.1097837284498,39.6247332998077
1,"Deaths",1797,"Plymouth County",25023,509,"Chronic obstructive pulmonary disease",3,"Both",27,"Age-standardized",1988,"Rate",37.542534984856,35.5055178689792,39.2750544121048
1,"Deaths",1797,"Plymouth County",25023,509,"Chronic obstructive pulmonary disease",3,"Both",27,"Age-standardized",1989,"Rate",37.6031500242731,35.7260164702702,39.3229767783991
1,"Deaths",1797,"Plymouth County",25023,509,"Chronic obstructive pulmonary disease",3,"Both",27,"Age-standardized",1990,"Rate",37.4122611848066,35.4770157967388,39.2871195039664
1,"Deaths",1797,"Plymouth County",25023,509,"Chronic obstructive pulmonary disease",3,"Both",27,"Age-standardized",1991,"Rate",38.1849577220326,36.3515780168979,39.9787791256186
1,"Deaths",1797,"Plymouth County",25023,509,"Chronic obstructive pulmonary disease",3,"Both",27,"Age-standardized",1992,"Rate",39.2628360721665,37.595197234096,41.1601151323673
1,"Deaths",1797,"Plymouth County",25023,509,"Chronic obstructive pulmonary disease",3,"Both",27,"Age-standardized",1993,"Rate",41.3976192897923,39.5276013644457,43.2476392146849
1,"Deaths",1797,"Plymouth County",25023,509,"Chronic obstructive pulmonary disease",3,"Both",27,"Age-standardized",1994,"Rate",43.5066953464494,41.6016724883581,45.5966810627887
1,"Deaths",1797,"Plymouth County",25023,509,"Chronic obstructive pulmonary disease",3,"Both",27,"Age-standardized",1995,"Rate",42.7500470398725,40.9541719730214,44.6875206489798
1,"Deaths",1797,"Plymouth County",25023,509,"Chronic obstructive pulmonary disease",3,"Both",27,"Age-standardized",1996,"Rate",45.4228574762147,43.4412642983891,47.4998361391245
1,"Deaths",1797,"Plymouth County",25023,509,"Chronic obstructive pulmonary disease",3,"Both",27,"Age-standardized",1997,"Rate",45.8751532828893,43.909209179659,47.9321460099886
1,"Deaths",1797,"Plymouth County",25023,509,"Chronic obstructive pulmonary disease",3,"Both",27,"Age-standardized",1998,"Rate",45.373470584659,43.35953190468,47.5761394365305
1,"Deaths",1797,"Plymouth County",25023,509,"Chronic obstructive pulmonary disease",3,"Both",27,"Age-standardized",1999,"Rate",46.776073518196,44.7372742370256,48.9900525656698
1,"Deaths",1797,"Plymouth County",25023,509,"Chronic obstructive pulmonary disease",3,"Both",27,"Age-standardized",2000,"Rate",47.3953200483562,45.4095744350432,49.6167446050553
1,"Deaths",1797,"Plymouth County",25023,509,"Chronic obstructive pulmonary disease",3,"Both",27,"Age-standardized",2001,"Rate",50.4176338863699,48.2896689072572,52.7804444054394
1,"Deaths",1797,"Plymouth County",25023,509,"Chronic obstructive pulmonary disease",3,"Both",27,"Age-standardized",2002,"Rate",50.2812674839822,48.0249716316273,52.6216703606529
1,"Deaths",1797,"Plymouth County",25023,509,"Chronic obstructive pulmonary disease",3,"Both",27,"Age-standardized",2003,"Rate",48.3719038378773,46.1817781493751,50.767116818968
1,"Deaths",1797,"Plymouth County",25023,509,"Chronic obstructive pulmonary disease",3,"Both",27,"Age-standardized",2004,"Rate",46.2040827463927,44.0786351957531,48.4906998991635
1,"Deaths",1797,"Plymouth County",25023,509,"Chronic obstructive pulmonary disease",3,"Both",27,"Age-standardized",2005,"Rate",46.9900761878506,44.7630562264022,49.3694550551694
1,"Deaths",1797,"Plymouth County",25023,509,"Chronic obstructive pulmonary disease",3,"Both",27,"Age-standardized",2006,"Rate",46.5143817980848,44.3531169504273,48.9390469614374
1,"Deaths",1797,"Plymouth County",25023,509,"Chronic obstructive pulmonary disease",3,"Both",27,"Age-standardized",2007,"Rate",43.6662760511436,41.7286392904909,46.0778096974742
1,"Deaths",1797,"Plymouth County",25023,509,"Chronic obstructive pulmonary disease",3,"Both",27,"Age-standardized",2008,"Rate",43.890321336497,41.8360216891503,46.3098564657324
1,"Deaths",1797,"Plymouth County",25023,509,"Chronic obstructive pulmonary disease",3,"Both",27,"Age-standardized",2009,"Rate",42.743669422611,40.5902620404265,45.0407758607838
1,"Deaths",1797,"Plymouth County",25023,509,"Chronic obstructive pulmonary disease",3,"Both",27,"Age-standardized",2010,"Rate",44.3889896203052,42.1836477163087,46.9740268130432
1,"Deaths",1797,"Plymouth County",25023,509,"Chronic obstructive pulmonary disease",3,"Both",27,"Age-standardized",2011,"Rate",44.2217833142968,42.0381596355542,46.6992154358847
1,"Deaths",1797,"Plymouth County",25023,509,"Chronic obstructive pulmonary disease",3,"Both",27,"Age-standardized",2012,"Rate",40.9690792400484,38.9655784770325,43.3291633621751
1,"Deaths",1797,"Plymouth County",25023,509,"Chronic obstructive pulmonary disease",3,"Both",27,"Age-standardized",2013,"Rate",41.8866500957016,39.692815766351,44.2374650105596
1,"Deaths",1797,"Plymouth County",25023,509,"Chronic obstructive pulmonary disease",3,"Both",27,"Age-standardized",2014,"Rate",42.9595415113349,40.6686967819727,45.414486421182
1,"Deaths",1795,"Suffolk County",25025,509,"Chronic obstructive pulmonary disease",1,"Male",27,"Age-standardized",1980,"Rate",60.9372790760984,56.9151807639688,64.8070365163256
1,"Deaths",1795,"Suffolk County",25025,509,"Chronic obstructive pulmonary disease",1,"Male",27,"Age-standardized",1981,"Rate",59.9587881136504,56.0062789721449,63.5380329428838
1,"Deaths",1795,"Suffolk County",25025,509,"Chronic obstructive pulmonary disease",1,"Male",27,"Age-standardized",1982,"Rate",55.9022413126916,52.3284501146209,59.6235753879987
1,"Deaths",1795,"Suffolk County",25025,509,"Chronic obstructive pulmonary disease",1,"Male",27,"Age-standardized",1983,"Rate",59.4527572499847,55.4601308330737,62.9304270121946
1,"Deaths",1795,"Suffolk County",25025,509,"Chronic obstructive pulmonary disease",1,"Male",27,"Age-standardized",1984,"Rate",60.128609507059,56.2406074292563,63.8808356830604
1,"Deaths",1795,"Suffolk County",25025,509,"Chronic obstructive pulmonary disease",1,"Male",27,"Age-standardized",1985,"Rate",57.8618993932319,54.2562472218305,61.2875773811613
1,"Deaths",1795,"Suffolk County",25025,509,"Chronic obstructive pulmonary disease",1,"Male",27,"Age-standardized",1986,"Rate",59.0705772912831,55.5117623707613,62.7339354997833
1,"Deaths",1795,"Suffolk County",25025,509,"Chronic obstructive pulmonary disease",1,"Male",27,"Age-standardized",1987,"Rate",58.29678491591,54.8117193799258,61.673877294854
1,"Deaths",1795,"Suffolk County",25025,509,"Chronic obstructive pulmonary disease",1,"Male",27,"Age-standardized",1988,"Rate",58.4210744788613,55.1086302261642,61.5343107417244
1,"Deaths",1795,"Suffolk County",25025,509,"Chronic obstructive pulmonary disease",1,"Male",27,"Age-standardized",1989,"Rate",58.8525967634531,55.2834801652648,62.1262577829865
1,"Deaths",1795,"Suffolk County",25025,509,"Chronic obstructive pulmonary disease",1,"Male",27,"Age-standardized",1990,"Rate",55.0026938789095,51.7303380608789,58.296430141684
1,"Deaths",1795,"Suffolk County",25025,509,"Chronic obstructive pulmonary disease",1,"Male",27,"Age-standardized",1991,"Rate",56.5832606505415,53.4719348056498,59.7208327475031
1,"Deaths",1795,"Suffolk County",25025,509,"Chronic obstructive pulmonary disease",1,"Male",27,"Age-standardized",1992,"Rate",56.8848306450878,53.755759942755,60.0641203836221
1,"Deaths",1795,"Suffolk County",25025,509,"Chronic obstructive pulmonary disease",1,"Male",27,"Age-standardized",1993,"Rate",57.8929820272437,54.5396865488368,61.1608054376374
1,"Deaths",1795,"Suffolk County",25025,509,"Chronic obstructive pulmonary disease",1,"Male",27,"Age-standardized",1994,"Rate",59.524414682299,56.2027647224271,63.0825876052742
1,"Deaths",1795,"Suffolk County",25025,509,"Chronic obstructive pulmonary disease",1,"Male",27,"Age-standardized",1995,"Rate",55.6282237831828,52.635993228886,58.8226871917617
1,"Deaths",1795,"Suffolk County",25025,509,"Chronic obstructive pulmonary disease",1,"Male",27,"Age-standardized",1996,"Rate",54.5034405538714,51.309987861937,57.5460173513168
1,"Deaths",1795,"Suffolk County",25025,509,"Chronic obstructive pulmonary disease",1,"Male",27,"Age-standardized",1997,"Rate",52.8915190864842,49.8334385406891,55.979585357073
1,"Deaths",1795,"Suffolk County",25025,509,"Chronic obstructive pulmonary disease",1,"Male",27,"Age-standardized",1998,"Rate",52.6603059388947,49.7978985552697,55.6115949034818
1,"Deaths",1795,"Suffolk County",25025,509,"Chronic obstructive pulmonary disease",1,"Male",27,"Age-standardized",1999,"Rate",54.3078486819732,51.3626235654151,57.2232076169189
1,"Deaths",1795,"Suffolk County",25025,509,"Chronic obstructive pulmonary disease",1,"Male",27,"Age-standardized",2000,"Rate",51.2996047675055,48.1662998364587,54.3974753495212
1,"Deaths",1795,"Suffolk County",25025,509,"Chronic obstructive pulmonary disease",1,"Male",27,"Age-standardized",2001,"Rate",52.0559497310247,49.121508677776,55.2496832446059
1,"Deaths",1795,"Suffolk County",25025,509,"Chronic obstructive pulmonary disease",1,"Male",27,"Age-standardized",2002,"Rate",50.3251026858246,47.2838625822603,53.394899432102
1,"Deaths",1795,"Suffolk County",25025,509,"Chronic obstructive pulmonary disease",1,"Male",27,"Age-standardized",2003,"Rate",51.9679032151177,49.1367600454706,55.3195849515031
1,"Deaths",1795,"Suffolk County",25025,509,"Chronic obstructive pulmonary disease",1,"Male",27,"Age-standardized",2004,"Rate",49.5821446553408,46.7140140634495,52.9322785930158
1,"Deaths",1795,"Suffolk County",25025,509,"Chronic obstructive pulmonary disease",1,"Male",27,"Age-standardized",2005,"Rate",48.6000119787731,45.7026119708001,51.9554668644162
1,"Deaths",1795,"Suffolk County",25025,509,"Chronic obstructive pulmonary disease",1,"Male",27,"Age-standardized",2006,"Rate",46.2694239082928,43.4627750752158,49.6820713019517
1,"Deaths",1795,"Suffolk County",25025,509,"Chronic obstructive pulmonary disease",1,"Male",27,"Age-standardized",2007,"Rate",43.3398722671151,40.3239811599773,46.3968973183964
1,"Deaths",1795,"Suffolk County",25025,509,"Chronic obstructive pulmonary disease",1,"Male",27,"Age-standardized",2008,"Rate",44.2154935199867,41.1769317747176,47.7527956558425
1,"Deaths",1795,"Suffolk County",25025,509,"Chronic obstructive pulmonary disease",1,"Male",27,"Age-standardized",2009,"Rate",40.9095536678055,38.1313231187116,44.1535744124176
1,"Deaths",1795,"Suffolk County",25025,509,"Chronic obstructive pulmonary disease",1,"Male",27,"Age-standardized",2010,"Rate",40.3921400481897,37.6467608584296,43.7236635854767
1,"Deaths",1795,"Suffolk County",25025,509,"Chronic obstructive pulmonary disease",1,"Male",27,"Age-standardized",2011,"Rate",39.695340748766,37.1176767244064,43.01321448797
1,"Deaths",1795,"Suffolk County",25025,509,"Chronic obstructive pulmonary disease",1,"Male",27,"Age-standardized",2012,"Rate",37.9860206391439,35.2058741492445,41.4361502848884
1,"Deaths",1795,"Suffolk County",25025,509,"Chronic obstructive pulmonary disease",1,"Male",27,"Age-standardized",2013,"Rate",38.6250807921909,35.715094478225,42.0530697388237
1,"Deaths",1795,"Suffolk County",25025,509,"Chronic obstructive pulmonary disease",1,"Male",27,"Age-standardized",2014,"Rate",41.3808676531661,38.2657644644336,44.9671425923588
1,"Deaths",1795,"Suffolk County",25025,509,"Chronic obstructive pulmonary disease",2,"Female",27,"Age-standardized",1980,"Rate",18.7054218418566,16.969281832601,20.4738092525465
1,"Deaths",1795,"Suffolk County",25025,509,"Chronic obstructive pulmonary disease",2,"Female",27,"Age-standardized",1981,"Rate",19.245031168931,17.4699588131641,20.8218610041819
1,"Deaths",1795,"Suffolk County",25025,509,"Chronic obstructive pulmonary disease",2,"Female",27,"Age-standardized",1982,"Rate",18.5846798555254,16.9524016357512,20.1330949768089
1,"Deaths",1795,"Suffolk County",25025,509,"Chronic obstructive pulmonary disease",2,"Female",27,"Age-standardized",1983,"Rate",19.2892846415091,17.7672231968329,20.8388893348958
1,"Deaths",1795,"Suffolk County",25025,509,"Chronic obstructive pulmonary disease",2,"Female",27,"Age-standardized",1984,"Rate",20.4779234365516,18.8357075348445,22.0455355214064
1,"Deaths",1795,"Suffolk County",25025,509,"Chronic obstructive pulmonary disease",2,"Female",27,"Age-standardized",1985,"Rate",20.1820063319304,18.6030227639232,21.6590198494744
1,"Deaths",1795,"Suffolk County",25025,509,"Chronic obstructive pulmonary disease",2,"Female",27,"Age-standardized",1986,"Rate",21.6230012444877,19.9195210970243,23.2456320694705
1,"Deaths",1795,"Suffolk County",25025,509,"Chronic obstructive pulmonary disease",2,"Female",27,"Age-standardized",1987,"Rate",22.3206638228097,20.6842094587153,23.9474153949371
1,"Deaths",1795,"Suffolk County",25025,509,"Chronic obstructive pulmonary disease",2,"Female",27,"Age-standardized",1988,"Rate",24.3673813942731,22.7657192895972,25.9847034876025
1,"Deaths",1795,"Suffolk County",25025,509,"Chronic obstructive pulmonary disease",2,"Female",27,"Age-standardized",1989,"Rate",22.5345401765504,21.0061748905614,24.018316804642
1,"Deaths",1795,"Suffolk County",25025,509,"Chronic obstructive pulmonary disease",2,"Female",27,"Age-standardized",1990,"Rate",24.6529420669034,23.0733930145119,26.2652279899724
1,"Deaths",1795,"Suffolk County",25025,509,"Chronic obstructive pulmonary disease",2,"Female",27,"Age-standardized",1991,"Rate",23.9126210798395,22.3139544505574,25.6090312121811
1,"Deaths",1795,"Suffolk County",25025,509,"Chronic obstructive pulmonary disease",2,"Female",27,"Age-standardized",1992,"Rate",25.7252990530895,23.9462768631971,27.3097787384875
1,"Deaths",1795,"Suffolk County",25025,509,"Chronic obstructive pulmonary disease",2,"Female",27,"Age-standardized",1993,"Rate",26.8297427389324,25.0909048830416,28.6180329191045
1,"Deaths",1795,"Suffolk County",25025,509,"Chronic obstructive pulmonary disease",2,"Female",27,"Age-standardized",1994,"Rate",26.7511167098392,24.9378939448675,28.4629896158161
1,"Deaths",1795,"Suffolk County",25025,509,"Chronic obstructive pulmonary disease",2,"Female",27,"Age-standardized",1995,"Rate",28.3036430854013,26.5094063304813,30.0860490962848
1,"Deaths",1795,"Suffolk County",25025,509,"Chronic obstructive pulmonary disease",2,"Female",27,"Age-standardized",1996,"Rate",27.7787371635542,25.9512730046267,29.5132415093174
1,"Deaths",1795,"Suffolk County",25025,509,"Chronic obstructive pulmonary disease",2,"Female",27,"Age-standardized",1997,"Rate",29.2469887801004,27.3356711330612,31.1429744769559
1,"Deaths",1795,"Suffolk County",25025,509,"Chronic obstructive pulmonary disease",2,"Female",27,"Age-standardized",1998,"Rate",30.4681991443322,28.4255220251362,32.4213950097159
1,"Deaths",1795,"Suffolk County",25025,509,"Chronic obstructive pulmonary disease",2,"Female",27,"Age-standardized",1999,"Rate",31.504758042131,29.6576523416307,33.5067985819534
1,"Deaths",1795,"Suffolk County",25025,509,"Chronic obstructive pulmonary disease",2,"Female",27,"Age-standardized",2000,"Rate",32.1331547607101,30.0744032713926,34.1745011186088
1,"Deaths",1795,"Suffolk County",25025,509,"Chronic obstructive pulmonary disease",2,"Female",27,"Age-standardized",2001,"Rate",31.4873007207925,29.3880861440769,33.4423962485349
1,"Deaths",1795,"Suffolk County",25025,509,"Chronic obstructive pulmonary disease",2,"Female",27,"Age-standardized",2002,"Rate",31.2602340647739,29.1873587540274,33.4036914325979
1,"Deaths",1795,"Suffolk County",25025,509,"Chronic obstructive pulmonary disease",2,"Female",27,"Age-standardized",2003,"Rate",32.5087095107415,30.3395346914241,34.8805055454563
1,"Deaths",1795,"Suffolk County",25025,509,"Chronic obstructive pulmonary disease",2,"Female",27,"Age-standardized",2004,"Rate",31.699016089759,29.4908678262859,33.9390350951065
1,"Deaths",1795,"Suffolk County",25025,509,"Chronic obstructive pulmonary disease",2,"Female",27,"Age-standardized",2005,"Rate",31.3691022572499,29.2044577973372,33.5207804356268
1,"Deaths",1795,"Suffolk County",25025,509,"Chronic obstructive pulmonary disease",2,"Female",27,"Age-standardized",2006,"Rate",30.271203548151,28.2266163175643,32.4457832725108
1,"Deaths",1795,"Suffolk County",25025,509,"Chronic obstructive pulmonary disease",2,"Female",27,"Age-standardized",2007,"Rate",30.0049241880482,27.9247992638389,32.3589341012244
1,"Deaths",1795,"Suffolk County",25025,509,"Chronic obstructive pulmonary disease",2,"Female",27,"Age-standardized",2008,"Rate",29.5519050155051,27.3909654465201,31.9815907758728
1,"Deaths",1795,"Suffolk County",25025,509,"Chronic obstructive pulmonary disease",2,"Female",27,"Age-standardized",2009,"Rate",28.4993031350663,26.4151673104112,30.8107260547622
1,"Deaths",1795,"Suffolk County",25025,509,"Chronic obstructive pulmonary disease",2,"Female",27,"Age-standardized",2010,"Rate",27.9026615725313,25.7785155299676,30.0404115220609
1,"Deaths",1795,"Suffolk County",25025,509,"Chronic obstructive pulmonary disease",2,"Female",27,"Age-standardized",2011,"Rate",28.6772778340685,26.6319106547795,30.9917537501658
1,"Deaths",1795,"Suffolk County",25025,509,"Chronic obstructive pulmonary disease",2,"Female",27,"Age-standardized",2012,"Rate",27.0588834368138,24.9945835870526,29.3324768636897
1,"Deaths",1795,"Suffolk County",25025,509,"Chronic obstructive pulmonary disease",2,"Female",27,"Age-standardized",2013,"Rate",27.5775413769808,25.4265532498405,30.0359553929883
1,"Deaths",1795,"Suffolk County",25025,509,"Chronic obstructive pulmonary disease",2,"Female",27,"Age-standardized",2014,"Rate",25.7500198856973,23.6088622189208,28.0718377388072
1,"Deaths",1795,"Suffolk County",25025,509,"Chronic obstructive pulmonary disease",3,"Both",27,"Age-standardized",1980,"Rate",33.4158456532312,31.6048383925803,35.1308506902424
1,"Deaths",1795,"Suffolk County",25025,509,"Chronic obstructive pulmonary disease",3,"Both",27,"Age-standardized",1981,"Rate",33.3468264292565,31.4841855050113,34.9960757635925
1,"Deaths",1795,"Suffolk County",25025,509,"Chronic obstructive pulmonary disease",3,"Both",27,"Age-standardized",1982,"Rate",31.410003100369,29.6472462916937,32.9594483081979
1,"Deaths",1795,"Suffolk County",25025,509,"Chronic obstructive pulmonary disease",3,"Both",27,"Age-standardized",1983,"Rate",33.0376256573751,31.2215024380534,34.6475067409746
1,"Deaths",1795,"Suffolk County",25025,509,"Chronic obstructive pulmonary disease",3,"Both",27,"Age-standardized",1984,"Rate",34.018861773069,32.2452724598568,35.7419294621964
1,"Deaths",1795,"Suffolk County",25025,509,"Chronic obstructive pulmonary disease",3,"Both",27,"Age-standardized",1985,"Rate",32.9916772652637,31.1770603550731,34.6150633963057
1,"Deaths",1795,"Suffolk County",25025,509,"Chronic obstructive pulmonary disease",3,"Both",27,"Age-standardized",1986,"Rate",34.3087378436358,32.5785312361161,35.9678709510919
1,"Deaths",1795,"Suffolk County",25025,509,"Chronic obstructive pulmonary disease",3,"Both",27,"Age-standardized",1987,"Rate",34.4784261079189,32.7796876977183,36.0242388741791
1,"Deaths",1795,"Suffolk County",25025,509,"Chronic obstructive pulmonary disease",3,"Both",27,"Age-standardized",1988,"Rate",35.852163241734,34.1569656244939,37.4128718408846
1,"Deaths",1795,"Suffolk County",25025,509,"Chronic obstructive pulmonary disease",3,"Both",27,"Age-standardized",1989,"Rate",34.8545144629079,33.1850774426037,36.4363252092953
1,"Deaths",1795,"Suffolk County",25025,509,"Chronic obstructive pulmonary disease",3,"Both",27,"Age-standardized",1990,"Rate",34.8518853874852,33.2680442645506,36.4024995436262
1,"Deaths",1795,"Suffolk County",25025,509,"Chronic obstructive pulmonary disease",3,"Both",27,"Age-standardized",1991,"Rate",35.0130568247102,33.4639685237049,36.5107145278284
1,"Deaths",1795,"Suffolk County",25025,509,"Chronic obstructive pulmonary disease",3,"Both",27,"Age-standardized",1992,"Rate",36.3214975520018,34.5845870765173,37.9733386009012
1,"Deaths",1795,"Suffolk County",25025,509,"Chronic obstructive pulmonary disease",3,"Both",27,"Age-standardized",1993,"Rate",37.4182654063129,35.6032822219847,39.0974516367911
1,"Deaths",1795,"Suffolk County",25025,509,"Chronic obstructive pulmonary disease",3,"Both",27,"Age-standardized",1994,"Rate",38.0303156291154,36.3179528793364,39.7096678525406
1,"Deaths",1795,"Suffolk County",25025,509,"Chronic obstructive pulmonary disease",3,"Both",27,"Age-standardized",1995,"Rate",37.7302837450996,36.0866257813105,39.3656961723274
1,"Deaths",1795,"Suffolk County",25025,509,"Chronic obstructive pulmonary disease",3,"Both",27,"Age-standardized",1996,"Rate",37.0139323192509,35.2876974087028,38.6756287043643
1,"Deaths",1795,"Suffolk County",25025,509,"Chronic obstructive pulmonary disease",3,"Both",27,"Age-standardized",1997,"Rate",37.4397190664993,35.7377258901247,39.1302239534645
1,"Deaths",1795,"Suffolk County",25025,509,"Chronic obstructive pulmonary disease",3,"Both",27,"Age-standardized",1998,"Rate",38.1737938853862,36.4714347580392,39.955731530666
1,"Deaths",1795,"Suffolk County",25025,509,"Chronic obstructive pulmonary disease",3,"Both",27,"Age-standardized",1999,"Rate",39.468047221251,37.6484178703403,41.189395897092
1,"Deaths",1795,"Suffolk County",25025,509,"Chronic obstructive pulmonary disease",3,"Both",27,"Age-standardized",2000,"Rate",38.8616184788837,37.0714312744593,40.8006490719143
1,"Deaths",1795,"Suffolk County",25025,509,"Chronic obstructive pulmonary disease",3,"Both",27,"Age-standardized",2001,"Rate",38.8500957810319,37.0829132948181,40.7656701379362
1,"Deaths",1795,"Suffolk County",25025,509,"Chronic obstructive pulmonary disease",3,"Both",27,"Age-standardized",2002,"Rate",38.1530340668034,36.273139900337,40.1745014383487
1,"Deaths",1795,"Suffolk County",25025,509,"Chronic obstructive pulmonary disease",3,"Both",27,"Age-standardized",2003,"Rate",39.6113054047507,37.7029335852328,41.755637470631
1,"Deaths",1795,"Suffolk County",25025,509,"Chronic obstructive pulmonary disease",3,"Both",27,"Age-standardized",2004,"Rate",38.2696925798113,36.3560988647532,40.4095562688019
1,"Deaths",1795,"Suffolk County",25025,509,"Chronic obstructive pulmonary disease",3,"Both",27,"Age-standardized",2005,"Rate",37.7602554505797,35.9532959746045,39.771019436829
1,"Deaths",1795,"Suffolk County",25025,509,"Chronic obstructive pulmonary disease",3,"Both",27,"Age-standardized",2006,"Rate",36.2672688522802,34.4772736075836,38.2373478057327
1,"Deaths",1795,"Suffolk County",25025,509,"Chronic obstructive pulmonary disease",3,"Both",27,"Age-standardized",2007,"Rate",34.9930761240848,33.1237440850037,36.9937035235669
1,"Deaths",1795,"Suffolk County",25025,509,"Chronic obstructive pulmonary disease",3,"Both",27,"Age-standardized",2008,"Rate",35.0952641299338,33.1003460008673,37.2949098823871
1,"Deaths",1795,"Suffolk County",25025,509,"Chronic obstructive pulmonary disease",3,"Both",27,"Age-standardized",2009,"Rate",33.1700599629725,31.3178674412302,35.3650552688441
1,"Deaths",1795,"Suffolk County",25025,509,"Chronic obstructive pulmonary disease",3,"Both",27,"Age-standardized",2010,"Rate",32.6485199718926,30.8153760225122,34.8078683913027
1,"Deaths",1795,"Suffolk County",25025,509,"Chronic obstructive pulmonary disease",3,"Both",27,"Age-standardized",2011,"Rate",32.8777224744648,31.1238093345773,34.8441681414176
1,"Deaths",1795,"Suffolk County",25025,509,"Chronic obstructive pulmonary disease",3,"Both",27,"Age-standardized",2012,"Rate",31.2554220923658,29.4637019089616,33.3466816595569
1,"Deaths",1795,"Suffolk County",25025,509,"Chronic obstructive pulmonary disease",3,"Both",27,"Age-standardized",2013,"Rate",31.8847146720031,29.9724027445624,34.0091979744798
1,"Deaths",1795,"Suffolk County",25025,509,"Chronic obstructive pulmonary disease",3,"Both",27,"Age-standardized",2014,"Rate",31.8972938771918,30.1097102829276,34.1009310266854
1,"Deaths",1793,"Worcester County",25027,509,"Chronic obstructive pulmonary disease",1,"Male",27,"Age-standardized",1980,"Rate",54.9020134950268,51.0445104455453,58.3644789060992
1,"Deaths",1793,"Worcester County",25027,509,"Chronic obstructive pulmonary disease",1,"Male",27,"Age-standardized",1981,"Rate",52.5042799687458,48.9874422813494,55.812661836545
1,"Deaths",1793,"Worcester County",25027,509,"Chronic obstructive pulmonary disease",1,"Male",27,"Age-standardized",1982,"Rate",50.9835877841287,47.6174384095395,54.181702879545
1,"Deaths",1793,"Worcester County",25027,509,"Chronic obstructive pulmonary disease",1,"Male",27,"Age-standardized",1983,"Rate",55.6600068116781,52.0772447572949,59.0536186382134
1,"Deaths",1793,"Worcester County",25027,509,"Chronic obstructive pulmonary disease",1,"Male",27,"Age-standardized",1984,"Rate",56.6496202379886,53.1334121364398,59.9860750803366
1,"Deaths",1793,"Worcester County",25027,509,"Chronic obstructive pulmonary disease",1,"Male",27,"Age-standardized",1985,"Rate",55.8455317745901,52.3271329366595,59.0648198285911
1,"Deaths",1793,"Worcester County",25027,509,"Chronic obstructive pulmonary disease",1,"Male",27,"Age-standardized",1986,"Rate",55.125481151523,51.7261578180882,58.5309332461398
1,"Deaths",1793,"Worcester County",25027,509,"Chronic obstructive pulmonary disease",1,"Male",27,"Age-standardized",1987,"Rate",56.6655597078191,53.0036866290357,59.8005175389452
1,"Deaths",1793,"Worcester County",25027,509,"Chronic obstructive pulmonary disease",1,"Male",27,"Age-standardized",1988,"Rate",55.9107969517177,52.4494621859076,59.1759488929262
1,"Deaths",1793,"Worcester County",25027,509,"Chronic obstructive pulmonary disease",1,"Male",27,"Age-standardized",1989,"Rate",53.1323870421642,49.7405626126966,56.3303253772883
1,"Deaths",1793,"Worcester County",25027,509,"Chronic obstructive pulmonary disease",1,"Male",27,"Age-standardized",1990,"Rate",53.3916116099114,50.4278914214662,56.2921977337208
1,"Deaths",1793,"Worcester County",25027,509,"Chronic obstructive pulmonary disease",1,"Male",27,"Age-standardized",1991,"Rate",54.3144741226465,51.1658491994132,57.1066270489612
1,"Deaths",1793,"Worcester County",25027,509,"Chronic obstructive pulmonary disease",1,"Male",27,"Age-standardized",1992,"Rate",55.3284056397904,52.1844677350598,58.3558885095163
1,"Deaths",1793,"Worcester County",25027,509,"Chronic obstructive pulmonary disease",1,"Male",27,"Age-standardized",1993,"Rate",56.0739310516881,53.2049645775162,59.079311245355
1,"Deaths",1793,"Worcester County",25027,509,"Chronic obstructive pulmonary disease",1,"Male",27,"Age-standardized",1994,"Rate",55.2147525842157,52.3278726954939,58.3775704578459
1,"Deaths",1793,"Worcester County",25027,509,"Chronic obstructive pulmonary disease",1,"Male",27,"Age-standardized",1995,"Rate",54.224762120997,51.4666335371831,57.2701352650569
1,"Deaths",1793,"Worcester County",25027,509,"Chronic obstructive pulmonary disease",1,"Male",27,"Age-standardized",1996,"Rate",56.1509661672261,53.310688768523,59.1932849602546
1,"Deaths",1793,"Worcester County",25027,509,"Chronic obstructive pulmonary disease",1,"Male",27,"Age-standardized",1997,"Rate",53.1793711477683,50.0273762649579,56.1722315599197
1,"Deaths",1793,"Worcester County",25027,509,"Chronic obstructive pulmonary disease",1,"Male",27,"Age-standardized",1998,"Rate",58.2525060982414,55.2437264111986,61.4862289939372
1,"Deaths",1793,"Worcester County",25027,509,"Chronic obstructive pulmonary disease",1,"Male",27,"Age-standardized",1999,"Rate",57.7280659967613,54.3663393927873,60.9706517380181
1,"Deaths",1793,"Worcester County",25027,509,"Chronic obstructive pulmonary disease",1,"Male",27,"Age-standardized",2000,"Rate",58.0693407102278,54.8829629019438,61.3681536142089
1,"Deaths",1793,"Worcester County",25027,509,"Chronic obstructive pulmonary disease",1,"Male",27,"Age-standardized",2001,"Rate",57.0985983045173,54.0283562618995,60.2001616738557
1,"Deaths",1793,"Worcester County",25027,509,"Chronic obstructive pulmonary disease",1,"Male",27,"Age-standardized",2002,"Rate",55.9181683388441,53.0325669115,59.5331230903041
1,"Deaths",1793,"Worcester County",25027,509,"Chronic obstructive pulmonary disease",1,"Male",27,"Age-standardized",2003,"Rate",56.7644274747671,53.6660518709135,60.044366332683
1,"Deaths",1793,"Worcester County",25027,509,"Chronic obstructive pulmonary disease",1,"Male",27,"Age-standardized",2004,"Rate",51.4312082102424,48.2123288845556,54.906155587605
1,"Deaths",1793,"Worcester County",25027,509,"Chronic obstructive pulmonary disease",1,"Male",27,"Age-standardized",2005,"Rate",54.1532088436737,50.7923983027709,57.5484135239093
1,"Deaths",1793,"Worcester County",25027,509,"Chronic obstructive pulmonary disease",1,"Male",27,"Age-standardized",2006,"Rate",50.8028392332897,47.6905131553498,54.4001826799972
1,"Deaths",1793,"Worcester County",25027,509,"Chronic obstructive pulmonary disease",1,"Male",27,"Age-standardized",2007,"Rate",49.9291335264154,47.0077671104031,53.6783521584121
1,"Deaths",1793,"Worcester County",25027,509,"Chronic obstructive pulmonary disease",1,"Male",27,"Age-standardized",2008,"Rate",49.6106104008459,46.4358244634841,53.3474638548937
1,"Deaths",1793,"Worcester County",25027,509,"Chronic obstructive pulmonary disease",1,"Male",27,"Age-standardized",2009,"Rate",48.9667059316445,45.8153416164204,52.918796505905
1,"Deaths",1793,"Worcester County",25027,509,"Chronic obstructive pulmonary disease",1,"Male",27,"Age-standardized",2010,"Rate",48.0207887083614,45.1167269321395,52.0022211855053
1,"Deaths",1793,"Worcester County",25027,509,"Chronic obstructive pulmonary disease",1,"Male",27,"Age-standardized",2011,"Rate",48.6787200531029,45.690602538719,52.3256417622829
1,"Deaths",1793,"Worcester County",25027,509,"Chronic obstructive pulmonary disease",1,"Male",27,"Age-standardized",2012,"Rate",48.4326443181019,45.5931017537983,52.0431662265014
1,"Deaths",1793,"Worcester County",25027,509,"Chronic obstructive pulmonary disease",1,"Male",27,"Age-standardized",2013,"Rate",48.0311898312878,44.8584849131862,51.5681183819219
1,"Deaths",1793,"Worcester County",25027,509,"Chronic obstructive pulmonary disease",1,"Male",27,"Age-standardized",2014,"Rate",51.7662078706125,48.322113546057,55.8642257935784
1,"Deaths",1793,"Worcester County",25027,509,"Chronic obstructive pulmonary disease",2,"Female",27,"Age-standardized",1980,"Rate",18.5077521321805,16.7021590071611,20.1187718507719
1,"Deaths",1793,"Worcester County",25027,509,"Chronic obstructive pulmonary disease",2,"Female",27,"Age-standardized",1981,"Rate",18.3181759418427,16.7100956020744,19.7195711508821
1,"Deaths",1793,"Worcester County",25027,509,"Chronic obstructive pulmonary disease",2,"Female",27,"Age-standardized",1982,"Rate",17.8133012435342,16.1344834716495,19.2484597019842
1,"Deaths",1793,"Worcester County",25027,509,"Chronic obstructive pulmonary disease",2,"Female",27,"Age-standardized",1983,"Rate",19.0560290779458,17.5238478997933,20.5179131082779
1,"Deaths",1793,"Worcester County",25027,509,"Chronic obstructive pulmonary disease",2,"Female",27,"Age-standardized",1984,"Rate",19.3400586999813,17.7784627179645,20.753212133158
1,"Deaths",1793,"Worcester County",25027,509,"Chronic obstructive pulmonary disease",2,"Female",27,"Age-standardized",1985,"Rate",21.0161399028459,19.3850502219236,22.5029813011933
1,"Deaths",1793,"Worcester County",25027,509,"Chronic obstructive pulmonary disease",2,"Female",27,"Age-standardized",1986,"Rate",22.4095651467627,20.8304206671422,24.0664597809995
1,"Deaths",1793,"Worcester County",25027,509,"Chronic obstructive pulmonary disease",2,"Female",27,"Age-standardized",1987,"Rate",23.5674211983815,21.8741271831503,25.2073101605721
1,"Deaths",1793,"Worcester County",25027,509,"Chronic obstructive pulmonary disease",2,"Female",27,"Age-standardized",1988,"Rate",24.630556314787,22.8958981109389,26.2004856382701
1,"Deaths",1793,"Worcester County",25027,509,"Chronic obstructive pulmonary disease",2,"Female",27,"Age-standardized",1989,"Rate",25.5087667561536,23.7710725360234,27.1549762914729
1,"Deaths",1793,"Worcester County",25027,509,"Chronic obstructive pulmonary disease",2,"Female",27,"Age-standardized",1990,"Rate",24.958133117605,23.1126421205882,26.571137455536
1,"Deaths",1793,"Worcester County",25027,509,"Chronic obstructive pulmonary disease",2,"Female",27,"Age-standardized",1991,"Rate",26.4947279578711,24.7344316590948,28.3035209091785
1,"Deaths",1793,"Worcester County",25027,509,"Chronic obstructive pulmonary disease",2,"Female",27,"Age-standardized",1992,"Rate",27.4373498044862,25.7565722139206,29.0641960065464
1,"Deaths",1793,"Worcester County",25027,509,"Chronic obstructive pulmonary disease",2,"Female",27,"Age-standardized",1993,"Rate",30.4088720973373,28.6798579932264,32.1301302628655
1,"Deaths",1793,"Worcester County",25027,509,"Chronic obstructive pulmonary disease",2,"Female",27,"Age-standardized",1994,"Rate",30.5885056114322,28.8992608347771,32.2899459654741
1,"Deaths",1793,"Worcester County",25027,509,"Chronic obstructive pulmonary disease",2,"Female",27,"Age-standardized",1995,"Rate",32.2864637352663,30.3705429540183,34.2584218672157
1,"Deaths",1793,"Worcester County",25027,509,"Chronic obstructive pulmonary disease",2,"Female",27,"Age-standardized",1996,"Rate",33.8340366701845,31.945811942158,35.7672585263143
1,"Deaths",1793,"Worcester County",25027,509,"Chronic obstructive pulmonary disease",2,"Female",27,"Age-standardized",1997,"Rate",34.0723242282755,32.1601349980514,36.0842108246884
1,"Deaths",1793,"Worcester County",25027,509,"Chronic obstructive pulmonary disease",2,"Female",27,"Age-standardized",1998,"Rate",36.4925156403298,34.4756597009785,38.5521451547156
1,"Deaths",1793,"Worcester County",25027,509,"Chronic obstructive pulmonary disease",2,"Female",27,"Age-standardized",1999,"Rate",37.9812463744901,35.9526518685039,40.1054174750885
1,"Deaths",1793,"Worcester County",25027,509,"Chronic obstructive pulmonary disease",2,"Female",27,"Age-standardized",2000,"Rate",40.2834705089103,38.0363494737618,42.6505929910406
1,"Deaths",1793,"Worcester County",25027,509,"Chronic obstructive pulmonary disease",2,"Female",27,"Age-standardized",2001,"Rate",42.3495189192097,39.9498514500008,44.6517232244643
1,"Deaths",1793,"Worcester County",25027,509,"Chronic obstructive pulmonary disease",2,"Female",27,"Age-standardized",2002,"Rate",41.0941857967453,38.7915533990489,43.5162519090404
1,"Deaths",1793,"Worcester County",25027,509,"Chronic obstructive pulmonary disease",2,"Female",27,"Age-standardized",2003,"Rate",42.469166524769,40.0599387716599,44.8839629749457
1,"Deaths",1793,"Worcester County",25027,509,"Chronic obstructive pulmonary disease",2,"Female",27,"Age-standardized",2004,"Rate",41.8276864795996,39.470193590349,44.3104505228175
1,"Deaths",1793,"Worcester County",25027,509,"Chronic obstructive pulmonary disease",2,"Female",27,"Age-standardized",2005,"Rate",42.4323641276491,40.0784090588464,44.9857797899215
1,"Deaths",1793,"Worcester County",25027,509,"Chronic obstructive pulmonary disease",2,"Female",27,"Age-standardized",2006,"Rate",42.0015204131927,39.553944046878,44.4537518554045
1,"Deaths",1793,"Worcester County",25027,509,"Chronic obstructive pulmonary disease",2,"Female",27,"Age-standardized",2007,"Rate",41.2539012410803,38.8565748517307,43.6803149199187
1,"Deaths",1793,"Worcester County",25027,509,"Chronic obstructive pulmonary disease",2,"Female",27,"Age-standardized",2008,"Rate",39.9889760183301,37.6278484618179,42.4303336970735
1,"Deaths",1793,"Worcester County",25027,509,"Chronic obstructive pulmonary disease",2,"Female",27,"Age-standardized",2009,"Rate",41.952076604709,39.6285547983281,44.4685993926013
1,"Deaths",1793,"Worcester County",25027,509,"Chronic obstructive pulmonary disease",2,"Female",27,"Age-standardized",2010,"Rate",39.1742209084421,37.0022509210473,41.5341920174754
1,"Deaths",1793,"Worcester County",25027,509,"Chronic obstructive pulmonary disease",2,"Female",27,"Age-standardized",2011,"Rate",39.7055524389926,37.178446763345,42.1547977637334
1,"Deaths",1793,"Worcester County",25027,509,"Chronic obstructive pulmonary disease",2,"Female",27,"Age-standardized",2012,"Rate",40.0645497949695,37.6806267379482,42.4653090518533
1,"Deaths",1793,"Worcester County",25027,509,"Chronic obstructive pulmonary disease",2,"Female",27,"Age-standardized",2013,"Rate",40.3643425618731,37.8868536001694,42.89980617955
1,"Deaths",1793,"Worcester County",25027,509,"Chronic obstructive pulmonary disease",2,"Female",27,"Age-standardized",2014,"Rate",39.0173609371653,36.5330450100756,41.7422733370254
1,"Deaths",1793,"Worcester County",25027,509,"Chronic obstructive pulmonary disease",3,"Both",27,"Age-standardized",1980,"Rate",31.2766632874347,29.5833727758545,32.8247680654745
1,"Deaths",1793,"Worcester County",25027,509,"Chronic obstructive pulmonary disease",3,"Both",27,"Age-standardized",1981,"Rate",30.2287000452599,28.4053927355994,31.7745038458747
1,"Deaths",1793,"Worcester County",25027,509,"Chronic obstructive pulmonary disease",3,"Both",27,"Age-standardized",1982,"Rate",29.3219698643903,27.6673656632697,30.7990128019177
1,"Deaths",1793,"Worcester County",25027,509,"Chronic obstructive pulmonary disease",3,"Both",27,"Age-standardized",1983,"Rate",31.736292580551,29.9593819642993,33.3291129718856
1,"Deaths",1793,"Worcester County",25027,509,"Chronic obstructive pulmonary disease",3,"Both",27,"Age-standardized",1984,"Rate",32.2570851963235,30.5784307403562,33.8832137306619
1,"Deaths",1793,"Worcester County",25027,509,"Chronic obstructive pulmonary disease",3,"Both",27,"Age-standardized",1985,"Rate",32.9746681472089,31.2723140884001,34.5486569201639
1,"Deaths",1793,"Worcester County",25027,509,"Chronic obstructive pulmonary disease",3,"Both",27,"Age-standardized",1986,"Rate",33.5971437996389,31.9756659288205,35.2010302641673
1,"Deaths",1793,"Worcester County",25027,509,"Chronic obstructive pulmonary disease",3,"Both",27,"Age-standardized",1987,"Rate",34.8516691870553,33.0530315348247,36.3910276994868
1,"Deaths",1793,"Worcester County",25027,509,"Chronic obstructive pulmonary disease",3,"Both",27,"Age-standardized",1988,"Rate",35.3015830347072,33.4616622367489,36.9948882868988
1,"Deaths",1793,"Worcester County",25027,509,"Chronic obstructive pulmonary disease",3,"Both",27,"Age-standardized",1989,"Rate",34.8926553409131,33.1813451131275,36.5453285503532
1,"Deaths",1793,"Worcester County",25027,509,"Chronic obstructive pulmonary disease",3,"Both",27,"Age-standardized",1990,"Rate",34.6502813876273,33.0785359705091,36.1402805001741
1,"Deaths",1793,"Worcester County",25027,509,"Chronic obstructive pulmonary disease",3,"Both",27,"Age-standardized",1991,"Rate",35.9558688241467,34.2845934335328,37.5052263665145
1,"Deaths",1793,"Worcester County",25027,509,"Chronic obstructive pulmonary disease",3,"Both",27,"Age-standardized",1992,"Rate",36.9498605676763,35.2483243828694,38.4933938038773
1,"Deaths",1793,"Worcester County",25027,509,"Chronic obstructive pulmonary disease",3,"Both",27,"Age-standardized",1993,"Rate",39.1197211935506,37.566800389421,40.7330950923565
1,"Deaths",1793,"Worcester County",25027,509,"Chronic obstructive pulmonary disease",3,"Both",27,"Age-standardized",1994,"Rate",39.0044614340686,37.473136325273,40.7157181846925
1,"Deaths",1793,"Worcester County",25027,509,"Chronic obstructive pulmonary disease",3,"Both",27,"Age-standardized",1995,"Rate",39.7100859778241,38.0730057511799,41.410249842979
1,"Deaths",1793,"Worcester County",25027,509,"Chronic obstructive pulmonary disease",3,"Both",27,"Age-standardized",1996,"Rate",41.4242132138197,39.6800850891186,43.2184593539463
1,"Deaths",1793,"Worcester County",25027,509,"Chronic obstructive pulmonary disease",3,"Both",27,"Age-standardized",1997,"Rate",40.4962373889164,38.8016419171589,42.28577418715
1,"Deaths",1793,"Worcester County",25027,509,"Chronic obstructive pulmonary disease",3,"Both",27,"Age-standardized",1998,"Rate",43.9526329142521,42.1329465663564,45.8009025072712
1,"Deaths",1793,"Worcester County",25027,509,"Chronic obstructive pulmonary disease",3,"Both",27,"Age-standardized",1999,"Rate",44.7251153040974,42.879452638245,46.5168901636764
1,"Deaths",1793,"Worcester County",25027,509,"Chronic obstructive pulmonary disease",3,"Both",27,"Age-standardized",2000,"Rate",46.3529730610533,44.4125381962966,48.4487030373327
1,"Deaths",1793,"Worcester County",25027,509,"Chronic obstructive pulmonary disease",3,"Both",27,"Age-standardized",2001,"Rate",47.2971492544532,45.3966737253706,49.5797656820738
1,"Deaths",1793,"Worcester County",25027,509,"Chronic obstructive pulmonary disease",3,"Both",27,"Age-standardized",2002,"Rate",46.1287338612441,44.2908628096204,48.2564492437893
1,"Deaths",1793,"Worcester County",25027,509,"Chronic obstructive pulmonary disease",3,"Both",27,"Age-standardized",2003,"Rate",47.3091098229898,45.3112905800124,49.2908313725094
1,"Deaths",1793,"Worcester County",25027,509,"Chronic obstructive pulmonary disease",3,"Both",27,"Age-standardized",2004,"Rate",44.9552374576061,42.9337468792197,47.1267635635201
1,"Deaths",1793,"Worcester County",25027,509,"Chronic obstructive pulmonary disease",3,"Both",27,"Age-standardized",2005,"Rate",46.4353395497865,44.4734266535202,48.7222884716335
1,"Deaths",1793,"Worcester County",25027,509,"Chronic obstructive pulmonary disease",3,"Both",27,"Age-standardized",2006,"Rate",44.9561948204926,42.9086559455001,47.2504077643797
1,"Deaths",1793,"Worcester County",25027,509,"Chronic obstructive pulmonary disease",3,"Both",27,"Age-standardized",2007,"Rate",44.2373569677967,42.2902807163976,46.4989580063403
1,"Deaths",1793,"Worcester County",25027,509,"Chronic obstructive pulmonary disease",3,"Both",27,"Age-standardized",2008,"Rate",43.357641074309,41.3330207369996,45.5861778414021
1,"Deaths",1793,"Worcester County",25027,509,"Chronic obstructive pulmonary disease",3,"Both",27,"Age-standardized",2009,"Rate",44.3331882548658,42.3501585189918,46.8715048512142
1,"Deaths",1793,"Worcester County",25027,509,"Chronic obstructive pulmonary disease",3,"Both",27,"Age-standardized",2010,"Rate",42.3133169781183,40.439939295984,44.5149654690368
1,"Deaths",1793,"Worcester County",25027,509,"Chronic obstructive pulmonary disease",3,"Both",27,"Age-standardized",2011,"Rate",42.9311131802519,41.0501714157621,45.1131279796092
1,"Deaths",1793,"Worcester County",25027,509,"Chronic obstructive pulmonary disease",3,"Both",27,"Age-standardized",2012,"Rate",43.0464240557502,41.0943024466335,45.3296120706142
1,"Deaths",1793,"Worcester County",25027,509,"Chronic obstructive pulmonary disease",3,"Both",27,"Age-standardized",2013,"Rate",43.0473972702651,40.9241239642376,45.2894645605488
1,"Deaths",1793,"Worcester County",25027,509,"Chronic obstructive pulmonary disease",3,"Both",27,"Age-standardized",2014,"Rate",43.8464448601962,41.7509313140311,46.3170684262537
1,"Deaths",544,"Massachusetts",25,510,"Pneumoconiosis",1,"Male",27,"Age-standardized",1980,"Rate",0.520786386236064,0.406594545725394,0.656687990201868
1,"Deaths",544,"Massachusetts",25,510,"Pneumoconiosis",1,"Male",27,"Age-standardized",1981,"Rate",0.501552801649928,0.397437847279816,0.62221612014023
1,"Deaths",544,"Massachusetts",25,510,"Pneumoconiosis",1,"Male",27,"Age-standardized",1982,"Rate",0.512929841446197,0.408574120717167,0.630283625290765
1,"Deaths",544,"Massachusetts",25,510,"Pneumoconiosis",1,"Male",27,"Age-standardized",1983,"Rate",0.538016626375974,0.428077035999622,0.661995358689352
1,"Deaths",544,"Massachusetts",25,510,"Pneumoconiosis",1,"Male",27,"Age-standardized",1984,"Rate",0.519511817669578,0.42412462081986,0.624572639796724
1,"Deaths",544,"Massachusetts",25,510,"Pneumoconiosis",1,"Male",27,"Age-standardized",1985,"Rate",0.5410596013593,0.443472615637643,0.649513601331512
1,"Deaths",544,"Massachusetts",25,510,"Pneumoconiosis",1,"Male",27,"Age-standardized",1986,"Rate",0.556883053895571,0.456989756933696,0.664682891876297
1,"Deaths",544,"Massachusetts",25,510,"Pneumoconiosis",1,"Male",27,"Age-standardized",1987,"Rate",0.559844392825343,0.45774914504973,0.664990257161065
1,"Deaths",544,"Massachusetts",25,510,"Pneumoconiosis",1,"Male",27,"Age-standardized",1988,"Rate",0.555779793365123,0.462669390843986,0.659148804550634
1,"Deaths",544,"Massachusetts",25,510,"Pneumoconiosis",1,"Male",27,"Age-standardized",1989,"Rate",0.571870841770404,0.486407099307307,0.677044926521761
1,"Deaths",544,"Massachusetts",25,510,"Pneumoconiosis",1,"Male",27,"Age-standardized",1990,"Rate",0.546860794246553,0.4605894930433,0.642966566902582
1,"Deaths",544,"Massachusetts",25,510,"Pneumoconiosis",1,"Male",27,"Age-standardized",1991,"Rate",0.552566589364056,0.467795733878313,0.645185507348235
1,"Deaths",544,"Massachusetts",25,510,"Pneumoconiosis",1,"Male",27,"Age-standardized",1992,"Rate",0.578008837242933,0.490560910524185,0.674379870659645
1,"Deaths",544,"Massachusetts",25,510,"Pneumoconiosis",1,"Male",27,"Age-standardized",1993,"Rate",0.575997876689421,0.489687872910609,0.670343816814742
1,"Deaths",544,"Massachusetts",25,510,"Pneumoconiosis",1,"Male",27,"Age-standardized",1994,"Rate",0.598456685494456,0.510683400228927,0.69389652228827
1,"Deaths",544,"Massachusetts",25,510,"Pneumoconiosis",1,"Male",27,"Age-standardized",1995,"Rate",0.604955411917645,0.519685119822486,0.699472433463314
1,"Deaths",544,"Massachusetts",25,510,"Pneumoconiosis",1,"Male",27,"Age-standardized",1996,"Rate",0.610913119096494,0.523953962094842,0.706061071027794
1,"Deaths",544,"Massachusetts",25,510,"Pneumoconiosis",1,"Male",27,"Age-standardized",1997,"Rate",0.624962417246556,0.533945317336706,0.720512491807379
1,"Deaths",544,"Massachusetts",25,510,"Pneumoconiosis",1,"Male",27,"Age-standardized",1998,"Rate",0.647325102903484,0.559061975271628,0.746334074368289
1,"Deaths",544,"Massachusetts",25,510,"Pneumoconiosis",1,"Male",27,"Age-standardized",1999,"Rate",0.668058644618893,0.574047544567311,0.768352455070987
1,"Deaths",544,"Massachusetts",25,510,"Pneumoconiosis",1,"Male",27,"Age-standardized",2000,"Rate",0.673380067713376,0.578578343639515,0.770374914373262
1,"Deaths",544,"Massachusetts",25,510,"Pneumoconiosis",1,"Male",27,"Age-standardized",2001,"Rate",0.677579754544567,0.581990480410703,0.779834532828601
1,"Deaths",544,"Massachusetts",25,510,"Pneumoconiosis",1,"Male",27,"Age-standardized",2002,"Rate",0.671463855561905,0.580755399926293,0.769370649732669
1,"Deaths",544,"Massachusetts",25,510,"Pneumoconiosis",1,"Male",27,"Age-standardized",2003,"Rate",0.677278741249169,0.58242115851303,0.780650097766764
1,"Deaths",544,"Massachusetts",25,510,"Pneumoconiosis",1,"Male",27,"Age-standardized",2004,"Rate",0.647402734469425,0.557340379110882,0.756150245036156
1,"Deaths",544,"Massachusetts",25,510,"Pneumoconiosis",1,"Male",27,"Age-standardized",2005,"Rate",0.638983810806376,0.547402902128551,0.739412546725069
1,"Deaths",544,"Massachusetts",25,510,"Pneumoconiosis",1,"Male",27,"Age-standardized",2006,"Rate",0.6122725918654,0.522217569822427,0.708245462454848
1,"Deaths",544,"Massachusetts",25,510,"Pneumoconiosis",1,"Male",27,"Age-standardized",2007,"Rate",0.606185614818845,0.519246298208348,0.701267026478477
1,"Deaths",544,"Massachusetts",25,510,"Pneumoconiosis",1,"Male",27,"Age-standardized",2008,"Rate",0.60389234937433,0.516704671232676,0.705045103576203
1,"Deaths",544,"Massachusetts",25,510,"Pneumoconiosis",1,"Male",27,"Age-standardized",2009,"Rate",0.572782273773695,0.48513247304642,0.673191549542154
1,"Deaths",544,"Massachusetts",25,510,"Pneumoconiosis",1,"Male",27,"Age-standardized",2010,"Rate",0.56910811562743,0.484831647194125,0.667316870317298
1,"Deaths",544,"Massachusetts",25,510,"Pneumoconiosis",1,"Male",27,"Age-standardized",2011,"Rate",0.558714931049503,0.46762150620562,0.660328275516372
1,"Deaths",544,"Massachusetts",25,510,"Pneumoconiosis",1,"Male",27,"Age-standardized",2012,"Rate",0.54167969228252,0.457365307858419,0.639651288764399
1,"Deaths",544,"Massachusetts",25,510,"Pneumoconiosis",1,"Male",27,"Age-standardized",2013,"Rate",0.544402797634179,0.450229022273262,0.648515871365612
1,"Deaths",544,"Massachusetts",25,510,"Pneumoconiosis",1,"Male",27,"Age-standardized",2014,"Rate",0.57010453986767,0.461303284298018,0.689958911121981
1,"Deaths",544,"Massachusetts",25,510,"Pneumoconiosis",2,"Female",27,"Age-standardized",1980,"Rate",0.204912453769408,0.147578379479722,0.23726794150414
1,"Deaths",544,"Massachusetts",25,510,"Pneumoconiosis",2,"Female",27,"Age-standardized",1981,"Rate",0.206957807000459,0.147940585844379,0.237493100830573
1,"Deaths",544,"Massachusetts",25,510,"Pneumoconiosis",2,"Female",27,"Age-standardized",1982,"Rate",0.20744674227845,0.154266729967186,0.236000804263654
1,"Deaths",544,"Massachusetts",25,510,"Pneumoconiosis",2,"Female",27,"Age-standardized",1983,"Rate",0.222295327127672,0.167016073147888,0.252870388331435
1,"Deaths",544,"Massachusetts",25,510,"Pneumoconiosis",2,"Female",27,"Age-standardized",1984,"Rate",0.232627316358507,0.182286366392432,0.264940949802508
1,"Deaths",544,"Massachusetts",25,510,"Pneumoconiosis",2,"Female",27,"Age-standardized",1985,"Rate",0.24019638704727,0.189352480544982,0.271861920844027
1,"Deaths",544,"Massachusetts",25,510,"Pneumoconiosis",2,"Female",27,"Age-standardized",1986,"Rate",0.249691916592265,0.203023762436827,0.282254823088879
1,"Deaths",544,"Massachusetts",25,510,"Pneumoconiosis",2,"Female",27,"Age-standardized",1987,"Rate",0.25327986680197,0.210049543012505,0.287015849054338
1,"Deaths",544,"Massachusetts",25,510,"Pneumoconiosis",2,"Female",27,"Age-standardized",1988,"Rate",0.258501437579702,0.217443529056194,0.292804832460414
1,"Deaths",544,"Massachusetts",25,510,"Pneumoconiosis",2,"Female",27,"Age-standardized",1989,"Rate",0.254067837536415,0.216790696957604,0.284036941827765
1,"Deaths",544,"Massachusetts",25,510,"Pneumoconiosis",2,"Female",27,"Age-standardized",1990,"Rate",0.250620339325407,0.21686532414423,0.28032214385518
1,"Deaths",544,"Massachusetts",25,510,"Pneumoconiosis",2,"Female",27,"Age-standardized",1991,"Rate",0.252969510924247,0.220401180035613,0.283250089825773
1,"Deaths",544,"Massachusetts",25,510,"Pneumoconiosis",2,"Female",27,"Age-standardized",1992,"Rate",0.257103583020531,0.223237672640392,0.286363502717402
1,"Deaths",544,"Massachusetts",25,510,"Pneumoconiosis",2,"Female",27,"Age-standardized",1993,"Rate",0.270984831767622,0.23847920535074,0.302547158107882
1,"Deaths",544,"Massachusetts",25,510,"Pneumoconiosis",2,"Female",27,"Age-standardized",1994,"Rate",0.276045160827516,0.244766333147861,0.310199019670716
1,"Deaths",544,"Massachusetts",25,510,"Pneumoconiosis",2,"Female",27,"Age-standardized",1995,"Rate",0.286707725743842,0.251853528547729,0.321055658877885
1,"Deaths",544,"Massachusetts",25,510,"Pneumoconiosis",2,"Female",27,"Age-standardized",1996,"Rate",0.290263022739451,0.259305941548448,0.327388003865672
1,"Deaths",544,"Massachusetts",25,510,"Pneumoconiosis",2,"Female",27,"Age-standardized",1997,"Rate",0.298816378137224,0.26674515751934,0.335507988214923
1,"Deaths",544,"Massachusetts",25,510,"Pneumoconiosis",2,"Female",27,"Age-standardized",1998,"Rate",0.314674869211545,0.281621514713493,0.355058483701464
1,"Deaths",544,"Massachusetts",25,510,"Pneumoconiosis",2,"Female",27,"Age-standardized",1999,"Rate",0.334038386134558,0.297904330185895,0.378581313936436
1,"Deaths",544,"Massachusetts",25,510,"Pneumoconiosis",2,"Female",27,"Age-standardized",2000,"Rate",0.354671890698436,0.319589148845201,0.401378904347738
1,"Deaths",544,"Massachusetts",25,510,"Pneumoconiosis",2,"Female",27,"Age-standardized",2001,"Rate",0.359080604007335,0.320468590286994,0.409927117332206
1,"Deaths",544,"Massachusetts",25,510,"Pneumoconiosis",2,"Female",27,"Age-standardized",2002,"Rate",0.369407394188061,0.329700746697309,0.425949758753952
1,"Deaths",544,"Massachusetts",25,510,"Pneumoconiosis",2,"Female",27,"Age-standardized",2003,"Rate",0.370041126739626,0.330303863319698,0.428457939795724
1,"Deaths",544,"Massachusetts",25,510,"Pneumoconiosis",2,"Female",27,"Age-standardized",2004,"Rate",0.364352903971665,0.323470950687135,0.429004333408717
1,"Deaths",544,"Massachusetts",25,510,"Pneumoconiosis",2,"Female",27,"Age-standardized",2005,"Rate",0.368288903012838,0.325964878241884,0.434256438495557
1,"Deaths",544,"Massachusetts",25,510,"Pneumoconiosis",2,"Female",27,"Age-standardized",2006,"Rate",0.368765183012667,0.325609162969824,0.443071926136279
1,"Deaths",544,"Massachusetts",25,510,"Pneumoconiosis",2,"Female",27,"Age-standardized",2007,"Rate",0.357166680347977,0.316224260914328,0.433969144768893
1,"Deaths",544,"Massachusetts",25,510,"Pneumoconiosis",2,"Female",27,"Age-standardized",2008,"Rate",0.357958985815112,0.314312065678049,0.439372414210359
1,"Deaths",544,"Massachusetts",25,510,"Pneumoconiosis",2,"Female",27,"Age-standardized",2009,"Rate",0.354901856182538,0.310052562786808,0.445328796876666
1,"Deaths",544,"Massachusetts",25,510,"Pneumoconiosis",2,"Female",27,"Age-standardized",2010,"Rate",0.349923622709342,0.303726470059213,0.438755233304628
1,"Deaths",544,"Massachusetts",25,510,"Pneumoconiosis",2,"Female",27,"Age-standardized",2011,"Rate",0.357214292464945,0.308372696344061,0.453988685963546
1,"Deaths",544,"Massachusetts",25,510,"Pneumoconiosis",2,"Female",27,"Age-standardized",2012,"Rate",0.355452164734863,0.30508915157101,0.447697372513932
1,"Deaths",544,"Massachusetts",25,510,"Pneumoconiosis",2,"Female",27,"Age-standardized",2013,"Rate",0.361027183597042,0.308121074663416,0.44822228378674
1,"Deaths",544,"Massachusetts",25,510,"Pneumoconiosis",2,"Female",27,"Age-standardized",2014,"Rate",0.360542889570031,0.306645059223737,0.456765662482831
1,"Deaths",544,"Massachusetts",25,510,"Pneumoconiosis",3,"Both",27,"Age-standardized",1980,"Rate",0.324324071862851,0.269523316442995,0.378794770714159
1,"Deaths",544,"Massachusetts",25,510,"Pneumoconiosis",3,"Both",27,"Age-standardized",1981,"Rate",0.31828616958264,0.265829573599787,0.367779778292104
1,"Deaths",544,"Massachusetts",25,510,"Pneumoconiosis",3,"Both",27,"Age-standardized",1982,"Rate",0.322420682069244,0.267704549951598,0.368585598385895
1,"Deaths",544,"Massachusetts",25,510,"Pneumoconiosis",3,"Both",27,"Age-standardized",1983,"Rate",0.341012146295598,0.287352086887709,0.389385356882505
1,"Deaths",544,"Massachusetts",25,510,"Pneumoconiosis",3,"Both",27,"Age-standardized",1984,"Rate",0.341292159615797,0.294324420151624,0.384791352177691
1,"Deaths",544,"Massachusetts",25,510,"Pneumoconiosis",3,"Both",27,"Age-standardized",1985,"Rate",0.353611321098972,0.304724863223793,0.39658826457288
1,"Deaths",544,"Massachusetts",25,510,"Pneumoconiosis",3,"Both",27,"Age-standardized",1986,"Rate",0.365180753781012,0.313403674688205,0.411436074913559
1,"Deaths",544,"Massachusetts",25,510,"Pneumoconiosis",3,"Both",27,"Age-standardized",1987,"Rate",0.368361853015945,0.320076234007054,0.411662762330275
1,"Deaths",544,"Massachusetts",25,510,"Pneumoconiosis",3,"Both",27,"Age-standardized",1988,"Rate",0.370249050992628,0.3251054669613,0.413303076965846
1,"Deaths",544,"Massachusetts",25,510,"Pneumoconiosis",3,"Both",27,"Age-standardized",1989,"Rate",0.372406075920925,0.329553881398821,0.415886303204435
1,"Deaths",544,"Massachusetts",25,510,"Pneumoconiosis",3,"Both",27,"Age-standardized",1990,"Rate",0.361188700308453,0.320678684161969,0.400962939809129
1,"Deaths",544,"Massachusetts",25,510,"Pneumoconiosis",3,"Both",27,"Age-standardized",1991,"Rate",0.364401835714205,0.325745900034898,0.402631155529752
1,"Deaths",544,"Massachusetts",25,510,"Pneumoconiosis",3,"Both",27,"Age-standardized",1992,"Rate",0.375700278286104,0.337746536835864,0.415205629912992
1,"Deaths",544,"Massachusetts",25,510,"Pneumoconiosis",3,"Both",27,"Age-standardized",1993,"Rate",0.38467119391113,0.347095465923833,0.426389686610123
1,"Deaths",544,"Massachusetts",25,510,"Pneumoconiosis",3,"Both",27,"Age-standardized",1994,"Rate",0.396051378033487,0.358797503234713,0.436005613565767
1,"Deaths",544,"Massachusetts",25,510,"Pneumoconiosis",3,"Both",27,"Age-standardized",1995,"Rate",0.405811431843046,0.368330726904192,0.446000587373747
1,"Deaths",544,"Massachusetts",25,510,"Pneumoconiosis",3,"Both",27,"Age-standardized",1996,"Rate",0.409934160341661,0.370596100987178,0.448292101552378
1,"Deaths",544,"Massachusetts",25,510,"Pneumoconiosis",3,"Both",27,"Age-standardized",1997,"Rate",0.420626480913036,0.383506513712989,0.465519254005096
1,"Deaths",544,"Massachusetts",25,510,"Pneumoconiosis",3,"Both",27,"Age-standardized",1998,"Rate",0.438959950260572,0.400655482164121,0.483019009515835
1,"Deaths",544,"Massachusetts",25,510,"Pneumoconiosis",3,"Both",27,"Age-standardized",1999,"Rate",0.459499260671614,0.417324306815198,0.507040753414671
1,"Deaths",544,"Massachusetts",25,510,"Pneumoconiosis",3,"Both",27,"Age-standardized",2000,"Rate",0.475220766242222,0.432411895501443,0.526005204442664
1,"Deaths",544,"Massachusetts",25,510,"Pneumoconiosis",3,"Both",27,"Age-standardized",2001,"Rate",0.480088464018246,0.435359145783633,0.529400689981973
1,"Deaths",544,"Massachusetts",25,510,"Pneumoconiosis",3,"Both",27,"Age-standardized",2002,"Rate",0.484733082226847,0.44061731119609,0.536809866394129
1,"Deaths",544,"Massachusetts",25,510,"Pneumoconiosis",3,"Both",27,"Age-standardized",2003,"Rate",0.487593115474415,0.438075171028974,0.54502959351907
1,"Deaths",544,"Massachusetts",25,510,"Pneumoconiosis",3,"Both",27,"Age-standardized",2004,"Rate",0.473548060758437,0.428814381611279,0.533374691041536
1,"Deaths",544,"Massachusetts",25,510,"Pneumoconiosis",3,"Both",27,"Age-standardized",2005,"Rate",0.473089871198339,0.42435934631071,0.532891308396394
1,"Deaths",544,"Massachusetts",25,510,"Pneumoconiosis",3,"Both",27,"Age-standardized",2006,"Rate",0.463839670115155,0.417454119855324,0.523074383289998
1,"Deaths",544,"Massachusetts",25,510,"Pneumoconiosis",3,"Both",27,"Age-standardized",2007,"Rate",0.454429584112193,0.407913366732698,0.512162487148796
1,"Deaths",544,"Massachusetts",25,510,"Pneumoconiosis",3,"Both",27,"Age-standardized",2008,"Rate",0.454565058529557,0.407415744662264,0.525886574947197
1,"Deaths",544,"Massachusetts",25,510,"Pneumoconiosis",3,"Both",27,"Age-standardized",2009,"Rate",0.441143919102114,0.393371335877611,0.51337464086202
1,"Deaths",544,"Massachusetts",25,510,"Pneumoconiosis",3,"Both",27,"Age-standardized",2010,"Rate",0.436655180324975,0.39099093440556,0.510580801147302
1,"Deaths",544,"Massachusetts",25,510,"Pneumoconiosis",3,"Both",27,"Age-standardized",2011,"Rate",0.437203568136198,0.388190705190342,0.513651477681863
1,"Deaths",544,"Massachusetts",25,510,"Pneumoconiosis",3,"Both",27,"Age-standardized",2012,"Rate",0.430056914694791,0.381425012797206,0.505346375905097
1,"Deaths",544,"Massachusetts",25,510,"Pneumoconiosis",3,"Both",27,"Age-standardized",2013,"Rate",0.434772089545313,0.382559523214198,0.509747072958533
1,"Deaths",544,"Massachusetts",25,510,"Pneumoconiosis",3,"Both",27,"Age-standardized",2014,"Rate",0.444446258705459,0.38813541179441,0.525141604778439
1,"Deaths",1800,"Barnstable County",25001,510,"Pneumoconiosis",1,"Male",27,"Age-standardized",1980,"Rate",0.474263330586397,0.223679279896305,0.888432401932843
1,"Deaths",1800,"Barnstable County",25001,510,"Pneumoconiosis",1,"Male",27,"Age-standardized",1981,"Rate",0.492557619920173,0.239423086579993,0.914894523528688
1,"Deaths",1800,"Barnstable County",25001,510,"Pneumoconiosis",1,"Male",27,"Age-standardized",1982,"Rate",0.492555255602907,0.246979308071728,0.903798093677197
1,"Deaths",1800,"Barnstable County",25001,510,"Pneumoconiosis",1,"Male",27,"Age-standardized",1983,"Rate",0.495124886350762,0.250809675668436,0.872986868303745
1,"Deaths",1800,"Barnstable County",25001,510,"Pneumoconiosis",1,"Male",27,"Age-standardized",1984,"Rate",0.509840287303412,0.262408281549008,0.913245388558414
1,"Deaths",1800,"Barnstable County",25001,510,"Pneumoconiosis",1,"Male",27,"Age-standardized",1985,"Rate",0.514075577198943,0.281845027471135,0.871389405867182
1,"Deaths",1800,"Barnstable County",25001,510,"Pneumoconiosis",1,"Male",27,"Age-standardized",1986,"Rate",0.53415854809796,0.290508348585304,0.91317015711
1,"Deaths",1800,"Barnstable County",25001,510,"Pneumoconiosis",1,"Male",27,"Age-standardized",1987,"Rate",0.552005538363769,0.301093226895281,0.939209746760288
1,"Deaths",1800,"Barnstable County",25001,510,"Pneumoconiosis",1,"Male",27,"Age-standardized",1988,"Rate",0.548240511627713,0.308501952943745,0.901463184935478
1,"Deaths",1800,"Barnstable County",25001,510,"Pneumoconiosis",1,"Male",27,"Age-standardized",1989,"Rate",0.556918221978416,0.332961036829557,0.913011128448619
1,"Deaths",1800,"Barnstable County",25001,510,"Pneumoconiosis",1,"Male",27,"Age-standardized",1990,"Rate",0.544886653667901,0.316387360933246,0.843666036734344
1,"Deaths",1800,"Barnstable County",25001,510,"Pneumoconiosis",1,"Male",27,"Age-standardized",1991,"Rate",0.553664630067975,0.332000375315506,0.870240720912373
1,"Deaths",1800,"Barnstable County",25001,510,"Pneumoconiosis",1,"Male",27,"Age-standardized",1992,"Rate",0.584770451017757,0.351751091130486,0.889797710968997
1,"Deaths",1800,"Barnstable County",25001,510,"Pneumoconiosis",1,"Male",27,"Age-standardized",1993,"Rate",0.567148527275748,0.341423737791135,0.857534092537013
1,"Deaths",1800,"Barnstable County",25001,510,"Pneumoconiosis",1,"Male",27,"Age-standardized",1994,"Rate",0.590547921583223,0.364554685526398,0.893453279719044
1,"Deaths",1800,"Barnstable County",25001,510,"Pneumoconiosis",1,"Male",27,"Age-standardized",1995,"Rate",0.622337676624137,0.361556928563833,0.943272803485721
1,"Deaths",1800,"Barnstable County",25001,510,"Pneumoconiosis",1,"Male",27,"Age-standardized",1996,"Rate",0.579020732357727,0.355789043268736,0.887158787422677
1,"Deaths",1800,"Barnstable County",25001,510,"Pneumoconiosis",1,"Male",27,"Age-standardized",1997,"Rate",0.607770558673749,0.375775863184316,0.921183495153732
1,"Deaths",1800,"Barnstable County",25001,510,"Pneumoconiosis",1,"Male",27,"Age-standardized",1998,"Rate",0.624868445903816,0.394520403071905,0.93369906034177
1,"Deaths",1800,"Barnstable County",25001,510,"Pneumoconiosis",1,"Male",27,"Age-standardized",1999,"Rate",0.665270321860297,0.416573500778198,0.999316574551001
1,"Deaths",1800,"Barnstable County",25001,510,"Pneumoconiosis",1,"Male",27,"Age-standardized",2000,"Rate",0.651376979298885,0.411499763309953,0.988544122838137
1,"Deaths",1800,"Barnstable County",25001,510,"Pneumoconiosis",1,"Male",27,"Age-standardized",2001,"Rate",0.693545268912202,0.437007139466076,1.0499462763268
1,"Deaths",1800,"Barnstable County",25001,510,"Pneumoconiosis",1,"Male",27,"Age-standardized",2002,"Rate",0.691016298702475,0.425253471034736,1.04770363711711
1,"Deaths",1800,"Barnstable County",25001,510,"Pneumoconiosis",1,"Male",27,"Age-standardized",2003,"Rate",0.665906479499767,0.414390537442485,1.01455603926954
1,"Deaths",1800,"Barnstable County",25001,510,"Pneumoconiosis",1,"Male",27,"Age-standardized",2004,"Rate",0.65151520475593,0.390722386349458,1.00503171888533
1,"Deaths",1800,"Barnstable County",25001,510,"Pneumoconiosis",1,"Male",27,"Age-standardized",2005,"Rate",0.643089618185725,0.397435521257871,0.969692247066359
1,"Deaths",1800,"Barnstable County",25001,510,"Pneumoconiosis",1,"Male",27,"Age-standardized",2006,"Rate",0.615292919747308,0.374972719788309,0.969554971749852
1,"Deaths",1800,"Barnstable County",25001,510,"Pneumoconiosis",1,"Male",27,"Age-standardized",2007,"Rate",0.617960444893286,0.367618250050622,0.963622653806283
1,"Deaths",1800,"Barnstable County",25001,510,"Pneumoconiosis",1,"Male",27,"Age-standardized",2008,"Rate",0.612057597239416,0.356934950743135,0.967698333248305
1,"Deaths",1800,"Barnstable County",25001,510,"Pneumoconiosis",1,"Male",27,"Age-standardized",2009,"Rate",0.606881002534239,0.349008503092184,0.974041753226328
1,"Deaths",1800,"Barnstable County",25001,510,"Pneumoconiosis",1,"Male",27,"Age-standardized",2010,"Rate",0.611818414896945,0.350673199913985,1.00420027605288
1,"Deaths",1800,"Barnstable County",25001,510,"Pneumoconiosis",1,"Male",27,"Age-standardized",2011,"Rate",0.58657520211764,0.328062615938896,0.974769478060398
1,"Deaths",1800,"Barnstable County",25001,510,"Pneumoconiosis",1,"Male",27,"Age-standardized",2012,"Rate",0.563563214559076,0.303564667582067,0.970836920935451
1,"Deaths",1800,"Barnstable County",25001,510,"Pneumoconiosis",1,"Male",27,"Age-standardized",2013,"Rate",0.55928716118835,0.293957657470655,0.95618181736951
1,"Deaths",1800,"Barnstable County",25001,510,"Pneumoconiosis",1,"Male",27,"Age-standardized",2014,"Rate",0.582719472733932,0.301829323278298,1.00594392839131
1,"Deaths",1800,"Barnstable County",25001,510,"Pneumoconiosis",2,"Female",27,"Age-standardized",1980,"Rate",0.187450436080906,0.121325409354526,0.256634010497445
1,"Deaths",1800,"Barnstable County",25001,510,"Pneumoconiosis",2,"Female",27,"Age-standardized",1981,"Rate",0.189863610498084,0.126808573141636,0.260290518905707
1,"Deaths",1800,"Barnstable County",25001,510,"Pneumoconiosis",2,"Female",27,"Age-standardized",1982,"Rate",0.190205537732457,0.125797222578475,0.259934948593331
1,"Deaths",1800,"Barnstable County",25001,510,"Pneumoconiosis",2,"Female",27,"Age-standardized",1983,"Rate",0.202492519536196,0.137930912560958,0.279654233282055
1,"Deaths",1800,"Barnstable County",25001,510,"Pneumoconiosis",2,"Female",27,"Age-standardized",1984,"Rate",0.211125595952807,0.142847113536255,0.284530419242418
1,"Deaths",1800,"Barnstable County",25001,510,"Pneumoconiosis",2,"Female",27,"Age-standardized",1985,"Rate",0.221354162556793,0.153521886688093,0.299953063997621
1,"Deaths",1800,"Barnstable County",25001,510,"Pneumoconiosis",2,"Female",27,"Age-standardized",1986,"Rate",0.229424053184043,0.157269141866963,0.308030549429753
1,"Deaths",1800,"Barnstable County",25001,510,"Pneumoconiosis",2,"Female",27,"Age-standardized",1987,"Rate",0.235863097511519,0.168807276202262,0.318648497649286
1,"Deaths",1800,"Barnstable County",25001,510,"Pneumoconiosis",2,"Female",27,"Age-standardized",1988,"Rate",0.245875207512902,0.175012727051827,0.328048291360166
1,"Deaths",1800,"Barnstable County",25001,510,"Pneumoconiosis",2,"Female",27,"Age-standardized",1989,"Rate",0.2445579039309,0.179909662697068,0.322919180664973
1,"Deaths",1800,"Barnstable County",25001,510,"Pneumoconiosis",2,"Female",27,"Age-standardized",1990,"Rate",0.241652486799031,0.17662666062282,0.318175604836569
1,"Deaths",1800,"Barnstable County",25001,510,"Pneumoconiosis",2,"Female",27,"Age-standardized",1991,"Rate",0.239483952308658,0.17464665719057,0.313956368564315
1,"Deaths",1800,"Barnstable County",25001,510,"Pneumoconiosis",2,"Female",27,"Age-standardized",1992,"Rate",0.242974229335875,0.178311817444321,0.319971926138436
1,"Deaths",1800,"Barnstable County",25001,510,"Pneumoconiosis",2,"Female",27,"Age-standardized",1993,"Rate",0.25900327944759,0.189439752184742,0.339374255782731
1,"Deaths",1800,"Barnstable County",25001,510,"Pneumoconiosis",2,"Female",27,"Age-standardized",1994,"Rate",0.263032170263044,0.195990520979929,0.351416843469138
1,"Deaths",1800,"Barnstable County",25001,510,"Pneumoconiosis",2,"Female",27,"Age-standardized",1995,"Rate",0.26814803260227,0.197758678862485,0.352855429922467
1,"Deaths",1800,"Barnstable County",25001,510,"Pneumoconiosis",2,"Female",27,"Age-standardized",1996,"Rate",0.281811450990114,0.207237959137959,0.378390397767136
1,"Deaths",1800,"Barnstable County",25001,510,"Pneumoconiosis",2,"Female",27,"Age-standardized",1997,"Rate",0.284173658383356,0.207584723062933,0.380216722993735
1,"Deaths",1800,"Barnstable County",25001,510,"Pneumoconiosis",2,"Female",27,"Age-standardized",1998,"Rate",0.302597556700606,0.223008666003562,0.403784035395531
1,"Deaths",1800,"Barnstable County",25001,510,"Pneumoconiosis",2,"Female",27,"Age-standardized",1999,"Rate",0.328806205959419,0.237034895013687,0.440074696415989
1,"Deaths",1800,"Barnstable County",25001,510,"Pneumoconiosis",2,"Female",27,"Age-standardized",2000,"Rate",0.343357838322077,0.251402266043163,0.455550029277245
1,"Deaths",1800,"Barnstable County",25001,510,"Pneumoconiosis",2,"Female",27,"Age-standardized",2001,"Rate",0.354097900159267,0.260757545142074,0.474487730882115
1,"Deaths",1800,"Barnstable County",25001,510,"Pneumoconiosis",2,"Female",27,"Age-standardized",2002,"Rate",0.355984156956815,0.258052894939676,0.486797105266765
1,"Deaths",1800,"Barnstable County",25001,510,"Pneumoconiosis",2,"Female",27,"Age-standardized",2003,"Rate",0.363656069380259,0.26485619309944,0.508827309372811
1,"Deaths",1800,"Barnstable County",25001,510,"Pneumoconiosis",2,"Female",27,"Age-standardized",2004,"Rate",0.366314248990897,0.258275614804269,0.505817532693935
1,"Deaths",1800,"Barnstable County",25001,510,"Pneumoconiosis",2,"Female",27,"Age-standardized",2005,"Rate",0.36076860898011,0.253610174675667,0.505817838909263
1,"Deaths",1800,"Barnstable County",25001,510,"Pneumoconiosis",2,"Female",27,"Age-standardized",2006,"Rate",0.368276531727183,0.258833902118416,0.51951443670559
1,"Deaths",1800,"Barnstable County",25001,510,"Pneumoconiosis",2,"Female",27,"Age-standardized",2007,"Rate",0.367425015452167,0.257873120651089,0.514409594340817
1,"Deaths",1800,"Barnstable County",25001,510,"Pneumoconiosis",2,"Female",27,"Age-standardized",2008,"Rate",0.37019563454897,0.25644580854068,0.525551432577291
1,"Deaths",1800,"Barnstable County",25001,510,"Pneumoconiosis",2,"Female",27,"Age-standardized",2009,"Rate",0.361936260761154,0.24891935744136,0.526416754848175
1,"Deaths",1800,"Barnstable County",25001,510,"Pneumoconiosis",2,"Female",27,"Age-standardized",2010,"Rate",0.354592410748997,0.241575585877534,0.509558514611523
1,"Deaths",1800,"Barnstable County",25001,510,"Pneumoconiosis",2,"Female",27,"Age-standardized",2011,"Rate",0.365884267250151,0.246924777489519,0.541094209159928
1,"Deaths",1800,"Barnstable County",25001,510,"Pneumoconiosis",2,"Female",27,"Age-standardized",2012,"Rate",0.361156050023018,0.243758006773169,0.537517420834518
1,"Deaths",1800,"Barnstable County",25001,510,"Pneumoconiosis",2,"Female",27,"Age-standardized",2013,"Rate",0.374365806398147,0.245537104801887,0.56045181657632
1,"Deaths",1800,"Barnstable County",25001,510,"Pneumoconiosis",2,"Female",27,"Age-standardized",2014,"Rate",0.362407322669094,0.235307075296628,0.551243448031815
1,"Deaths",1800,"Barnstable County",25001,510,"Pneumoconiosis",3,"Both",27,"Age-standardized",1980,"Rate",0.304261743458686,0.191097375438554,0.472808643962356
1,"Deaths",1800,"Barnstable County",25001,510,"Pneumoconiosis",3,"Both",27,"Age-standardized",1981,"Rate",0.312631730691522,0.197967663809439,0.481109987385735
1,"Deaths",1800,"Barnstable County",25001,510,"Pneumoconiosis",3,"Both",27,"Age-standardized",1982,"Rate",0.312655175776948,0.202046213293454,0.483870043040747
1,"Deaths",1800,"Barnstable County",25001,510,"Pneumoconiosis",3,"Both",27,"Age-standardized",1983,"Rate",0.321277487620772,0.219866295133555,0.477808451903012
1,"Deaths",1800,"Barnstable County",25001,510,"Pneumoconiosis",3,"Both",27,"Age-standardized",1984,"Rate",0.332265166713598,0.223824863505138,0.492796942514002
1,"Deaths",1800,"Barnstable County",25001,510,"Pneumoconiosis",3,"Both",27,"Age-standardized",1985,"Rate",0.340038203414061,0.231511628266328,0.482890680559087
1,"Deaths",1800,"Barnstable County",25001,510,"Pneumoconiosis",3,"Both",27,"Age-standardized",1986,"Rate",0.35251239477436,0.240062188955233,0.492866083599574
1,"Deaths",1800,"Barnstable County",25001,510,"Pneumoconiosis",3,"Both",27,"Age-standardized",1987,"Rate",0.363580274081948,0.253960623327809,0.516055347346569
1,"Deaths",1800,"Barnstable County",25001,510,"Pneumoconiosis",3,"Both",27,"Age-standardized",1988,"Rate",0.36831683614642,0.2643234246531,0.516378786021832
1,"Deaths",1800,"Barnstable County",25001,510,"Pneumoconiosis",3,"Both",27,"Age-standardized",1989,"Rate",0.370487591482693,0.271576610679726,0.506066427490579
1,"Deaths",1800,"Barnstable County",25001,510,"Pneumoconiosis",3,"Both",27,"Age-standardized",1990,"Rate",0.363813286034976,0.261898598675751,0.487299310411658
1,"Deaths",1800,"Barnstable County",25001,510,"Pneumoconiosis",3,"Both",27,"Age-standardized",1991,"Rate",0.365598876490517,0.266498519036053,0.502398335869197
1,"Deaths",1800,"Barnstable County",25001,510,"Pneumoconiosis",3,"Both",27,"Age-standardized",1992,"Rate",0.379485093082102,0.278437409658431,0.504362244737453
1,"Deaths",1800,"Barnstable County",25001,510,"Pneumoconiosis",3,"Both",27,"Age-standardized",1993,"Rate",0.382864629081119,0.284454911221116,0.510365161736577
1,"Deaths",1800,"Barnstable County",25001,510,"Pneumoconiosis",3,"Both",27,"Age-standardized",1994,"Rate",0.394711195780597,0.294397315955317,0.526934583375847
1,"Deaths",1800,"Barnstable County",25001,510,"Pneumoconiosis",3,"Both",27,"Age-standardized",1995,"Rate",0.410528867252576,0.305330815109963,0.552827682308447
1,"Deaths",1800,"Barnstable County",25001,510,"Pneumoconiosis",3,"Both",27,"Age-standardized",1996,"Rate",0.401846075550266,0.306654782634039,0.525943894893553
1,"Deaths",1800,"Barnstable County",25001,510,"Pneumoconiosis",3,"Both",27,"Age-standardized",1997,"Rate",0.414626599361784,0.307912495753376,0.558196034017097
1,"Deaths",1800,"Barnstable County",25001,510,"Pneumoconiosis",3,"Both",27,"Age-standardized",1998,"Rate",0.432534406726434,0.330498078999649,0.573519295953656
1,"Deaths",1800,"Barnstable County",25001,510,"Pneumoconiosis",3,"Both",27,"Age-standardized",1999,"Rate",0.465470228766719,0.351990607739776,0.619398277057712
1,"Deaths",1800,"Barnstable County",25001,510,"Pneumoconiosis",3,"Both",27,"Age-standardized",2000,"Rate",0.469009326904087,0.353856999054415,0.61383987569211
1,"Deaths",1800,"Barnstable County",25001,510,"Pneumoconiosis",3,"Both",27,"Age-standardized",2001,"Rate",0.493079566216498,0.371436456903313,0.647330059721329
1,"Deaths",1800,"Barnstable County",25001,510,"Pneumoconiosis",3,"Both",27,"Age-standardized",2002,"Rate",0.493613946247375,0.366047915959948,0.65314347969723
1,"Deaths",1800,"Barnstable County",25001,510,"Pneumoconiosis",3,"Both",27,"Age-standardized",2003,"Rate",0.488020331573451,0.362641512061267,0.661594892092469
1,"Deaths",1800,"Barnstable County",25001,510,"Pneumoconiosis",3,"Both",27,"Age-standardized",2004,"Rate",0.484688593311253,0.356025596214814,0.650600670925667
1,"Deaths",1800,"Barnstable County",25001,510,"Pneumoconiosis",3,"Both",27,"Age-standardized",2005,"Rate",0.477517089823489,0.355883271849088,0.637746690878617
1,"Deaths",1800,"Barnstable County",25001,510,"Pneumoconiosis",3,"Both",27,"Age-standardized",2006,"Rate",0.470702180413994,0.345548835167287,0.632820683441684
1,"Deaths",1800,"Barnstable County",25001,510,"Pneumoconiosis",3,"Both",27,"Age-standardized",2007,"Rate",0.471685486383975,0.33831073480874,0.641184303905797
1,"Deaths",1800,"Barnstable County",25001,510,"Pneumoconiosis",3,"Both",27,"Age-standardized",2008,"Rate",0.470754678092601,0.340172982462002,0.637040130260648
1,"Deaths",1800,"Barnstable County",25001,510,"Pneumoconiosis",3,"Both",27,"Age-standardized",2009,"Rate",0.464086772794451,0.327454142126576,0.648783564530923
1,"Deaths",1800,"Barnstable County",25001,510,"Pneumoconiosis",3,"Both",27,"Age-standardized",2010,"Rate",0.461757880798076,0.325776222169349,0.643465713603902
1,"Deaths",1800,"Barnstable County",25001,510,"Pneumoconiosis",3,"Both",27,"Age-standardized",2011,"Rate",0.457472347936556,0.314249043155914,0.648775218554468
1,"Deaths",1800,"Barnstable County",25001,510,"Pneumoconiosis",3,"Both",27,"Age-standardized",2012,"Rate",0.44586175849492,0.3103135531754,0.633929849790946
1,"Deaths",1800,"Barnstable County",25001,510,"Pneumoconiosis",3,"Both",27,"Age-standardized",2013,"Rate",0.45209101847085,0.306672972138225,0.640848572966276
1,"Deaths",1800,"Barnstable County",25001,510,"Pneumoconiosis",3,"Both",27,"Age-standardized",2014,"Rate",0.454284736211743,0.306015752141671,0.668353070983112
1,"Deaths",1790,"Berkshire County",25003,510,"Pneumoconiosis",1,"Male",27,"Age-standardized",1980,"Rate",0.29832665091787,0.139612646782906,0.545765281988094
1,"Deaths",1790,"Berkshire County",25003,510,"Pneumoconiosis",1,"Male",27,"Age-standardized",1981,"Rate",0.301080211213707,0.140309999488423,0.545792795903773
1,"Deaths",1790,"Berkshire County",25003,510,"Pneumoconiosis",1,"Male",27,"Age-standardized",1982,"Rate",0.296664601073959,0.140468343669617,0.529373047262608
1,"Deaths",1790,"Berkshire County",25003,510,"Pneumoconiosis",1,"Male",27,"Age-standardized",1983,"Rate",0.312210903927526,0.145782639998596,0.566253234544525
1,"Deaths",1790,"Berkshire County",25003,510,"Pneumoconiosis",1,"Male",27,"Age-standardized",1984,"Rate",0.306800069352112,0.147411993424497,0.558460683698938
1,"Deaths",1790,"Berkshire County",25003,510,"Pneumoconiosis",1,"Male",27,"Age-standardized",1985,"Rate",0.317547491169792,0.152779118952158,0.579246753188033
1,"Deaths",1790,"Berkshire County",25003,510,"Pneumoconiosis",1,"Male",27,"Age-standardized",1986,"Rate",0.325981619402094,0.161135860136638,0.584000530309906
1,"Deaths",1790,"Berkshire County",25003,510,"Pneumoconiosis",1,"Male",27,"Age-standardized",1987,"Rate",0.330025076256439,0.159467681170122,0.571465116917035
1,"Deaths",1790,"Berkshire County",25003,510,"Pneumoconiosis",1,"Male",27,"Age-standardized",1988,"Rate",0.32893950144397,0.160141890305788,0.575084566238946
1,"Deaths",1790,"Berkshire County",25003,510,"Pneumoconiosis",1,"Male",27,"Age-standardized",1989,"Rate",0.341463040757635,0.169137152814267,0.598932846380094
1,"Deaths",1790,"Berkshire County",25003,510,"Pneumoconiosis",1,"Male",27,"Age-standardized",1990,"Rate",0.330467498303284,0.162127996561428,0.57241655143782
1,"Deaths",1790,"Berkshire County",25003,510,"Pneumoconiosis",1,"Male",27,"Age-standardized",1991,"Rate",0.331116685931285,0.162545668502597,0.577455783504674
1,"Deaths",1790,"Berkshire County",25003,510,"Pneumoconiosis",1,"Male",27,"Age-standardized",1992,"Rate",0.339194974192786,0.167577237320107,0.583362381476912
1,"Deaths",1790,"Berkshire County",25003,510,"Pneumoconiosis",1,"Male",27,"Age-standardized",1993,"Rate",0.348450066332334,0.171085333096762,0.596435444241927
1,"Deaths",1790,"Berkshire County",25003,510,"Pneumoconiosis",1,"Male",27,"Age-standardized",1994,"Rate",0.346203510295669,0.171951568281653,0.603139039009016
1,"Deaths",1790,"Berkshire County",25003,510,"Pneumoconiosis",1,"Male",27,"Age-standardized",1995,"Rate",0.355325159585995,0.175640672737516,0.598873477401534
1,"Deaths",1790,"Berkshire County",25003,510,"Pneumoconiosis",1,"Male",27,"Age-standardized",1996,"Rate",0.356837175507068,0.184432187391158,0.607195662130257
1,"Deaths",1790,"Berkshire County",25003,510,"Pneumoconiosis",1,"Male",27,"Age-standardized",1997,"Rate",0.367020735851406,0.179358951337406,0.623601560806948
1,"Deaths",1790,"Berkshire County",25003,510,"Pneumoconiosis",1,"Male",27,"Age-standardized",1998,"Rate",0.379755546971717,0.189049147304903,0.675192968644118
1,"Deaths",1790,"Berkshire County",25003,510,"Pneumoconiosis",1,"Male",27,"Age-standardized",1999,"Rate",0.410133028500413,0.202513937391829,0.727006048875033
1,"Deaths",1790,"Berkshire County",25003,510,"Pneumoconiosis",1,"Male",27,"Age-standardized",2000,"Rate",0.400214743748068,0.199290489420771,0.703213525335582
1,"Deaths",1790,"Berkshire County",25003,510,"Pneumoconiosis",1,"Male",27,"Age-standardized",2001,"Rate",0.409509432048629,0.203306167467781,0.722152232978471
1,"Deaths",1790,"Berkshire County",25003,510,"Pneumoconiosis",1,"Male",27,"Age-standardized",2002,"Rate",0.400854891966173,0.199536532215644,0.712254958377809
1,"Deaths",1790,"Berkshire County",25003,510,"Pneumoconiosis",1,"Male",27,"Age-standardized",2003,"Rate",0.404796957703871,0.194302863544681,0.701349725561028
1,"Deaths",1790,"Berkshire County",25003,510,"Pneumoconiosis",1,"Male",27,"Age-standardized",2004,"Rate",0.391819450504874,0.181818282563395,0.683286946715317
1,"Deaths",1790,"Berkshire County",25003,510,"Pneumoconiosis",1,"Male",27,"Age-standardized",2005,"Rate",0.377537139801176,0.184713731486016,0.682527134155461
1,"Deaths",1790,"Berkshire County",25003,510,"Pneumoconiosis",1,"Male",27,"Age-standardized",2006,"Rate",0.36602122382896,0.174584846783888,0.670024113165762
1,"Deaths",1790,"Berkshire County",25003,510,"Pneumoconiosis",1,"Male",27,"Age-standardized",2007,"Rate",0.356782557009463,0.174008841561825,0.634061315478647
1,"Deaths",1790,"Berkshire County",25003,510,"Pneumoconiosis",1,"Male",27,"Age-standardized",2008,"Rate",0.357838214205303,0.169985354187927,0.650766485963563
1,"Deaths",1790,"Berkshire County",25003,510,"Pneumoconiosis",1,"Male",27,"Age-standardized",2009,"Rate",0.348100779030651,0.155817680395515,0.645498008347465
1,"Deaths",1790,"Berkshire County",25003,510,"Pneumoconiosis",1,"Male",27,"Age-standardized",2010,"Rate",0.340565016250046,0.149672342806123,0.640404791990218
1,"Deaths",1790,"Berkshire County",25003,510,"Pneumoconiosis",1,"Male",27,"Age-standardized",2011,"Rate",0.345950469248124,0.154467311151285,0.651667552441533
1,"Deaths",1790,"Berkshire County",25003,510,"Pneumoconiosis",1,"Male",27,"Age-standardized",2012,"Rate",0.326311403527301,0.146800579339504,0.636789935835776
1,"Deaths",1790,"Berkshire County",25003,510,"Pneumoconiosis",1,"Male",27,"Age-standardized",2013,"Rate",0.328229582432435,0.146097199107254,0.64410520084554
1,"Deaths",1790,"Berkshire County",25003,510,"Pneumoconiosis",1,"Male",27,"Age-standardized",2014,"Rate",0.344275390118481,0.155009953160929,0.719649298822931
1,"Deaths",1790,"Berkshire County",25003,510,"Pneumoconiosis",2,"Female",27,"Age-standardized",1980,"Rate",0.215495495905676,0.153807880562619,0.277270110712163
1,"Deaths",1790,"Berkshire County",25003,510,"Pneumoconiosis",2,"Female",27,"Age-standardized",1981,"Rate",0.217834422324836,0.161383301930686,0.277374314276636
1,"Deaths",1790,"Berkshire County",25003,510,"Pneumoconiosis",2,"Female",27,"Age-standardized",1982,"Rate",0.220336573185688,0.167061233563152,0.27720015290644
1,"Deaths",1790,"Berkshire County",25003,510,"Pneumoconiosis",2,"Female",27,"Age-standardized",1983,"Rate",0.23361194595834,0.172727455116915,0.296559566966581
1,"Deaths",1790,"Berkshire County",25003,510,"Pneumoconiosis",2,"Female",27,"Age-standardized",1984,"Rate",0.244675631694476,0.184639627902157,0.305299442396226
1,"Deaths",1790,"Berkshire County",25003,510,"Pneumoconiosis",2,"Female",27,"Age-standardized",1985,"Rate",0.250689759508196,0.188242128197716,0.312180292400502
1,"Deaths",1790,"Berkshire County",25003,510,"Pneumoconiosis",2,"Female",27,"Age-standardized",1986,"Rate",0.255772193539586,0.198142359085512,0.319360122834423
1,"Deaths",1790,"Berkshire County",25003,510,"Pneumoconiosis",2,"Female",27,"Age-standardized",1987,"Rate",0.264495945538943,0.203677627506163,0.332985972047805
1,"Deaths",1790,"Berkshire County",25003,510,"Pneumoconiosis",2,"Female",27,"Age-standardized",1988,"Rate",0.263314896724831,0.202093030848472,0.33030917996822
1,"Deaths",1790,"Berkshire County",25003,510,"Pneumoconiosis",2,"Female",27,"Age-standardized",1989,"Rate",0.258773018483955,0.19830773890638,0.326009245168595
1,"Deaths",1790,"Berkshire County",25003,510,"Pneumoconiosis",2,"Female",27,"Age-standardized",1990,"Rate",0.256535043693738,0.199346954610161,0.320898127339143
1,"Deaths",1790,"Berkshire County",25003,510,"Pneumoconiosis",2,"Female",27,"Age-standardized",1991,"Rate",0.256198239386366,0.201783719217107,0.316528112879562
1,"Deaths",1790,"Berkshire County",25003,510,"Pneumoconiosis",2,"Female",27,"Age-standardized",1992,"Rate",0.259752289826705,0.205102866486015,0.327099114566574
1,"Deaths",1790,"Berkshire County",25003,510,"Pneumoconiosis",2,"Female",27,"Age-standardized",1993,"Rate",0.272279178341817,0.213139446084711,0.33972381580315
1,"Deaths",1790,"Berkshire County",25003,510,"Pneumoconiosis",2,"Female",27,"Age-standardized",1994,"Rate",0.281908994987131,0.218802282714373,0.351142773770646
1,"Deaths",1790,"Berkshire County",25003,510,"Pneumoconiosis",2,"Female",27,"Age-standardized",1995,"Rate",0.289217284103395,0.225585456795788,0.365409967767369
1,"Deaths",1790,"Berkshire County",25003,510,"Pneumoconiosis",2,"Female",27,"Age-standardized",1996,"Rate",0.299725428671528,0.231332915002122,0.37495449432575
1,"Deaths",1790,"Berkshire County",25003,510,"Pneumoconiosis",2,"Female",27,"Age-standardized",1997,"Rate",0.302574107591256,0.233529223865804,0.394374993679154
1,"Deaths",1790,"Berkshire County",25003,510,"Pneumoconiosis",2,"Female",27,"Age-standardized",1998,"Rate",0.308574751556485,0.2398081280399,0.392517653948088
1,"Deaths",1790,"Berkshire County",25003,510,"Pneumoconiosis",2,"Female",27,"Age-standardized",1999,"Rate",0.3240405417344,0.246751139582026,0.417442716848284
1,"Deaths",1790,"Berkshire County",25003,510,"Pneumoconiosis",2,"Female",27,"Age-standardized",2000,"Rate",0.346180107940813,0.261066161847302,0.446670369722296
1,"Deaths",1790,"Berkshire County",25003,510,"Pneumoconiosis",2,"Female",27,"Age-standardized",2001,"Rate",0.361660700546185,0.269194296449435,0.470237230208344
1,"Deaths",1790,"Berkshire County",25003,510,"Pneumoconiosis",2,"Female",27,"Age-standardized",2002,"Rate",0.374310527773324,0.2815549684365,0.486951890319711
1,"Deaths",1790,"Berkshire County",25003,510,"Pneumoconiosis",2,"Female",27,"Age-standardized",2003,"Rate",0.376289729544631,0.281918725086195,0.498940383298545
1,"Deaths",1790,"Berkshire County",25003,510,"Pneumoconiosis",2,"Female",27,"Age-standardized",2004,"Rate",0.364272658345358,0.269019307968241,0.473946052346481
1,"Deaths",1790,"Berkshire County",25003,510,"Pneumoconiosis",2,"Female",27,"Age-standardized",2005,"Rate",0.376746786722716,0.274976021102465,0.500080373973193
1,"Deaths",1790,"Berkshire County",25003,510,"Pneumoconiosis",2,"Female",27,"Age-standardized",2006,"Rate",0.368913553349442,0.272765255362842,0.501181262225468
1,"Deaths",1790,"Berkshire County",25003,510,"Pneumoconiosis",2,"Female",27,"Age-standardized",2007,"Rate",0.370504146764618,0.268372851313976,0.50726079433628
1,"Deaths",1790,"Berkshire County",25003,510,"Pneumoconiosis",2,"Female",27,"Age-standardized",2008,"Rate",0.3571801154711,0.260210255937405,0.487740902664448
1,"Deaths",1790,"Berkshire County",25003,510,"Pneumoconiosis",2,"Female",27,"Age-standardized",2009,"Rate",0.355765928505339,0.260199253323808,0.501420262152278
1,"Deaths",1790,"Berkshire County",25003,510,"Pneumoconiosis",2,"Female",27,"Age-standardized",2010,"Rate",0.351035743992815,0.249386899605165,0.495031925569178
1,"Deaths",1790,"Berkshire County",25003,510,"Pneumoconiosis",2,"Female",27,"Age-standardized",2011,"Rate",0.361966075672964,0.258295551765505,0.497809373512205
1,"Deaths",1790,"Berkshire County",25003,510,"Pneumoconiosis",2,"Female",27,"Age-standardized",2012,"Rate",0.35722540501671,0.250125497734004,0.509566065796801
1,"Deaths",1790,"Berkshire County",25003,510,"Pneumoconiosis",2,"Female",27,"Age-standardized",2013,"Rate",0.36705968767153,0.254704106070971,0.51315809903799
1,"Deaths",1790,"Berkshire County",25003,510,"Pneumoconiosis",2,"Female",27,"Age-standardized",2014,"Rate",0.36392175308024,0.251385929229662,0.515191465179352
1,"Deaths",1790,"Berkshire County",25003,510,"Pneumoconiosis",3,"Both",27,"Age-standardized",1980,"Rate",0.252468504563558,0.178064657175744,0.356136673127318
1,"Deaths",1790,"Berkshire County",25003,510,"Pneumoconiosis",3,"Both",27,"Age-standardized",1981,"Rate",0.254999511019411,0.180759625046845,0.353219883140762
1,"Deaths",1790,"Berkshire County",25003,510,"Pneumoconiosis",3,"Both",27,"Age-standardized",1982,"Rate",0.255166988160045,0.182826955912581,0.356354408662204
1,"Deaths",1790,"Berkshire County",25003,510,"Pneumoconiosis",3,"Both",27,"Age-standardized",1983,"Rate",0.269623830178652,0.191361041792526,0.365877554267624
1,"Deaths",1790,"Berkshire County",25003,510,"Pneumoconiosis",3,"Both",27,"Age-standardized",1984,"Rate",0.275028982269076,0.199496839463324,0.369142256298398
1,"Deaths",1790,"Berkshire County",25003,510,"Pneumoconiosis",3,"Both",27,"Age-standardized",1985,"Rate",0.282895708876406,0.199901390273888,0.382071112910617
1,"Deaths",1790,"Berkshire County",25003,510,"Pneumoconiosis",3,"Both",27,"Age-standardized",1986,"Rate",0.289063664021369,0.210932152325646,0.387070042864086
1,"Deaths",1790,"Berkshire County",25003,510,"Pneumoconiosis",3,"Both",27,"Age-standardized",1987,"Rate",0.296314941851681,0.21892351126554,0.393879179030018
1,"Deaths",1790,"Berkshire County",25003,510,"Pneumoconiosis",3,"Both",27,"Age-standardized",1988,"Rate",0.294924025422845,0.219257304095394,0.394068071323189
1,"Deaths",1790,"Berkshire County",25003,510,"Pneumoconiosis",3,"Both",27,"Age-standardized",1989,"Rate",0.295587724267092,0.221627213374496,0.389500852111116
1,"Deaths",1790,"Berkshire County",25003,510,"Pneumoconiosis",3,"Both",27,"Age-standardized",1990,"Rate",0.290131748635621,0.213082436419045,0.384838681924053
1,"Deaths",1790,"Berkshire County",25003,510,"Pneumoconiosis",3,"Both",27,"Age-standardized",1991,"Rate",0.289592892298281,0.217007718335251,0.38209336539771
1,"Deaths",1790,"Berkshire County",25003,510,"Pneumoconiosis",3,"Both",27,"Age-standardized",1992,"Rate",0.294392249493656,0.220088808310864,0.388843324216547
1,"Deaths",1790,"Berkshire County",25003,510,"Pneumoconiosis",3,"Both",27,"Age-standardized",1993,"Rate",0.306088444968744,0.228303782547368,0.397259983578641
1,"Deaths",1790,"Berkshire County",25003,510,"Pneumoconiosis",3,"Both",27,"Age-standardized",1994,"Rate",0.311498021932539,0.236277419340926,0.409069620780143
1,"Deaths",1790,"Berkshire County",25003,510,"Pneumoconiosis",3,"Both",27,"Age-standardized",1995,"Rate",0.319556748613025,0.237617205689652,0.422134191201042
1,"Deaths",1790,"Berkshire County",25003,510,"Pneumoconiosis",3,"Both",27,"Age-standardized",1996,"Rate",0.326464921724711,0.244303605608663,0.427103103560402
1,"Deaths",1790,"Berkshire County",25003,510,"Pneumoconiosis",3,"Both",27,"Age-standardized",1997,"Rate",0.331866829749287,0.245241631341273,0.43975212269857
1,"Deaths",1790,"Berkshire County",25003,510,"Pneumoconiosis",3,"Both",27,"Age-standardized",1998,"Rate",0.339733784991773,0.2475788539479,0.458888054500568
1,"Deaths",1790,"Berkshire County",25003,510,"Pneumoconiosis",3,"Both",27,"Age-standardized",1999,"Rate",0.360388351142894,0.260381874281487,0.484439173730303
1,"Deaths",1790,"Berkshire County",25003,510,"Pneumoconiosis",3,"Both",27,"Age-standardized",2000,"Rate",0.371004118425632,0.274221114392162,0.504098347636646
1,"Deaths",1790,"Berkshire County",25003,510,"Pneumoconiosis",3,"Both",27,"Age-standardized",2001,"Rate",0.384415559890305,0.28442434715426,0.517462042415186
1,"Deaths",1790,"Berkshire County",25003,510,"Pneumoconiosis",3,"Both",27,"Age-standardized",2002,"Rate",0.389104658951776,0.282837708060218,0.527906558780649
1,"Deaths",1790,"Berkshire County",25003,510,"Pneumoconiosis",3,"Both",27,"Age-standardized",2003,"Rate",0.391737130381095,0.28708549111883,0.525772598014695
1,"Deaths",1790,"Berkshire County",25003,510,"Pneumoconiosis",3,"Both",27,"Age-standardized",2004,"Rate",0.378908964103491,0.273746586355631,0.521939163863918
1,"Deaths",1790,"Berkshire County",25003,510,"Pneumoconiosis",3,"Both",27,"Age-standardized",2005,"Rate",0.381857496877711,0.27455492734859,0.52177460198376
1,"Deaths",1790,"Berkshire County",25003,510,"Pneumoconiosis",3,"Both",27,"Age-standardized",2006,"Rate",0.37157589093882,0.270132235241374,0.504909973161996
1,"Deaths",1790,"Berkshire County",25003,510,"Pneumoconiosis",3,"Both",27,"Age-standardized",2007,"Rate",0.368863049302063,0.266086131713248,0.514574771006768
1,"Deaths",1790,"Berkshire County",25003,510,"Pneumoconiosis",3,"Both",27,"Age-standardized",2008,"Rate",0.360678354136052,0.258620813043462,0.504711604112308
1,"Deaths",1790,"Berkshire County",25003,510,"Pneumoconiosis",3,"Both",27,"Age-standardized",2009,"Rate",0.355915647673878,0.256592363372981,0.507417114302963
1,"Deaths",1790,"Berkshire County",25003,510,"Pneumoconiosis",3,"Both",27,"Age-standardized",2010,"Rate",0.350017574817937,0.240992606037889,0.491427512239137
1,"Deaths",1790,"Berkshire County",25003,510,"Pneumoconiosis",3,"Both",27,"Age-standardized",2011,"Rate",0.358633058674092,0.249510716782652,0.527599315571096
1,"Deaths",1790,"Berkshire County",25003,510,"Pneumoconiosis",3,"Both",27,"Age-standardized",2012,"Rate",0.347542863100889,0.243477274624688,0.5038911725833
1,"Deaths",1790,"Berkshire County",25003,510,"Pneumoconiosis",3,"Both",27,"Age-standardized",2013,"Rate",0.353980924580167,0.245730046622367,0.52205735907451
1,"Deaths",1790,"Berkshire County",25003,510,"Pneumoconiosis",3,"Both",27,"Age-standardized",2014,"Rate",0.358312022178649,0.247385753879664,0.534683724389908
1,"Deaths",1799,"Bristol County",25005,510,"Pneumoconiosis",1,"Male",27,"Age-standardized",1980,"Rate",0.351872634808078,0.189046046095443,0.60842163719728
1,"Deaths",1799,"Bristol County",25005,510,"Pneumoconiosis",1,"Male",27,"Age-standardized",1981,"Rate",0.343011693971757,0.188680978986144,0.570336183172436
1,"Deaths",1799,"Bristol County",25005,510,"Pneumoconiosis",1,"Male",27,"Age-standardized",1982,"Rate",0.359000020148057,0.197810933509824,0.600934854604196
1,"Deaths",1799,"Bristol County",25005,510,"Pneumoconiosis",1,"Male",27,"Age-standardized",1983,"Rate",0.37890354568003,0.213969072762072,0.639707632179115
1,"Deaths",1799,"Bristol County",25005,510,"Pneumoconiosis",1,"Male",27,"Age-standardized",1984,"Rate",0.374421483912731,0.220238514193752,0.613127325121885
1,"Deaths",1799,"Bristol County",25005,510,"Pneumoconiosis",1,"Male",27,"Age-standardized",1985,"Rate",0.383993415330029,0.225175426278653,0.614595850792281
1,"Deaths",1799,"Bristol County",25005,510,"Pneumoconiosis",1,"Male",27,"Age-standardized",1986,"Rate",0.375935565850702,0.219327383581733,0.602996272337279
1,"Deaths",1799,"Bristol County",25005,510,"Pneumoconiosis",1,"Male",27,"Age-standardized",1987,"Rate",0.388776387244583,0.233946380695913,0.607752849048217
1,"Deaths",1799,"Bristol County",25005,510,"Pneumoconiosis",1,"Male",27,"Age-standardized",1988,"Rate",0.398235462365682,0.242969399638297,0.631042355874014
1,"Deaths",1799,"Bristol County",25005,510,"Pneumoconiosis",1,"Male",27,"Age-standardized",1989,"Rate",0.40773185768796,0.245401416100738,0.640600556397783
1,"Deaths",1799,"Bristol County",25005,510,"Pneumoconiosis",1,"Male",27,"Age-standardized",1990,"Rate",0.394436615736762,0.244123996985816,0.611378522044072
1,"Deaths",1799,"Bristol County",25005,510,"Pneumoconiosis",1,"Male",27,"Age-standardized",1991,"Rate",0.397896027263146,0.25292019372206,0.601215921156749
1,"Deaths",1799,"Bristol County",25005,510,"Pneumoconiosis",1,"Male",27,"Age-standardized",1992,"Rate",0.41654926823089,0.258948312400973,0.633144992290594
1,"Deaths",1799,"Bristol County",25005,510,"Pneumoconiosis",1,"Male",27,"Age-standardized",1993,"Rate",0.431795418401461,0.272643112780108,0.648973283749976
1,"Deaths",1799,"Bristol County",25005,510,"Pneumoconiosis",1,"Male",27,"Age-standardized",1994,"Rate",0.426531690936747,0.270553997672758,0.63833676972517
1,"Deaths",1799,"Bristol County",25005,510,"Pneumoconiosis",1,"Male",27,"Age-standardized",1995,"Rate",0.445492512489623,0.286016892484058,0.663821898304482
1,"Deaths",1799,"Bristol County",25005,510,"Pneumoconiosis",1,"Male",27,"Age-standardized",1996,"Rate",0.470923691522172,0.314089211576864,0.69241625730179
1,"Deaths",1799,"Bristol County",25005,510,"Pneumoconiosis",1,"Male",27,"Age-standardized",1997,"Rate",0.446257502524271,0.28666951659686,0.669517953694805
1,"Deaths",1799,"Bristol County",25005,510,"Pneumoconiosis",1,"Male",27,"Age-standardized",1998,"Rate",0.460731452635937,0.294633928315559,0.679746385506409
1,"Deaths",1799,"Bristol County",25005,510,"Pneumoconiosis",1,"Male",27,"Age-standardized",1999,"Rate",0.489295388283503,0.312879079107501,0.729461581898819
1,"Deaths",1799,"Bristol County",25005,510,"Pneumoconiosis",1,"Male",27,"Age-standardized",2000,"Rate",0.540736861216238,0.346822882026045,0.819734255724831
1,"Deaths",1799,"Bristol County",25005,510,"Pneumoconiosis",1,"Male",27,"Age-standardized",2001,"Rate",0.502515072443652,0.32800700757122,0.7582037514534
1,"Deaths",1799,"Bristol County",25005,510,"Pneumoconiosis",1,"Male",27,"Age-standardized",2002,"Rate",0.527502198267601,0.338959131150328,0.800653398250816
1,"Deaths",1799,"Bristol County",25005,510,"Pneumoconiosis",1,"Male",27,"Age-standardized",2003,"Rate",0.515236545013153,0.319456986589078,0.790500822208256
1,"Deaths",1799,"Bristol County",25005,510,"Pneumoconiosis",1,"Male",27,"Age-standardized",2004,"Rate",0.49421825454901,0.311752198261277,0.747753632992708
1,"Deaths",1799,"Bristol County",25005,510,"Pneumoconiosis",1,"Male",27,"Age-standardized",2005,"Rate",0.480346603510026,0.29949038031979,0.737859198597573
1,"Deaths",1799,"Bristol County",25005,510,"Pneumoconiosis",1,"Male",27,"Age-standardized",2006,"Rate",0.465524402260607,0.288427620671226,0.712834734830885
1,"Deaths",1799,"Bristol County",25005,510,"Pneumoconiosis",1,"Male",27,"Age-standardized",2007,"Rate",0.453329602246179,0.268960783013708,0.698292711347216
1,"Deaths",1799,"Bristol County",25005,510,"Pneumoconiosis",1,"Male",27,"Age-standardized",2008,"Rate",0.477576868315785,0.298874951069475,0.720860521601893
1,"Deaths",1799,"Bristol County",25005,510,"Pneumoconiosis",1,"Male",27,"Age-standardized",2009,"Rate",0.458129562572702,0.270069030761962,0.708042886308292
1,"Deaths",1799,"Bristol County",25005,510,"Pneumoconiosis",1,"Male",27,"Age-standardized",2010,"Rate",0.442891567871678,0.261197924628975,0.674932282082961
1,"Deaths",1799,"Bristol County",25005,510,"Pneumoconiosis",1,"Male",27,"Age-standardized",2011,"Rate",0.452084744119964,0.26417046864446,0.727226991564781
1,"Deaths",1799,"Bristol County",25005,510,"Pneumoconiosis",1,"Male",27,"Age-standardized",2012,"Rate",0.418575031680584,0.234218785136685,0.675658887673186
1,"Deaths",1799,"Bristol County",25005,510,"Pneumoconiosis",1,"Male",27,"Age-standardized",2013,"Rate",0.430287845270116,0.240772601190241,0.707031783159054
1,"Deaths",1799,"Bristol County",25005,510,"Pneumoconiosis",1,"Male",27,"Age-standardized",2014,"Rate",0.440433801139553,0.238352465262276,0.719641421865551
1,"Deaths",1799,"Bristol County",25005,510,"Pneumoconiosis",2,"Female",27,"Age-standardized",1980,"Rate",0.229815567570666,0.157866165839502,0.29066709435151
1,"Deaths",1799,"Bristol County",25005,510,"Pneumoconiosis",2,"Female",27,"Age-standardized",1981,"Rate",0.233449405445046,0.166366167665774,0.297739932636963
1,"Deaths",1799,"Bristol County",25005,510,"Pneumoconiosis",2,"Female",27,"Age-standardized",1982,"Rate",0.235293737946354,0.166767029231944,0.29336839404065
1,"Deaths",1799,"Bristol County",25005,510,"Pneumoconiosis",2,"Female",27,"Age-standardized",1983,"Rate",0.245701630438412,0.179971392595831,0.309621620349773
1,"Deaths",1799,"Bristol County",25005,510,"Pneumoconiosis",2,"Female",27,"Age-standardized",1984,"Rate",0.254756154398165,0.183795549786193,0.315824693567817
1,"Deaths",1799,"Bristol County",25005,510,"Pneumoconiosis",2,"Female",27,"Age-standardized",1985,"Rate",0.264129069087124,0.198004059230552,0.325769987008637
1,"Deaths",1799,"Bristol County",25005,510,"Pneumoconiosis",2,"Female",27,"Age-standardized",1986,"Rate",0.264079323911972,0.198508242616423,0.323838413488758
1,"Deaths",1799,"Bristol County",25005,510,"Pneumoconiosis",2,"Female",27,"Age-standardized",1987,"Rate",0.26936616686464,0.204760481480599,0.334370249170426
1,"Deaths",1799,"Bristol County",25005,510,"Pneumoconiosis",2,"Female",27,"Age-standardized",1988,"Rate",0.276771280203372,0.213422550880678,0.338521952635675
1,"Deaths",1799,"Bristol County",25005,510,"Pneumoconiosis",2,"Female",27,"Age-standardized",1989,"Rate",0.264894487793088,0.205445929377701,0.324842250005153
1,"Deaths",1799,"Bristol County",25005,510,"Pneumoconiosis",2,"Female",27,"Age-standardized",1990,"Rate",0.260415044108951,0.204642388433121,0.318033216433809
1,"Deaths",1799,"Bristol County",25005,510,"Pneumoconiosis",2,"Female",27,"Age-standardized",1991,"Rate",0.268690150197919,0.212098447867985,0.3295799572348
1,"Deaths",1799,"Bristol County",25005,510,"Pneumoconiosis",2,"Female",27,"Age-standardized",1992,"Rate",0.271916093018235,0.216881363429094,0.333173392015361
1,"Deaths",1799,"Bristol County",25005,510,"Pneumoconiosis",2,"Female",27,"Age-standardized",1993,"Rate",0.28728856592968,0.227690014194992,0.349408320005694
1,"Deaths",1799,"Bristol County",25005,510,"Pneumoconiosis",2,"Female",27,"Age-standardized",1994,"Rate",0.289293523959612,0.228393788608891,0.355533290506551
1,"Deaths",1799,"Bristol County",25005,510,"Pneumoconiosis",2,"Female",27,"Age-standardized",1995,"Rate",0.293976894804931,0.236100176900388,0.362381478482157
1,"Deaths",1799,"Bristol County",25005,510,"Pneumoconiosis",2,"Female",27,"Age-standardized",1996,"Rate",0.295906191988437,0.236421739736582,0.362591646205618
1,"Deaths",1799,"Bristol County",25005,510,"Pneumoconiosis",2,"Female",27,"Age-standardized",1997,"Rate",0.306334363039904,0.246954673631263,0.375975305481442
1,"Deaths",1799,"Bristol County",25005,510,"Pneumoconiosis",2,"Female",27,"Age-standardized",1998,"Rate",0.315670059750701,0.25374535063921,0.390914021158993
1,"Deaths",1799,"Bristol County",25005,510,"Pneumoconiosis",2,"Female",27,"Age-standardized",1999,"Rate",0.340501633406343,0.26784940143948,0.420946212491957
1,"Deaths",1799,"Bristol County",25005,510,"Pneumoconiosis",2,"Female",27,"Age-standardized",2000,"Rate",0.351400115408343,0.277946385680898,0.43958779299485
1,"Deaths",1799,"Bristol County",25005,510,"Pneumoconiosis",2,"Female",27,"Age-standardized",2001,"Rate",0.364481529660396,0.289394515685857,0.464112425172862
1,"Deaths",1799,"Bristol County",25005,510,"Pneumoconiosis",2,"Female",27,"Age-standardized",2002,"Rate",0.369863203540629,0.290965650306114,0.469830300427639
1,"Deaths",1799,"Bristol County",25005,510,"Pneumoconiosis",2,"Female",27,"Age-standardized",2003,"Rate",0.374161914824185,0.290986256462183,0.476607168164914
1,"Deaths",1799,"Bristol County",25005,510,"Pneumoconiosis",2,"Female",27,"Age-standardized",2004,"Rate",0.367843839522901,0.288551591222591,0.476354433621388
1,"Deaths",1799,"Bristol County",25005,510,"Pneumoconiosis",2,"Female",27,"Age-standardized",2005,"Rate",0.367921401561717,0.2889034516757,0.473279853261997
1,"Deaths",1799,"Bristol County",25005,510,"Pneumoconiosis",2,"Female",27,"Age-standardized",2006,"Rate",0.362912857902652,0.280493939287716,0.471153758137685
1,"Deaths",1799,"Bristol County",25005,510,"Pneumoconiosis",2,"Female",27,"Age-standardized",2007,"Rate",0.346147915514936,0.267184017078177,0.468105680581035
1,"Deaths",1799,"Bristol County",25005,510,"Pneumoconiosis",2,"Female",27,"Age-standardized",2008,"Rate",0.348641078288085,0.266491909601725,0.475108471571827
1,"Deaths",1799,"Bristol County",25005,510,"Pneumoconiosis",2,"Female",27,"Age-standardized",2009,"Rate",0.344987324988186,0.262327147032484,0.469034647522071
1,"Deaths",1799,"Bristol County",25005,510,"Pneumoconiosis",2,"Female",27,"Age-standardized",2010,"Rate",0.338719131991702,0.253916057017012,0.468829133356657
1,"Deaths",1799,"Bristol County",25005,510,"Pneumoconiosis",2,"Female",27,"Age-standardized",2011,"Rate",0.343463963167292,0.256501478658697,0.475843576768806
1,"Deaths",1799,"Bristol County",25005,510,"Pneumoconiosis",2,"Female",27,"Age-standardized",2012,"Rate",0.33901952025986,0.250117444020159,0.472734511625635
1,"Deaths",1799,"Bristol County",25005,510,"Pneumoconiosis",2,"Female",27,"Age-standardized",2013,"Rate",0.342761908156212,0.250296369514003,0.48244767476273
1,"Deaths",1799,"Bristol County",25005,510,"Pneumoconiosis",2,"Female",27,"Age-standardized",2014,"Rate",0.348557154252279,0.252917398170529,0.494867492882449
1,"Deaths",1799,"Bristol County",25005,510,"Pneumoconiosis",3,"Both",27,"Age-standardized",1980,"Rate",0.281351185170589,0.200662282326379,0.382841682496453
1,"Deaths",1799,"Bristol County",25005,510,"Pneumoconiosis",3,"Both",27,"Age-standardized",1981,"Rate",0.280372935186159,0.204788660718292,0.376298885141269
1,"Deaths",1799,"Bristol County",25005,510,"Pneumoconiosis",3,"Both",27,"Age-standardized",1982,"Rate",0.287491496796,0.214890323107068,0.38204477238011
1,"Deaths",1799,"Bristol County",25005,510,"Pneumoconiosis",3,"Both",27,"Age-standardized",1983,"Rate",0.301369991668072,0.223465830758512,0.402260063471937
1,"Deaths",1799,"Bristol County",25005,510,"Pneumoconiosis",3,"Both",27,"Age-standardized",1984,"Rate",0.305915732365406,0.231367227920078,0.402549270494488
1,"Deaths",1799,"Bristol County",25005,510,"Pneumoconiosis",3,"Both",27,"Age-standardized",1985,"Rate",0.315405639809063,0.239529195316606,0.412441800908596
1,"Deaths",1799,"Bristol County",25005,510,"Pneumoconiosis",3,"Both",27,"Age-standardized",1986,"Rate",0.31222553156864,0.240258482490259,0.400633801810422
1,"Deaths",1799,"Bristol County",25005,510,"Pneumoconiosis",3,"Both",27,"Age-standardized",1987,"Rate",0.320247028253227,0.247639897646907,0.408056871234231
1,"Deaths",1799,"Bristol County",25005,510,"Pneumoconiosis",3,"Both",27,"Age-standardized",1988,"Rate",0.32807020177119,0.252435701663514,0.421009806963845
1,"Deaths",1799,"Bristol County",25005,510,"Pneumoconiosis",3,"Both",27,"Age-standardized",1989,"Rate",0.323070258161436,0.251981628171605,0.416808730739031
1,"Deaths",1799,"Bristol County",25005,510,"Pneumoconiosis",3,"Both",27,"Age-standardized",1990,"Rate",0.315108214927224,0.247385828518413,0.398324804917896
1,"Deaths",1799,"Bristol County",25005,510,"Pneumoconiosis",3,"Both",27,"Age-standardized",1991,"Rate",0.321565344214553,0.253383095229942,0.402789329692751
1,"Deaths",1799,"Bristol County",25005,510,"Pneumoconiosis",3,"Both",27,"Age-standardized",1992,"Rate",0.329885217991855,0.260254925304385,0.412965145037581
1,"Deaths",1799,"Bristol County",25005,510,"Pneumoconiosis",3,"Both",27,"Age-standardized",1993,"Rate",0.345693665492024,0.272620191534939,0.437965829126349
1,"Deaths",1799,"Bristol County",25005,510,"Pneumoconiosis",3,"Both",27,"Age-standardized",1994,"Rate",0.344982370703101,0.279088920034019,0.433350226969297
1,"Deaths",1799,"Bristol County",25005,510,"Pneumoconiosis",3,"Both",27,"Age-standardized",1995,"Rate",0.354852619409321,0.28574583613831,0.447005218257518
1,"Deaths",1799,"Bristol County",25005,510,"Pneumoconiosis",3,"Both",27,"Age-standardized",1996,"Rate",0.364676893774806,0.292038350476636,0.456083650291628
1,"Deaths",1799,"Bristol County",25005,510,"Pneumoconiosis",3,"Both",27,"Age-standardized",1997,"Rate",0.362577800883042,0.29066523445967,0.4519923047942
1,"Deaths",1799,"Bristol County",25005,510,"Pneumoconiosis",3,"Both",27,"Age-standardized",1998,"Rate",0.373531705715414,0.299347946571661,0.471840618985461
1,"Deaths",1799,"Bristol County",25005,510,"Pneumoconiosis",3,"Both",27,"Age-standardized",1999,"Rate",0.400007655228686,0.319132006478088,0.502446240563921
1,"Deaths",1799,"Bristol County",25005,510,"Pneumoconiosis",3,"Both",27,"Age-standardized",2000,"Rate",0.425213378358397,0.336040772427254,0.544916415282676
1,"Deaths",1799,"Bristol County",25005,510,"Pneumoconiosis",3,"Both",27,"Age-standardized",2001,"Rate",0.419963708778197,0.334023037806477,0.539109313717125
1,"Deaths",1799,"Bristol County",25005,510,"Pneumoconiosis",3,"Both",27,"Age-standardized",2002,"Rate",0.432296336764295,0.345070339732857,0.544182403049108
1,"Deaths",1799,"Bristol County",25005,510,"Pneumoconiosis",3,"Both",27,"Age-standardized",2003,"Rate",0.430823838982282,0.336875592999384,0.551133092876416
1,"Deaths",1799,"Bristol County",25005,510,"Pneumoconiosis",3,"Both",27,"Age-standardized",2004,"Rate",0.419354336631701,0.327730345268819,0.530563611109289
1,"Deaths",1799,"Bristol County",25005,510,"Pneumoconiosis",3,"Both",27,"Age-standardized",2005,"Rate",0.414268385759454,0.324832093452982,0.53213684238612
1,"Deaths",1799,"Bristol County",25005,510,"Pneumoconiosis",3,"Both",27,"Age-standardized",2006,"Rate",0.405545003122103,0.312143288461916,0.520974773712025
1,"Deaths",1799,"Bristol County",25005,510,"Pneumoconiosis",3,"Both",27,"Age-standardized",2007,"Rate",0.389893433032258,0.298908947766161,0.505496728496939
1,"Deaths",1799,"Bristol County",25005,510,"Pneumoconiosis",3,"Both",27,"Age-standardized",2008,"Rate",0.40091268005791,0.308542350248793,0.518226102820743
1,"Deaths",1799,"Bristol County",25005,510,"Pneumoconiosis",3,"Both",27,"Age-standardized",2009,"Rate",0.391575920014925,0.292545672117611,0.511134212556408
1,"Deaths",1799,"Bristol County",25005,510,"Pneumoconiosis",3,"Both",27,"Age-standardized",2010,"Rate",0.38154494627199,0.284204526757351,0.502885853536667
1,"Deaths",1799,"Bristol County",25005,510,"Pneumoconiosis",3,"Both",27,"Age-standardized",2011,"Rate",0.388111495634578,0.287433021640165,0.511988130322742
1,"Deaths",1799,"Bristol County",25005,510,"Pneumoconiosis",3,"Both",27,"Age-standardized",2012,"Rate",0.372836295078753,0.272100396945213,0.501166634428625
1,"Deaths",1799,"Bristol County",25005,510,"Pneumoconiosis",3,"Both",27,"Age-standardized",2013,"Rate",0.379778229569966,0.279064586341096,0.520793789776955
1,"Deaths",1799,"Bristol County",25005,510,"Pneumoconiosis",3,"Both",27,"Age-standardized",2014,"Rate",0.387356067740122,0.284848220238904,0.525317915051613
1,"Deaths",1801,"Dukes County",25007,510,"Pneumoconiosis",1,"Male",27,"Age-standardized",1980,"Rate",0.292256381735893,0.0396790157331647,0.989607382439478
1,"Deaths",1801,"Dukes County",25007,510,"Pneumoconiosis",1,"Male",27,"Age-standardized",1981,"Rate",0.29001681549346,0.0414660716987706,0.957553830121422
1,"Deaths",1801,"Dukes County",25007,510,"Pneumoconiosis",1,"Male",27,"Age-standardized",1982,"Rate",0.287274715158913,0.0399904857960818,0.976664574657827
1,"Deaths",1801,"Dukes County",25007,510,"Pneumoconiosis",1,"Male",27,"Age-standardized",1983,"Rate",0.292935966160418,0.0451543291099182,0.955038518175572
1,"Deaths",1801,"Dukes County",25007,510,"Pneumoconiosis",1,"Male",27,"Age-standardized",1984,"Rate",0.284590166837663,0.0448642425063558,0.91888764471117
1,"Deaths",1801,"Dukes County",25007,510,"Pneumoconiosis",1,"Male",27,"Age-standardized",1985,"Rate",0.293616391234621,0.0448420687944246,0.947259262219941
1,"Deaths",1801,"Dukes County",25007,510,"Pneumoconiosis",1,"Male",27,"Age-standardized",1986,"Rate",0.299841800238478,0.0479901741378441,0.985128030325079
1,"Deaths",1801,"Dukes County",25007,510,"Pneumoconiosis",1,"Male",27,"Age-standardized",1987,"Rate",0.296998114414855,0.0451248031816882,0.996178656779249
1,"Deaths",1801,"Dukes County",25007,510,"Pneumoconiosis",1,"Male",27,"Age-standardized",1988,"Rate",0.293712402876686,0.0443104152302994,0.951322070700093
1,"Deaths",1801,"Dukes County",25007,510,"Pneumoconiosis",1,"Male",27,"Age-standardized",1989,"Rate",0.299411908071544,0.0470668544247007,0.976109293086374
1,"Deaths",1801,"Dukes County",25007,510,"Pneumoconiosis",1,"Male",27,"Age-standardized",1990,"Rate",0.288450159770752,0.044113223925289,0.905134793653336
1,"Deaths",1801,"Dukes County",25007,510,"Pneumoconiosis",1,"Male",27,"Age-standardized",1991,"Rate",0.295576626210615,0.0486981912537201,0.963100567774625
1,"Deaths",1801,"Dukes County",25007,510,"Pneumoconiosis",1,"Male",27,"Age-standardized",1992,"Rate",0.297948436966242,0.0506822382960312,0.936161215204306
1,"Deaths",1801,"Dukes County",25007,510,"Pneumoconiosis",1,"Male",27,"Age-standardized",1993,"Rate",0.304188431110629,0.0492255169708394,0.979237951217622
1,"Deaths",1801,"Dukes County",25007,510,"Pneumoconiosis",1,"Male",27,"Age-standardized",1994,"Rate",0.309363860444427,0.0498618077374004,1.00963675959752
1,"Deaths",1801,"Dukes County",25007,510,"Pneumoconiosis",1,"Male",27,"Age-standardized",1995,"Rate",0.315154191385985,0.0531083190661429,1.02766440966163
1,"Deaths",1801,"Dukes County",25007,510,"Pneumoconiosis",1,"Male",27,"Age-standardized",1996,"Rate",0.313830619542684,0.0485638588333214,0.984706149662566
1,"Deaths",1801,"Dukes County",25007,510,"Pneumoconiosis",1,"Male",27,"Age-standardized",1997,"Rate",0.322740829624251,0.0544173429973664,1.01727690806357
1,"Deaths",1801,"Dukes County",25007,510,"Pneumoconiosis",1,"Male",27,"Age-standardized",1998,"Rate",0.330860928528593,0.0507139917008081,1.06827479553828
1,"Deaths",1801,"Dukes County",25007,510,"Pneumoconiosis",1,"Male",27,"Age-standardized",1999,"Rate",0.346164569839891,0.0546509870778312,1.1589656214501
1,"Deaths",1801,"Dukes County",25007,510,"Pneumoconiosis",1,"Male",27,"Age-standardized",2000,"Rate",0.350477666816468,0.0551788386496099,1.12793541601978
1,"Deaths",1801,"Dukes County",25007,510,"Pneumoconiosis",1,"Male",27,"Age-standardized",2001,"Rate",0.357502924840391,0.0537941909549965,1.22532183541522
1,"Deaths",1801,"Dukes County",25007,510,"Pneumoconiosis",1,"Male",27,"Age-standardized",2002,"Rate",0.355769794541052,0.0542113016328004,1.24302760601088
1,"Deaths",1801,"Dukes County",25007,510,"Pneumoconiosis",1,"Male",27,"Age-standardized",2003,"Rate",0.359191311441916,0.0476073551277497,1.21638804713299
1,"Deaths",1801,"Dukes County",25007,510,"Pneumoconiosis",1,"Male",27,"Age-standardized",2004,"Rate",0.337749701912793,0.049367850878235,1.22875507515251
1,"Deaths",1801,"Dukes County",25007,510,"Pneumoconiosis",1,"Male",27,"Age-standardized",2005,"Rate",0.340153439350189,0.0489003850324454,1.2355904697507
1,"Deaths",1801,"Dukes County",25007,510,"Pneumoconiosis",1,"Male",27,"Age-standardized",2006,"Rate",0.33825659517773,0.0488757999923882,1.20242139851989
1,"Deaths",1801,"Dukes County",25007,510,"Pneumoconiosis",1,"Male",27,"Age-standardized",2007,"Rate",0.322132986685681,0.043297501280595,1.19624293214043
1,"Deaths",1801,"Dukes County",25007,510,"Pneumoconiosis",1,"Male",27,"Age-standardized",2008,"Rate",0.307811099798327,0.039277501481951,1.08952204570806
1,"Deaths",1801,"Dukes County",25007,510,"Pneumoconiosis",1,"Male",27,"Age-standardized",2009,"Rate",0.30356696429708,0.0400723473768472,1.09481490924909
1,"Deaths",1801,"Dukes County",25007,510,"Pneumoconiosis",1,"Male",27,"Age-standardized",2010,"Rate",0.303193151747467,0.0364478576709484,1.07683810611166
1,"Deaths",1801,"Dukes County",25007,510,"Pneumoconiosis",1,"Male",27,"Age-standardized",2011,"Rate",0.295550657121875,0.0337441467325593,1.13021620817619
1,"Deaths",1801,"Dukes County",25007,510,"Pneumoconiosis",1,"Male",27,"Age-standardized",2012,"Rate",0.301099528161952,0.034314208274157,1.14922268953562
1,"Deaths",1801,"Dukes County",25007,510,"Pneumoconiosis",1,"Male",27,"Age-standardized",2013,"Rate",0.30213028453896,0.0322114427668891,1.18944103280388
1,"Deaths",1801,"Dukes County",25007,510,"Pneumoconiosis",1,"Male",27,"Age-standardized",2014,"Rate",0.310511413577002,0.0325724791412088,1.25890340811875
1,"Deaths",1801,"Dukes County",25007,510,"Pneumoconiosis",2,"Female",27,"Age-standardized",1980,"Rate",0.224707751816339,0.132956055162155,0.345711350609437
1,"Deaths",1801,"Dukes County",25007,510,"Pneumoconiosis",2,"Female",27,"Age-standardized",1981,"Rate",0.225070402694155,0.132238293545087,0.345085327883821
1,"Deaths",1801,"Dukes County",25007,510,"Pneumoconiosis",2,"Female",27,"Age-standardized",1982,"Rate",0.229809202075101,0.135796826782049,0.353384103264678
1,"Deaths",1801,"Dukes County",25007,510,"Pneumoconiosis",2,"Female",27,"Age-standardized",1983,"Rate",0.240597975750915,0.14563138763932,0.370184343733124
1,"Deaths",1801,"Dukes County",25007,510,"Pneumoconiosis",2,"Female",27,"Age-standardized",1984,"Rate",0.249572191397325,0.147708698586397,0.388087922695567
1,"Deaths",1801,"Dukes County",25007,510,"Pneumoconiosis",2,"Female",27,"Age-standardized",1985,"Rate",0.257603111865467,0.156834193630902,0.384688027399923
1,"Deaths",1801,"Dukes County",25007,510,"Pneumoconiosis",2,"Female",27,"Age-standardized",1986,"Rate",0.267459472049848,0.163420418979135,0.40931065883756
1,"Deaths",1801,"Dukes County",25007,510,"Pneumoconiosis",2,"Female",27,"Age-standardized",1987,"Rate",0.268955794022237,0.167137549706678,0.402446264637582
1,"Deaths",1801,"Dukes County",25007,510,"Pneumoconiosis",2,"Female",27,"Age-standardized",1988,"Rate",0.274279115987488,0.170150150745,0.419137736493915
1,"Deaths",1801,"Dukes County",25007,510,"Pneumoconiosis",2,"Female",27,"Age-standardized",1989,"Rate",0.269288923815186,0.16872691599515,0.404807518864852
1,"Deaths",1801,"Dukes County",25007,510,"Pneumoconiosis",2,"Female",27,"Age-standardized",1990,"Rate",0.261707546112599,0.164636022120922,0.399829397209099
1,"Deaths",1801,"Dukes County",25007,510,"Pneumoconiosis",2,"Female",27,"Age-standardized",1991,"Rate",0.266844529356434,0.169692819466831,0.411035996438765
1,"Deaths",1801,"Dukes County",25007,510,"Pneumoconiosis",2,"Female",27,"Age-standardized",1992,"Rate",0.266513436048486,0.169084148699062,0.408918819169267
1,"Deaths",1801,"Dukes County",25007,510,"Pneumoconiosis",2,"Female",27,"Age-standardized",1993,"Rate",0.282966948678442,0.175229083589425,0.432332826062399
1,"Deaths",1801,"Dukes County",25007,510,"Pneumoconiosis",2,"Female",27,"Age-standardized",1994,"Rate",0.286682270874839,0.177010130998668,0.435369178199316
1,"Deaths",1801,"Dukes County",25007,510,"Pneumoconiosis",2,"Female",27,"Age-standardized",1995,"Rate",0.29509261040485,0.189104703989628,0.447856663718442
1,"Deaths",1801,"Dukes County",25007,510,"Pneumoconiosis",2,"Female",27,"Age-standardized",1996,"Rate",0.296037902858002,0.187164789907085,0.453102145705334
1,"Deaths",1801,"Dukes County",25007,510,"Pneumoconiosis",2,"Female",27,"Age-standardized",1997,"Rate",0.305006030255076,0.194391803011956,0.473955943304558
1,"Deaths",1801,"Dukes County",25007,510,"Pneumoconiosis",2,"Female",27,"Age-standardized",1998,"Rate",0.318959907413393,0.198093175967214,0.508957218681533
1,"Deaths",1801,"Dukes County",25007,510,"Pneumoconiosis",2,"Female",27,"Age-standardized",1999,"Rate",0.340182183359714,0.209402897017737,0.534455236006869
1,"Deaths",1801,"Dukes County",25007,510,"Pneumoconiosis",2,"Female",27,"Age-standardized",2000,"Rate",0.362659898385913,0.220522573241966,0.584169919738652
1,"Deaths",1801,"Dukes County",25007,510,"Pneumoconiosis",2,"Female",27,"Age-standardized",2001,"Rate",0.37355132734848,0.220270899016161,0.597483791173862
1,"Deaths",1801,"Dukes County",25007,510,"Pneumoconiosis",2,"Female",27,"Age-standardized",2002,"Rate",0.378044616388504,0.225305606296649,0.602555703992371
1,"Deaths",1801,"Dukes County",25007,510,"Pneumoconiosis",2,"Female",27,"Age-standardized",2003,"Rate",0.386208087617755,0.226263005632541,0.628902978772155
1,"Deaths",1801,"Dukes County",25007,510,"Pneumoconiosis",2,"Female",27,"Age-standardized",2004,"Rate",0.378011762506184,0.218088327479017,0.627002597763104
1,"Deaths",1801,"Dukes County",25007,510,"Pneumoconiosis",2,"Female",27,"Age-standardized",2005,"Rate",0.384858117748593,0.215668233884706,0.63559138357727
1,"Deaths",1801,"Dukes County",25007,510,"Pneumoconiosis",2,"Female",27,"Age-standardized",2006,"Rate",0.39634110377726,0.223686970653946,0.636121231488475
1,"Deaths",1801,"Dukes County",25007,510,"Pneumoconiosis",2,"Female",27,"Age-standardized",2007,"Rate",0.380871217473525,0.207501745906684,0.631833017885814
1,"Deaths",1801,"Dukes County",25007,510,"Pneumoconiosis",2,"Female",27,"Age-standardized",2008,"Rate",0.371906923229121,0.201268280178958,0.62487550225407
1,"Deaths",1801,"Dukes County",25007,510,"Pneumoconiosis",2,"Female",27,"Age-standardized",2009,"Rate",0.37272753132007,0.198406478877726,0.630362878951875
1,"Deaths",1801,"Dukes County",25007,510,"Pneumoconiosis",2,"Female",27,"Age-standardized",2010,"Rate",0.376876843720258,0.196487567222959,0.661490372505772
1,"Deaths",1801,"Dukes County",25007,510,"Pneumoconiosis",2,"Female",27,"Age-standardized",2011,"Rate",0.387964399256792,0.202024573943161,0.65574072039573
1,"Deaths",1801,"Dukes County",25007,510,"Pneumoconiosis",2,"Female",27,"Age-standardized",2012,"Rate",0.380473534863375,0.190830976000327,0.690021826873893
1,"Deaths",1801,"Dukes County",25007,510,"Pneumoconiosis",2,"Female",27,"Age-standardized",2013,"Rate",0.391055480013284,0.194810479383351,0.702230859934501
1,"Deaths",1801,"Dukes County",25007,510,"Pneumoconiosis",2,"Female",27,"Age-standardized",2014,"Rate",0.389623342005623,0.187623126055522,0.691112037095962
1,"Deaths",1801,"Dukes County",25007,510,"Pneumoconiosis",3,"Both",27,"Age-standardized",1980,"Rate",0.254394450404691,0.124804315846275,0.505959398467346
1,"Deaths",1801,"Dukes County",25007,510,"Pneumoconiosis",3,"Both",27,"Age-standardized",1981,"Rate",0.253691153389865,0.128889514066126,0.49428237742361
1,"Deaths",1801,"Dukes County",25007,510,"Pneumoconiosis",3,"Both",27,"Age-standardized",1982,"Rate",0.255907633649382,0.131965716677856,0.505756549693265
1,"Deaths",1801,"Dukes County",25007,510,"Pneumoconiosis",3,"Both",27,"Age-standardized",1983,"Rate",0.265179507207704,0.138326016520023,0.527417433370095
1,"Deaths",1801,"Dukes County",25007,510,"Pneumoconiosis",3,"Both",27,"Age-standardized",1984,"Rate",0.268017729469845,0.140706426119113,0.515095038099432
1,"Deaths",1801,"Dukes County",25007,510,"Pneumoconiosis",3,"Both",27,"Age-standardized",1985,"Rate",0.276458355791276,0.146658271172665,0.510308159816013
1,"Deaths",1801,"Dukes County",25007,510,"Pneumoconiosis",3,"Both",27,"Age-standardized",1986,"Rate",0.28516543183888,0.154570535534084,0.527664437989566
1,"Deaths",1801,"Dukes County",25007,510,"Pneumoconiosis",3,"Both",27,"Age-standardized",1987,"Rate",0.285177727039427,0.154267007281759,0.534767737217944
1,"Deaths",1801,"Dukes County",25007,510,"Pneumoconiosis",3,"Both",27,"Age-standardized",1988,"Rate",0.287020694014048,0.155318336904836,0.520939871462007
1,"Deaths",1801,"Dukes County",25007,510,"Pneumoconiosis",3,"Both",27,"Age-standardized",1989,"Rate",0.285686449322629,0.157550397476019,0.526811465392488
1,"Deaths",1801,"Dukes County",25007,510,"Pneumoconiosis",3,"Both",27,"Age-standardized",1990,"Rate",0.276635307725512,0.151977133488279,0.518082884458245
1,"Deaths",1801,"Dukes County",25007,510,"Pneumoconiosis",3,"Both",27,"Age-standardized",1991,"Rate",0.282705222220271,0.158033577024309,0.531661249357753
1,"Deaths",1801,"Dukes County",25007,510,"Pneumoconiosis",3,"Both",27,"Age-standardized",1992,"Rate",0.283109622600048,0.155833151084899,0.521431205197975
1,"Deaths",1801,"Dukes County",25007,510,"Pneumoconiosis",3,"Both",27,"Age-standardized",1993,"Rate",0.296110071067941,0.166029445054457,0.558653629289249
1,"Deaths",1801,"Dukes County",25007,510,"Pneumoconiosis",3,"Both",27,"Age-standardized",1994,"Rate",0.300248648176622,0.167745294058767,0.563894547340202
1,"Deaths",1801,"Dukes County",25007,510,"Pneumoconiosis",3,"Both",27,"Age-standardized",1995,"Rate",0.307945652021718,0.171531244806929,0.574400762609852
1,"Deaths",1801,"Dukes County",25007,510,"Pneumoconiosis",3,"Both",27,"Age-standardized",1996,"Rate",0.307500851307952,0.169141841950576,0.555088919332982
1,"Deaths",1801,"Dukes County",25007,510,"Pneumoconiosis",3,"Both",27,"Age-standardized",1997,"Rate",0.31619887702434,0.17671800064169,0.59145218916673
1,"Deaths",1801,"Dukes County",25007,510,"Pneumoconiosis",3,"Both",27,"Age-standardized",1998,"Rate",0.328025689754602,0.184193244873733,0.611554253833524
1,"Deaths",1801,"Dukes County",25007,510,"Pneumoconiosis",3,"Both",27,"Age-standardized",1999,"Rate",0.347210565817281,0.1928966013103,0.669788395997551
1,"Deaths",1801,"Dukes County",25007,510,"Pneumoconiosis",3,"Both",27,"Age-standardized",2000,"Rate",0.363204516503379,0.202220443406177,0.674116910807034
1,"Deaths",1801,"Dukes County",25007,510,"Pneumoconiosis",3,"Both",27,"Age-standardized",2001,"Rate",0.372784136543339,0.206667971652553,0.728552160053474
1,"Deaths",1801,"Dukes County",25007,510,"Pneumoconiosis",3,"Both",27,"Age-standardized",2002,"Rate",0.373103060937198,0.202560580629037,0.701005020926826
1,"Deaths",1801,"Dukes County",25007,510,"Pneumoconiosis",3,"Both",27,"Age-standardized",2003,"Rate",0.380071062471542,0.206777439503781,0.722628410155201
1,"Deaths",1801,"Dukes County",25007,510,"Pneumoconiosis",3,"Both",27,"Age-standardized",2004,"Rate",0.365618435157648,0.19603877827749,0.726908785057302
1,"Deaths",1801,"Dukes County",25007,510,"Pneumoconiosis",3,"Both",27,"Age-standardized",2005,"Rate",0.370675964113028,0.195009538417619,0.726352223238607
1,"Deaths",1801,"Dukes County",25007,510,"Pneumoconiosis",3,"Both",27,"Age-standardized",2006,"Rate",0.377704089029222,0.195350491065959,0.702353127693128
1,"Deaths",1801,"Dukes County",25007,510,"Pneumoconiosis",3,"Both",27,"Age-standardized",2007,"Rate",0.359860113532785,0.186171492776856,0.70376542316541
1,"Deaths",1801,"Dukes County",25007,510,"Pneumoconiosis",3,"Both",27,"Age-standardized",2008,"Rate",0.350297970695536,0.178575265899494,0.681652382858447
1,"Deaths",1801,"Dukes County",25007,510,"Pneumoconiosis",3,"Both",27,"Age-standardized",2009,"Rate",0.348618587155872,0.175311469635827,0.667888569069676
1,"Deaths",1801,"Dukes County",25007,510,"Pneumoconiosis",3,"Both",27,"Age-standardized",2010,"Rate",0.350793226215843,0.175919970311838,0.690077353180162
1,"Deaths",1801,"Dukes County",25007,510,"Pneumoconiosis",3,"Both",27,"Age-standardized",2011,"Rate",0.352663965118961,0.178972995158909,0.72237618470454
1,"Deaths",1801,"Dukes County",25007,510,"Pneumoconiosis",3,"Both",27,"Age-standardized",2012,"Rate",0.350873989444077,0.17014613339188,0.695636964438578
1,"Deaths",1801,"Dukes County",25007,510,"Pneumoconiosis",3,"Both",27,"Age-standardized",2013,"Rate",0.356292605559882,0.169174114126916,0.75212128213039
1,"Deaths",1801,"Dukes County",25007,510,"Pneumoconiosis",3,"Both",27,"Age-standardized",2014,"Rate",0.357283163704391,0.165342130470737,0.753293388201594
1,"Deaths",1789,"Essex County",25009,510,"Pneumoconiosis",1,"Male",27,"Age-standardized",1980,"Rate",0.422894347649158,0.23629605894475,0.698606321381895
1,"Deaths",1789,"Essex County",25009,510,"Pneumoconiosis",1,"Male",27,"Age-standardized",1981,"Rate",0.419037382500223,0.235006391681512,0.699053499831299
1,"Deaths",1789,"Essex County",25009,510,"Pneumoconiosis",1,"Male",27,"Age-standardized",1982,"Rate",0.422274442061393,0.241942843419165,0.692616054638217
1,"Deaths",1789,"Essex County",25009,510,"Pneumoconiosis",1,"Male",27,"Age-standardized",1983,"Rate",0.45830087735675,0.266820388505205,0.726201484807992
1,"Deaths",1789,"Essex County",25009,510,"Pneumoconiosis",1,"Male",27,"Age-standardized",1984,"Rate",0.43856684718354,0.26239525079085,0.692423910448731
1,"Deaths",1789,"Essex County",25009,510,"Pneumoconiosis",1,"Male",27,"Age-standardized",1985,"Rate",0.443010993606457,0.267833875621525,0.699051009515782
1,"Deaths",1789,"Essex County",25009,510,"Pneumoconiosis",1,"Male",27,"Age-standardized",1986,"Rate",0.474948766185948,0.290562262232276,0.768218084000842
1,"Deaths",1789,"Essex County",25009,510,"Pneumoconiosis",1,"Male",27,"Age-standardized",1987,"Rate",0.461273207195195,0.289312482807556,0.710337328283745
1,"Deaths",1789,"Essex County",25009,510,"Pneumoconiosis",1,"Male",27,"Age-standardized",1988,"Rate",0.473175911988452,0.293708105875907,0.692387545783981
1,"Deaths",1789,"Essex County",25009,510,"Pneumoconiosis",1,"Male",27,"Age-standardized",1989,"Rate",0.472831535482431,0.296984704958424,0.698200020672149
1,"Deaths",1789,"Essex County",25009,510,"Pneumoconiosis",1,"Male",27,"Age-standardized",1990,"Rate",0.468923983354902,0.307109650443565,0.701131136183672
1,"Deaths",1789,"Essex County",25009,510,"Pneumoconiosis",1,"Male",27,"Age-standardized",1991,"Rate",0.469286893413049,0.294043988530258,0.692890963117536
1,"Deaths",1789,"Essex County",25009,510,"Pneumoconiosis",1,"Male",27,"Age-standardized",1992,"Rate",0.507604089325396,0.326251557437824,0.743674805156547
1,"Deaths",1789,"Essex County",25009,510,"Pneumoconiosis",1,"Male",27,"Age-standardized",1993,"Rate",0.513170467066688,0.333609789464127,0.755318365302588
1,"Deaths",1789,"Essex County",25009,510,"Pneumoconiosis",1,"Male",27,"Age-standardized",1994,"Rate",0.544760564271038,0.369654840918991,0.778009505654849
1,"Deaths",1789,"Essex County",25009,510,"Pneumoconiosis",1,"Male",27,"Age-standardized",1995,"Rate",0.547896475923821,0.35720879247955,0.790714577174288
1,"Deaths",1789,"Essex County",25009,510,"Pneumoconiosis",1,"Male",27,"Age-standardized",1996,"Rate",0.55126914833154,0.361435118131633,0.792744945446084
1,"Deaths",1789,"Essex County",25009,510,"Pneumoconiosis",1,"Male",27,"Age-standardized",1997,"Rate",0.548716311419232,0.368653148693845,0.778367560707738
1,"Deaths",1789,"Essex County",25009,510,"Pneumoconiosis",1,"Male",27,"Age-standardized",1998,"Rate",0.608694071406332,0.400496994804746,0.873258057130908
1,"Deaths",1789,"Essex County",25009,510,"Pneumoconiosis",1,"Male",27,"Age-standardized",1999,"Rate",0.614346507733541,0.418976085167097,0.890778998084809
1,"Deaths",1789,"Essex County",25009,510,"Pneumoconiosis",1,"Male",27,"Age-standardized",2000,"Rate",0.625200535259381,0.416859171534683,0.882861271596206
1,"Deaths",1789,"Essex County",25009,510,"Pneumoconiosis",1,"Male",27,"Age-standardized",2001,"Rate",0.611772208441722,0.398256715829813,0.860685461125489
1,"Deaths",1789,"Essex County",25009,510,"Pneumoconiosis",1,"Male",27,"Age-standardized",2002,"Rate",0.653236748933277,0.440061961587642,0.952048214692449
1,"Deaths",1789,"Essex County",25009,510,"Pneumoconiosis",1,"Male",27,"Age-standardized",2003,"Rate",0.636972624576562,0.415690464275096,0.934230810821931
1,"Deaths",1789,"Essex County",25009,510,"Pneumoconiosis",1,"Male",27,"Age-standardized",2004,"Rate",0.653421421468996,0.415100434319788,0.971781588886855
1,"Deaths",1789,"Essex County",25009,510,"Pneumoconiosis",1,"Male",27,"Age-standardized",2005,"Rate",0.606961831655925,0.402973509109979,0.867713277147691
1,"Deaths",1789,"Essex County",25009,510,"Pneumoconiosis",1,"Male",27,"Age-standardized",2006,"Rate",0.572819267874665,0.369820682392341,0.851493439785626
1,"Deaths",1789,"Essex County",25009,510,"Pneumoconiosis",1,"Male",27,"Age-standardized",2007,"Rate",0.598221414363643,0.390370654731873,0.8785765899445
1,"Deaths",1789,"Essex County",25009,510,"Pneumoconiosis",1,"Male",27,"Age-standardized",2008,"Rate",0.57698850951772,0.367942855556918,0.849582454551916
1,"Deaths",1789,"Essex County",25009,510,"Pneumoconiosis",1,"Male",27,"Age-standardized",2009,"Rate",0.555692840663627,0.354493789629586,0.842705120848364
1,"Deaths",1789,"Essex County",25009,510,"Pneumoconiosis",1,"Male",27,"Age-standardized",2010,"Rate",0.535607742919195,0.344701632585459,0.806071578724798
1,"Deaths",1789,"Essex County",25009,510,"Pneumoconiosis",1,"Male",27,"Age-standardized",2011,"Rate",0.534588148216778,0.329992515201092,0.804570429080511
1,"Deaths",1789,"Essex County",25009,510,"Pneumoconiosis",1,"Male",27,"Age-standardized",2012,"Rate",0.546473966508109,0.337918932895979,0.842503205211964
1,"Deaths",1789,"Essex County",25009,510,"Pneumoconiosis",1,"Male",27,"Age-standardized",2013,"Rate",0.532571597822305,0.327459377739013,0.850797925051426
1,"Deaths",1789,"Essex County",25009,510,"Pneumoconiosis",1,"Male",27,"Age-standardized",2014,"Rate",0.556869770830763,0.338258438388777,0.869936348812631
1,"Deaths",1789,"Essex County",25009,510,"Pneumoconiosis",2,"Female",27,"Age-standardized",1980,"Rate",0.218673241299461,0.153219760053341,0.275706544867175
1,"Deaths",1789,"Essex County",25009,510,"Pneumoconiosis",2,"Female",27,"Age-standardized",1981,"Rate",0.225349282609801,0.157778586320829,0.282799214209569
1,"Deaths",1789,"Essex County",25009,510,"Pneumoconiosis",2,"Female",27,"Age-standardized",1982,"Rate",0.217209904779567,0.154392530429461,0.271243338001879
1,"Deaths",1789,"Essex County",25009,510,"Pneumoconiosis",2,"Female",27,"Age-standardized",1983,"Rate",0.240586906300169,0.170727356142957,0.299394503074105
1,"Deaths",1789,"Essex County",25009,510,"Pneumoconiosis",2,"Female",27,"Age-standardized",1984,"Rate",0.25068790769433,0.1821485559888,0.311719246989399
1,"Deaths",1789,"Essex County",25009,510,"Pneumoconiosis",2,"Female",27,"Age-standardized",1985,"Rate",0.254047355911804,0.185536432290451,0.316097086400732
1,"Deaths",1789,"Essex County",25009,510,"Pneumoconiosis",2,"Female",27,"Age-standardized",1986,"Rate",0.267498392255304,0.202364593241551,0.328476543745431
1,"Deaths",1789,"Essex County",25009,510,"Pneumoconiosis",2,"Female",27,"Age-standardized",1987,"Rate",0.270075603044324,0.207858593741705,0.331018927680287
1,"Deaths",1789,"Essex County",25009,510,"Pneumoconiosis",2,"Female",27,"Age-standardized",1988,"Rate",0.278162274592924,0.217473007716137,0.340343513620399
1,"Deaths",1789,"Essex County",25009,510,"Pneumoconiosis",2,"Female",27,"Age-standardized",1989,"Rate",0.27698663052891,0.219142684053563,0.33625441037155
1,"Deaths",1789,"Essex County",25009,510,"Pneumoconiosis",2,"Female",27,"Age-standardized",1990,"Rate",0.271767148469071,0.214264806341079,0.331980797586937
1,"Deaths",1789,"Essex County",25009,510,"Pneumoconiosis",2,"Female",27,"Age-standardized",1991,"Rate",0.273439317332729,0.216608699956025,0.332439261321329
1,"Deaths",1789,"Essex County",25009,510,"Pneumoconiosis",2,"Female",27,"Age-standardized",1992,"Rate",0.283141284302166,0.226246197271857,0.344996756607595
1,"Deaths",1789,"Essex County",25009,510,"Pneumoconiosis",2,"Female",27,"Age-standardized",1993,"Rate",0.292397667097189,0.236006311021548,0.357519097049267
1,"Deaths",1789,"Essex County",25009,510,"Pneumoconiosis",2,"Female",27,"Age-standardized",1994,"Rate",0.29831299895529,0.238294030784516,0.360778774820792
1,"Deaths",1789,"Essex County",25009,510,"Pneumoconiosis",2,"Female",27,"Age-standardized",1995,"Rate",0.311098725323447,0.250300605808143,0.380608004128262
1,"Deaths",1789,"Essex County",25009,510,"Pneumoconiosis",2,"Female",27,"Age-standardized",1996,"Rate",0.321220319411904,0.257113336555178,0.390167371131841
1,"Deaths",1789,"Essex County",25009,510,"Pneumoconiosis",2,"Female",27,"Age-standardized",1997,"Rate",0.326272588509156,0.263123301207079,0.407014460756767
1,"Deaths",1789,"Essex County",25009,510,"Pneumoconiosis",2,"Female",27,"Age-standardized",1998,"Rate",0.3380121416019,0.272413396103381,0.417523206510017
1,"Deaths",1789,"Essex County",25009,510,"Pneumoconiosis",2,"Female",27,"Age-standardized",1999,"Rate",0.35826974452252,0.28867553609561,0.448779424677796
1,"Deaths",1789,"Essex County",25009,510,"Pneumoconiosis",2,"Female",27,"Age-standardized",2000,"Rate",0.378914411071282,0.302837636352889,0.470077773384539
1,"Deaths",1789,"Essex County",25009,510,"Pneumoconiosis",2,"Female",27,"Age-standardized",2001,"Rate",0.383724893610093,0.307865854164593,0.482884259748486
1,"Deaths",1789,"Essex County",25009,510,"Pneumoconiosis",2,"Female",27,"Age-standardized",2002,"Rate",0.389905932706937,0.309807146454587,0.489024643599891
1,"Deaths",1789,"Essex County",25009,510,"Pneumoconiosis",2,"Female",27,"Age-standardized",2003,"Rate",0.398842703911234,0.313585878596661,0.509137972302204
1,"Deaths",1789,"Essex County",25009,510,"Pneumoconiosis",2,"Female",27,"Age-standardized",2004,"Rate",0.388620113265671,0.309364349114428,0.495282317494958
1,"Deaths",1789,"Essex County",25009,510,"Pneumoconiosis",2,"Female",27,"Age-standardized",2005,"Rate",0.391740212596351,0.305861268070596,0.503447315296944
1,"Deaths",1789,"Essex County",25009,510,"Pneumoconiosis",2,"Female",27,"Age-standardized",2006,"Rate",0.40250198333744,0.309360899563753,0.526249489819123
1,"Deaths",1789,"Essex County",25009,510,"Pneumoconiosis",2,"Female",27,"Age-standardized",2007,"Rate",0.376585433583014,0.290718193927128,0.483931081771196
1,"Deaths",1789,"Essex County",25009,510,"Pneumoconiosis",2,"Female",27,"Age-standardized",2008,"Rate",0.384119403133884,0.297506593734995,0.505213754495741
1,"Deaths",1789,"Essex County",25009,510,"Pneumoconiosis",2,"Female",27,"Age-standardized",2009,"Rate",0.382086920670252,0.292794879349088,0.50635889793536
1,"Deaths",1789,"Essex County",25009,510,"Pneumoconiosis",2,"Female",27,"Age-standardized",2010,"Rate",0.372893334272446,0.286076519517002,0.494799754610238
1,"Deaths",1789,"Essex County",25009,510,"Pneumoconiosis",2,"Female",27,"Age-standardized",2011,"Rate",0.381673055450889,0.286083041384651,0.51013699139277
1,"Deaths",1789,"Essex County",25009,510,"Pneumoconiosis",2,"Female",27,"Age-standardized",2012,"Rate",0.380790946268883,0.287464629871488,0.519787893762135
1,"Deaths",1789,"Essex County",25009,510,"Pneumoconiosis",2,"Female",27,"Age-standardized",2013,"Rate",0.381014435366037,0.284387424665346,0.513780393544214
1,"Deaths",1789,"Essex County",25009,510,"Pneumoconiosis",2,"Female",27,"Age-standardized",2014,"Rate",0.384184064842398,0.278018432951474,0.522156413976604
1,"Deaths",1789,"Essex County",25009,510,"Pneumoconiosis",3,"Both",27,"Age-standardized",1980,"Rate",0.296242475565914,0.21280838676982,0.405360883249924
1,"Deaths",1789,"Essex County",25009,510,"Pneumoconiosis",3,"Both",27,"Age-standardized",1981,"Rate",0.299393335302437,0.215942144166471,0.404189367792741
1,"Deaths",1789,"Essex County",25009,510,"Pneumoconiosis",3,"Both",27,"Age-standardized",1982,"Rate",0.294790023237839,0.213871833045787,0.394110030812272
1,"Deaths",1789,"Essex County",25009,510,"Pneumoconiosis",3,"Both",27,"Age-standardized",1983,"Rate",0.323147805134243,0.23987847663165,0.426675847561038
1,"Deaths",1789,"Essex County",25009,510,"Pneumoconiosis",3,"Both",27,"Age-standardized",1984,"Rate",0.322958597727424,0.24596359512339,0.41756460271775
1,"Deaths",1789,"Essex County",25009,510,"Pneumoconiosis",3,"Both",27,"Age-standardized",1985,"Rate",0.326477867332965,0.245559289252228,0.42026920250086
1,"Deaths",1789,"Essex County",25009,510,"Pneumoconiosis",3,"Both",27,"Age-standardized",1986,"Rate",0.346467982526842,0.267401421906479,0.449028588440139
1,"Deaths",1789,"Essex County",25009,510,"Pneumoconiosis",3,"Both",27,"Age-standardized",1987,"Rate",0.343200095745752,0.26208490277796,0.438823786264961
1,"Deaths",1789,"Essex County",25009,510,"Pneumoconiosis",3,"Both",27,"Age-standardized",1988,"Rate",0.352696414555578,0.275476062301433,0.441003389473469
1,"Deaths",1789,"Essex County",25009,510,"Pneumoconiosis",3,"Both",27,"Age-standardized",1989,"Rate",0.351459237129479,0.274328753021549,0.437141336901545
1,"Deaths",1789,"Essex County",25009,510,"Pneumoconiosis",3,"Both",27,"Age-standardized",1990,"Rate",0.346446952036896,0.274272932609452,0.427097131879294
1,"Deaths",1789,"Essex County",25009,510,"Pneumoconiosis",3,"Both",27,"Age-standardized",1991,"Rate",0.347356552436634,0.273159434328232,0.436941743551287
1,"Deaths",1789,"Essex County",25009,510,"Pneumoconiosis",3,"Both",27,"Age-standardized",1992,"Rate",0.366634812663718,0.289669280052013,0.455204554230885
1,"Deaths",1789,"Essex County",25009,510,"Pneumoconiosis",3,"Both",27,"Age-standardized",1993,"Rate",0.374847512728046,0.298002022411942,0.466415187732204
1,"Deaths",1789,"Essex County",25009,510,"Pneumoconiosis",3,"Both",27,"Age-standardized",1994,"Rate",0.389809014625132,0.31612823266503,0.478519240639061
1,"Deaths",1789,"Essex County",25009,510,"Pneumoconiosis",3,"Both",27,"Age-standardized",1995,"Rate",0.39973989882049,0.319816556977104,0.492771015045147
1,"Deaths",1789,"Essex County",25009,510,"Pneumoconiosis",3,"Both",27,"Age-standardized",1996,"Rate",0.407446834136389,0.330582396493122,0.501976226284833
1,"Deaths",1789,"Essex County",25009,510,"Pneumoconiosis",3,"Both",27,"Age-standardized",1997,"Rate",0.409839859356609,0.328227548984386,0.497828591502993
1,"Deaths",1789,"Essex County",25009,510,"Pneumoconiosis",3,"Both",27,"Age-standardized",1998,"Rate",0.438377362152973,0.351818866456943,0.542918717570477
1,"Deaths",1789,"Essex County",25009,510,"Pneumoconiosis",3,"Both",27,"Age-standardized",1999,"Rate",0.454108945217733,0.362048958718509,0.5658339540968
1,"Deaths",1789,"Essex County",25009,510,"Pneumoconiosis",3,"Both",27,"Age-standardized",2000,"Rate",0.471706997261509,0.381416283795652,0.576907482733681
1,"Deaths",1789,"Essex County",25009,510,"Pneumoconiosis",3,"Both",27,"Age-standardized",2001,"Rate",0.469990723331314,0.380291689195433,0.581931173264355
1,"Deaths",1789,"Essex County",25009,510,"Pneumoconiosis",3,"Both",27,"Age-standardized",2002,"Rate",0.488757985986248,0.394401685096646,0.616746132134192
1,"Deaths",1789,"Essex County",25009,510,"Pneumoconiosis",3,"Both",27,"Age-standardized",2003,"Rate",0.48886537884475,0.392844235028632,0.611341882647158
1,"Deaths",1789,"Essex County",25009,510,"Pneumoconiosis",3,"Both",27,"Age-standardized",2004,"Rate",0.488936475334168,0.385504629500363,0.615244797490746
1,"Deaths",1789,"Essex County",25009,510,"Pneumoconiosis",3,"Both",27,"Age-standardized",2005,"Rate",0.474325721130011,0.37741932353593,0.595572887130433
1,"Deaths",1789,"Essex County",25009,510,"Pneumoconiosis",3,"Both",27,"Age-standardized",2006,"Rate",0.468662063210215,0.370767673993962,0.581901564309682
1,"Deaths",1789,"Essex County",25009,510,"Pneumoconiosis",3,"Both",27,"Age-standardized",2007,"Rate",0.461664025729307,0.364524594444343,0.585741678514913
1,"Deaths",1789,"Essex County",25009,510,"Pneumoconiosis",3,"Both",27,"Age-standardized",2008,"Rate",0.45876873394157,0.358053936095221,0.596080288710509
1,"Deaths",1789,"Essex County",25009,510,"Pneumoconiosis",3,"Both",27,"Age-standardized",2009,"Rate",0.450060318797224,0.354451773348927,0.588718127452178
1,"Deaths",1789,"Essex County",25009,510,"Pneumoconiosis",3,"Both",27,"Age-standardized",2010,"Rate",0.436508661734481,0.340561053218687,0.57080629046735
1,"Deaths",1789,"Essex County",25009,510,"Pneumoconiosis",3,"Both",27,"Age-standardized",2011,"Rate",0.44169334217471,0.343737899459287,0.573370408981321
1,"Deaths",1789,"Essex County",25009,510,"Pneumoconiosis",3,"Both",27,"Age-standardized",2012,"Rate",0.44627584108268,0.339020906517157,0.59353136163377
1,"Deaths",1789,"Essex County",25009,510,"Pneumoconiosis",3,"Both",27,"Age-standardized",2013,"Rate",0.441262963128878,0.336272509325694,0.588709561230351
1,"Deaths",1789,"Essex County",25009,510,"Pneumoconiosis",3,"Both",27,"Age-standardized",2014,"Rate",0.45242183630509,0.33825913185819,0.600284073484949
1,"Deaths",1791,"Franklin County",25011,510,"Pneumoconiosis",1,"Male",27,"Age-standardized",1980,"Rate",0.294805714108472,0.111710354484485,0.630423146343383
1,"Deaths",1791,"Franklin County",25011,510,"Pneumoconiosis",1,"Male",27,"Age-standardized",1981,"Rate",0.293450298110533,0.113370748493676,0.620669654660663
1,"Deaths",1791,"Franklin County",25011,510,"Pneumoconiosis",1,"Male",27,"Age-standardized",1982,"Rate",0.303685618815719,0.114125192601967,0.630629102503683
1,"Deaths",1791,"Franklin County",25011,510,"Pneumoconiosis",1,"Male",27,"Age-standardized",1983,"Rate",0.315372929653417,0.118645740513653,0.644465044164247
1,"Deaths",1791,"Franklin County",25011,510,"Pneumoconiosis",1,"Male",27,"Age-standardized",1984,"Rate",0.30328260733173,0.115318603228785,0.644181639092474
1,"Deaths",1791,"Franklin County",25011,510,"Pneumoconiosis",1,"Male",27,"Age-standardized",1985,"Rate",0.323651575392736,0.127398906632159,0.663287394333059
1,"Deaths",1791,"Franklin County",25011,510,"Pneumoconiosis",1,"Male",27,"Age-standardized",1986,"Rate",0.332888911808899,0.130219021405354,0.653211390079456
1,"Deaths",1791,"Franklin County",25011,510,"Pneumoconiosis",1,"Male",27,"Age-standardized",1987,"Rate",0.335005485385018,0.132857738666929,0.69239007606283
1,"Deaths",1791,"Franklin County",25011,510,"Pneumoconiosis",1,"Male",27,"Age-standardized",1988,"Rate",0.338985047664876,0.136969772058562,0.693158886643581
1,"Deaths",1791,"Franklin County",25011,510,"Pneumoconiosis",1,"Male",27,"Age-standardized",1989,"Rate",0.34805985465334,0.139343921601052,0.716852334528578
1,"Deaths",1791,"Franklin County",25011,510,"Pneumoconiosis",1,"Male",27,"Age-standardized",1990,"Rate",0.332485343552237,0.130016156039804,0.688471843899375
1,"Deaths",1791,"Franklin County",25011,510,"Pneumoconiosis",1,"Male",27,"Age-standardized",1991,"Rate",0.337282560881554,0.137070668009503,0.706615448910709
1,"Deaths",1791,"Franklin County",25011,510,"Pneumoconiosis",1,"Male",27,"Age-standardized",1992,"Rate",0.350826656250648,0.14193310878791,0.712139285102315
1,"Deaths",1791,"Franklin County",25011,510,"Pneumoconiosis",1,"Male",27,"Age-standardized",1993,"Rate",0.349190139423489,0.148130375525874,0.727601116405882
1,"Deaths",1791,"Franklin County",25011,510,"Pneumoconiosis",1,"Male",27,"Age-standardized",1994,"Rate",0.354085212838054,0.145291530147904,0.724995927765767
1,"Deaths",1791,"Franklin County",25011,510,"Pneumoconiosis",1,"Male",27,"Age-standardized",1995,"Rate",0.369533248875266,0.149919816131858,0.753961060735722
1,"Deaths",1791,"Franklin County",25011,510,"Pneumoconiosis",1,"Male",27,"Age-standardized",1996,"Rate",0.36557224620696,0.149076591301038,0.73331264739394
1,"Deaths",1791,"Franklin County",25011,510,"Pneumoconiosis",1,"Male",27,"Age-standardized",1997,"Rate",0.37480121758998,0.150097072940799,0.754097403452195
1,"Deaths",1791,"Franklin County",25011,510,"Pneumoconiosis",1,"Male",27,"Age-standardized",1998,"Rate",0.390135235575792,0.154699374375828,0.829139701763453
1,"Deaths",1791,"Franklin County",25011,510,"Pneumoconiosis",1,"Male",27,"Age-standardized",1999,"Rate",0.40879480969333,0.158167382419942,0.873478598173948
1,"Deaths",1791,"Franklin County",25011,510,"Pneumoconiosis",1,"Male",27,"Age-standardized",2000,"Rate",0.411047657349002,0.158870710666807,0.874875885893181
1,"Deaths",1791,"Franklin County",25011,510,"Pneumoconiosis",1,"Male",27,"Age-standardized",2001,"Rate",0.419999829233224,0.167045275445471,0.877449136572706
1,"Deaths",1791,"Franklin County",25011,510,"Pneumoconiosis",1,"Male",27,"Age-standardized",2002,"Rate",0.426005926856554,0.159718994148392,0.936233332351173
1,"Deaths",1791,"Franklin County",25011,510,"Pneumoconiosis",1,"Male",27,"Age-standardized",2003,"Rate",0.420512407955847,0.157243995222552,0.86800800338238
1,"Deaths",1791,"Franklin County",25011,510,"Pneumoconiosis",1,"Male",27,"Age-standardized",2004,"Rate",0.41599926034106,0.150975968340895,0.888647440590363
1,"Deaths",1791,"Franklin County",25011,510,"Pneumoconiosis",1,"Male",27,"Age-standardized",2005,"Rate",0.414481547052063,0.145212589426807,0.876690665882724
1,"Deaths",1791,"Franklin County",25011,510,"Pneumoconiosis",1,"Male",27,"Age-standardized",2006,"Rate",0.400570533954027,0.141585914671636,0.874724878587896
1,"Deaths",1791,"Franklin County",25011,510,"Pneumoconiosis",1,"Male",27,"Age-standardized",2007,"Rate",0.404309384911919,0.145919223771198,0.903418300983734
1,"Deaths",1791,"Franklin County",25011,510,"Pneumoconiosis",1,"Male",27,"Age-standardized",2008,"Rate",0.398333978426787,0.132362590385299,0.866121291736494
1,"Deaths",1791,"Franklin County",25011,510,"Pneumoconiosis",1,"Male",27,"Age-standardized",2009,"Rate",0.403117777172867,0.139719802072215,0.915109168021325
1,"Deaths",1791,"Franklin County",25011,510,"Pneumoconiosis",1,"Male",27,"Age-standardized",2010,"Rate",0.387635271084385,0.131143458551756,0.867461316711898
1,"Deaths",1791,"Franklin County",25011,510,"Pneumoconiosis",1,"Male",27,"Age-standardized",2011,"Rate",0.390189225527157,0.125552506447482,0.90140449749992
1,"Deaths",1791,"Franklin County",25011,510,"Pneumoconiosis",1,"Male",27,"Age-standardized",2012,"Rate",0.378550834272202,0.125293672751883,0.897828401717528
1,"Deaths",1791,"Franklin County",25011,510,"Pneumoconiosis",1,"Male",27,"Age-standardized",2013,"Rate",0.400006678045162,0.122030180930421,0.919814846253352
1,"Deaths",1791,"Franklin County",25011,510,"Pneumoconiosis",1,"Male",27,"Age-standardized",2014,"Rate",0.400121796509862,0.127061974035292,0.924229679499858
1,"Deaths",1791,"Franklin County",25011,510,"Pneumoconiosis",2,"Female",27,"Age-standardized",1980,"Rate",0.202344212006353,0.140197693290895,0.269389638200769
1,"Deaths",1791,"Franklin County",25011,510,"Pneumoconiosis",2,"Female",27,"Age-standardized",1981,"Rate",0.203245520165884,0.144132295661542,0.270518919891404
1,"Deaths",1791,"Franklin County",25011,510,"Pneumoconiosis",2,"Female",27,"Age-standardized",1982,"Rate",0.205795595830815,0.146830809862401,0.272301306236979
1,"Deaths",1791,"Franklin County",25011,510,"Pneumoconiosis",2,"Female",27,"Age-standardized",1983,"Rate",0.220832677269566,0.156905205994935,0.291205757041791
1,"Deaths",1791,"Franklin County",25011,510,"Pneumoconiosis",2,"Female",27,"Age-standardized",1984,"Rate",0.227080233827965,0.162707975616253,0.297612571787139
1,"Deaths",1791,"Franklin County",25011,510,"Pneumoconiosis",2,"Female",27,"Age-standardized",1985,"Rate",0.235108283421112,0.17000938822993,0.309580425334899
1,"Deaths",1791,"Franklin County",25011,510,"Pneumoconiosis",2,"Female",27,"Age-standardized",1986,"Rate",0.248298548586873,0.18459558309618,0.328315336986802
1,"Deaths",1791,"Franklin County",25011,510,"Pneumoconiosis",2,"Female",27,"Age-standardized",1987,"Rate",0.246442394299185,0.183285925597698,0.324957316485146
1,"Deaths",1791,"Franklin County",25011,510,"Pneumoconiosis",2,"Female",27,"Age-standardized",1988,"Rate",0.248628179212713,0.183213831735893,0.322618403761588
1,"Deaths",1791,"Franklin County",25011,510,"Pneumoconiosis",2,"Female",27,"Age-standardized",1989,"Rate",0.246645584207728,0.185854728438853,0.323721275055276
1,"Deaths",1791,"Franklin County",25011,510,"Pneumoconiosis",2,"Female",27,"Age-standardized",1990,"Rate",0.240859612076558,0.181643534644546,0.315387738236751
1,"Deaths",1791,"Franklin County",25011,510,"Pneumoconiosis",2,"Female",27,"Age-standardized",1991,"Rate",0.24647491470533,0.186477809032799,0.318513179559624
1,"Deaths",1791,"Franklin County",25011,510,"Pneumoconiosis",2,"Female",27,"Age-standardized",1992,"Rate",0.242402115972788,0.179645084424583,0.318787604191996
1,"Deaths",1791,"Franklin County",25011,510,"Pneumoconiosis",2,"Female",27,"Age-standardized",1993,"Rate",0.260717899647144,0.194831709616532,0.336900777459561
1,"Deaths",1791,"Franklin County",25011,510,"Pneumoconiosis",2,"Female",27,"Age-standardized",1994,"Rate",0.264258599384631,0.196614024789311,0.34727246838406
1,"Deaths",1791,"Franklin County",25011,510,"Pneumoconiosis",2,"Female",27,"Age-standardized",1995,"Rate",0.271850180372298,0.205894289138193,0.35895706065465
1,"Deaths",1791,"Franklin County",25011,510,"Pneumoconiosis",2,"Female",27,"Age-standardized",1996,"Rate",0.278537136873548,0.203594258194106,0.371954513077407
1,"Deaths",1791,"Franklin County",25011,510,"Pneumoconiosis",2,"Female",27,"Age-standardized",1997,"Rate",0.286487432611955,0.212196274010028,0.383531066738709
1,"Deaths",1791,"Franklin County",25011,510,"Pneumoconiosis",2,"Female",27,"Age-standardized",1998,"Rate",0.299901299074396,0.222499886616016,0.395406748643492
1,"Deaths",1791,"Franklin County",25011,510,"Pneumoconiosis",2,"Female",27,"Age-standardized",1999,"Rate",0.32845946892811,0.238665499135168,0.447730855070716
1,"Deaths",1791,"Franklin County",25011,510,"Pneumoconiosis",2,"Female",27,"Age-standardized",2000,"Rate",0.338216397765371,0.248216674558098,0.457409303452858
1,"Deaths",1791,"Franklin County",25011,510,"Pneumoconiosis",2,"Female",27,"Age-standardized",2001,"Rate",0.345668019535924,0.253078159564141,0.473085689094012
1,"Deaths",1791,"Franklin County",25011,510,"Pneumoconiosis",2,"Female",27,"Age-standardized",2002,"Rate",0.359762699937785,0.261153980244962,0.501489973846073
1,"Deaths",1791,"Franklin County",25011,510,"Pneumoconiosis",2,"Female",27,"Age-standardized",2003,"Rate",0.362784190215288,0.263864651835696,0.499207209608303
1,"Deaths",1791,"Franklin County",25011,510,"Pneumoconiosis",2,"Female",27,"Age-standardized",2004,"Rate",0.359779099579432,0.255488555889185,0.497666969973183
1,"Deaths",1791,"Franklin County",25011,510,"Pneumoconiosis",2,"Female",27,"Age-standardized",2005,"Rate",0.36775276291005,0.262972237857086,0.518175905308776
1,"Deaths",1791,"Franklin County",25011,510,"Pneumoconiosis",2,"Female",27,"Age-standardized",2006,"Rate",0.370755717104364,0.26613771792335,0.521053184291634
1,"Deaths",1791,"Franklin County",25011,510,"Pneumoconiosis",2,"Female",27,"Age-standardized",2007,"Rate",0.364696561442012,0.258471769908826,0.519521640477589
1,"Deaths",1791,"Franklin County",25011,510,"Pneumoconiosis",2,"Female",27,"Age-standardized",2008,"Rate",0.365678245928386,0.255511085133825,0.528774767465938
1,"Deaths",1791,"Franklin County",25011,510,"Pneumoconiosis",2,"Female",27,"Age-standardized",2009,"Rate",0.354990724791027,0.243888682149832,0.510138299365113
1,"Deaths",1791,"Franklin County",25011,510,"Pneumoconiosis",2,"Female",27,"Age-standardized",2010,"Rate",0.351798448302985,0.238395495512577,0.505512973691669
1,"Deaths",1791,"Franklin County",25011,510,"Pneumoconiosis",2,"Female",27,"Age-standardized",2011,"Rate",0.350569013933711,0.236250613289835,0.527458216079907
1,"Deaths",1791,"Franklin County",25011,510,"Pneumoconiosis",2,"Female",27,"Age-standardized",2012,"Rate",0.361202997586425,0.243757081649635,0.533607423733618
1,"Deaths",1791,"Franklin County",25011,510,"Pneumoconiosis",2,"Female",27,"Age-standardized",2013,"Rate",0.370626014664173,0.246729178029486,0.546484897553003
1,"Deaths",1791,"Franklin County",25011,510,"Pneumoconiosis",2,"Female",27,"Age-standardized",2014,"Rate",0.373848279802455,0.247570147368491,0.553312788616321
1,"Deaths",1791,"Franklin County",25011,510,"Pneumoconiosis",3,"Both",27,"Age-standardized",1980,"Rate",0.244008141442814,0.162320307541142,0.386963478400694
1,"Deaths",1791,"Franklin County",25011,510,"Pneumoconiosis",3,"Both",27,"Age-standardized",1981,"Rate",0.243958258844757,0.162177605274442,0.372637353390425
1,"Deaths",1791,"Franklin County",25011,510,"Pneumoconiosis",3,"Both",27,"Age-standardized",1982,"Rate",0.249588040537029,0.163436693888794,0.390519042818539
1,"Deaths",1791,"Franklin County",25011,510,"Pneumoconiosis",3,"Both",27,"Age-standardized",1983,"Rate",0.263616237069644,0.173003659445283,0.398746414616558
1,"Deaths",1791,"Franklin County",25011,510,"Pneumoconiosis",3,"Both",27,"Age-standardized",1984,"Rate",0.262958405460538,0.176580055352328,0.397160896596117
1,"Deaths",1791,"Franklin County",25011,510,"Pneumoconiosis",3,"Both",27,"Age-standardized",1985,"Rate",0.275875732669386,0.187959883203161,0.417929456199565
1,"Deaths",1791,"Franklin County",25011,510,"Pneumoconiosis",3,"Both",27,"Age-standardized",1986,"Rate",0.287732457028485,0.201611904861807,0.418698129886026
1,"Deaths",1791,"Franklin County",25011,510,"Pneumoconiosis",3,"Both",27,"Age-standardized",1987,"Rate",0.286986336043967,0.201890549558929,0.431868032208237
1,"Deaths",1791,"Franklin County",25011,510,"Pneumoconiosis",3,"Both",27,"Age-standardized",1988,"Rate",0.289561102893208,0.201977975795792,0.433895842650281
1,"Deaths",1791,"Franklin County",25011,510,"Pneumoconiosis",3,"Both",27,"Age-standardized",1989,"Rate",0.291152254684616,0.201164114511115,0.433181420110802
1,"Deaths",1791,"Franklin County",25011,510,"Pneumoconiosis",3,"Both",27,"Age-standardized",1990,"Rate",0.281353393842927,0.194159364236267,0.43053265390909
1,"Deaths",1791,"Franklin County",25011,510,"Pneumoconiosis",3,"Both",27,"Age-standardized",1991,"Rate",0.286531354483113,0.197255839431035,0.43062246070666
1,"Deaths",1791,"Franklin County",25011,510,"Pneumoconiosis",3,"Both",27,"Age-standardized",1992,"Rate",0.288166319064317,0.197942927487162,0.430296335867317
1,"Deaths",1791,"Franklin County",25011,510,"Pneumoconiosis",3,"Both",27,"Age-standardized",1993,"Rate",0.299784584178651,0.210017385724247,0.439303701388658
1,"Deaths",1791,"Franklin County",25011,510,"Pneumoconiosis",3,"Both",27,"Age-standardized",1994,"Rate",0.303884814396039,0.210467349117779,0.440256434527384
1,"Deaths",1791,"Franklin County",25011,510,"Pneumoconiosis",3,"Both",27,"Age-standardized",1995,"Rate",0.314542003746418,0.213965891650445,0.470865076624156
1,"Deaths",1791,"Franklin County",25011,510,"Pneumoconiosis",3,"Both",27,"Age-standardized",1996,"Rate",0.316979083160532,0.215879975870111,0.465812612476886
1,"Deaths",1791,"Franklin County",25011,510,"Pneumoconiosis",3,"Both",27,"Age-standardized",1997,"Rate",0.325241311938796,0.220935070849447,0.482641121883292
1,"Deaths",1791,"Franklin County",25011,510,"Pneumoconiosis",3,"Both",27,"Age-standardized",1998,"Rate",0.339277966052107,0.232252276659056,0.510306163157524
1,"Deaths",1791,"Franklin County",25011,510,"Pneumoconiosis",3,"Both",27,"Age-standardized",1999,"Rate",0.364810779407115,0.245830507739211,0.557842177568794
1,"Deaths",1791,"Franklin County",25011,510,"Pneumoconiosis",3,"Both",27,"Age-standardized",2000,"Rate",0.371327935929135,0.253260874543688,0.565385406265337
1,"Deaths",1791,"Franklin County",25011,510,"Pneumoconiosis",3,"Both",27,"Age-standardized",2001,"Rate",0.378935693884235,0.258768145541755,0.571396474751021
1,"Deaths",1791,"Franklin County",25011,510,"Pneumoconiosis",3,"Both",27,"Age-standardized",2002,"Rate",0.389694995177497,0.259657245530151,0.598075735299776
1,"Deaths",1791,"Franklin County",25011,510,"Pneumoconiosis",3,"Both",27,"Age-standardized",2003,"Rate",0.38930829355997,0.26312711294778,0.580276114980204
1,"Deaths",1791,"Franklin County",25011,510,"Pneumoconiosis",3,"Both",27,"Age-standardized",2004,"Rate",0.386139240385867,0.257144951962669,0.593511322366703
1,"Deaths",1791,"Franklin County",25011,510,"Pneumoconiosis",3,"Both",27,"Age-standardized",2005,"Rate",0.389984999582689,0.261347759231499,0.595705911312652
1,"Deaths",1791,"Franklin County",25011,510,"Pneumoconiosis",3,"Both",27,"Age-standardized",2006,"Rate",0.386478036403649,0.254219887287389,0.603588332534655
1,"Deaths",1791,"Franklin County",25011,510,"Pneumoconiosis",3,"Both",27,"Age-standardized",2007,"Rate",0.383843780313835,0.247281943571553,0.59656717886851
1,"Deaths",1791,"Franklin County",25011,510,"Pneumoconiosis",3,"Both",27,"Age-standardized",2008,"Rate",0.381787399971676,0.249638453663403,0.590041672415316
1,"Deaths",1791,"Franklin County",25011,510,"Pneumoconiosis",3,"Both",27,"Age-standardized",2009,"Rate",0.377311434869592,0.238799208695766,0.594084498138808
1,"Deaths",1791,"Franklin County",25011,510,"Pneumoconiosis",3,"Both",27,"Age-standardized",2010,"Rate",0.36881860920889,0.238922652339611,0.578109140108059
1,"Deaths",1791,"Franklin County",25011,510,"Pneumoconiosis",3,"Both",27,"Age-standardized",2011,"Rate",0.369044963438257,0.232868199191945,0.587010039579782
1,"Deaths",1791,"Franklin County",25011,510,"Pneumoconiosis",3,"Both",27,"Age-standardized",2012,"Rate",0.370922022359193,0.236334044557512,0.596022308943181
1,"Deaths",1791,"Franklin County",25011,510,"Pneumoconiosis",3,"Both",27,"Age-standardized",2013,"Rate",0.385375301476635,0.241267772190574,0.613416741753121
1,"Deaths",1791,"Franklin County",25011,510,"Pneumoconiosis",3,"Both",27,"Age-standardized",2014,"Rate",0.387359893126526,0.243257990713664,0.627132121717748
1,"Deaths",1796,"Hampden County",25013,510,"Pneumoconiosis",1,"Male",27,"Age-standardized",1980,"Rate",0.489113068018068,0.273091093806415,0.805571366505744
1,"Deaths",1796,"Hampden County",25013,510,"Pneumoconiosis",1,"Male",27,"Age-standardized",1981,"Rate",0.484904887092727,0.27484709349741,0.818642429877939
1,"Deaths",1796,"Hampden County",25013,510,"Pneumoconiosis",1,"Male",27,"Age-standardized",1982,"Rate",0.517037974349799,0.305409393524047,0.819861050905238
1,"Deaths",1796,"Hampden County",25013,510,"Pneumoconiosis",1,"Male",27,"Age-standardized",1983,"Rate",0.520838911735303,0.298505228779559,0.835816991352614
1,"Deaths",1796,"Hampden County",25013,510,"Pneumoconiosis",1,"Male",27,"Age-standardized",1984,"Rate",0.497884325820771,0.292915231283139,0.759209485030632
1,"Deaths",1796,"Hampden County",25013,510,"Pneumoconiosis",1,"Male",27,"Age-standardized",1985,"Rate",0.545933744661811,0.337574357196707,0.849241610380857
1,"Deaths",1796,"Hampden County",25013,510,"Pneumoconiosis",1,"Male",27,"Age-standardized",1986,"Rate",0.548888396872873,0.336725781011681,0.844161266442444
1,"Deaths",1796,"Hampden County",25013,510,"Pneumoconiosis",1,"Male",27,"Age-standardized",1987,"Rate",0.557937339282593,0.338656656004856,0.864171645792331
1,"Deaths",1796,"Hampden County",25013,510,"Pneumoconiosis",1,"Male",27,"Age-standardized",1988,"Rate",0.556971611262241,0.339775676749319,0.828998002516119
1,"Deaths",1796,"Hampden County",25013,510,"Pneumoconiosis",1,"Male",27,"Age-standardized",1989,"Rate",0.571067238560129,0.366869093948571,0.853828669773083
1,"Deaths",1796,"Hampden County",25013,510,"Pneumoconiosis",1,"Male",27,"Age-standardized",1990,"Rate",0.535255273674155,0.341315319283106,0.793223800274076
1,"Deaths",1796,"Hampden County",25013,510,"Pneumoconiosis",1,"Male",27,"Age-standardized",1991,"Rate",0.56792233554735,0.36475858150065,0.841353018777957
1,"Deaths",1796,"Hampden County",25013,510,"Pneumoconiosis",1,"Male",27,"Age-standardized",1992,"Rate",0.560547446235044,0.373785748347438,0.828603060511159
1,"Deaths",1796,"Hampden County",25013,510,"Pneumoconiosis",1,"Male",27,"Age-standardized",1993,"Rate",0.587559315162948,0.389616525729938,0.860003424007765
1,"Deaths",1796,"Hampden County",25013,510,"Pneumoconiosis",1,"Male",27,"Age-standardized",1994,"Rate",0.615292326827356,0.398577320566043,0.905643847443167
1,"Deaths",1796,"Hampden County",25013,510,"Pneumoconiosis",1,"Male",27,"Age-standardized",1995,"Rate",0.616512923564061,0.405218041849013,0.896396925080978
1,"Deaths",1796,"Hampden County",25013,510,"Pneumoconiosis",1,"Male",27,"Age-standardized",1996,"Rate",0.619052930940182,0.416401763158363,0.919289619920857
1,"Deaths",1796,"Hampden County",25013,510,"Pneumoconiosis",1,"Male",27,"Age-standardized",1997,"Rate",0.642173111879947,0.420801530782102,0.91391704679069
1,"Deaths",1796,"Hampden County",25013,510,"Pneumoconiosis",1,"Male",27,"Age-standardized",1998,"Rate",0.677816261576046,0.454232445431357,0.991429138983674
1,"Deaths",1796,"Hampden County",25013,510,"Pneumoconiosis",1,"Male",27,"Age-standardized",1999,"Rate",0.690430478900345,0.471836339300446,0.986762286020806
1,"Deaths",1796,"Hampden County",25013,510,"Pneumoconiosis",1,"Male",27,"Age-standardized",2000,"Rate",0.699983925507236,0.470092842270964,1.0253738640087
1,"Deaths",1796,"Hampden County",25013,510,"Pneumoconiosis",1,"Male",27,"Age-standardized",2001,"Rate",0.683740668838415,0.455459641386085,1.00454080374801
1,"Deaths",1796,"Hampden County",25013,510,"Pneumoconiosis",1,"Male",27,"Age-standardized",2002,"Rate",0.691099651987703,0.475368867001288,1.01067048814885
1,"Deaths",1796,"Hampden County",25013,510,"Pneumoconiosis",1,"Male",27,"Age-standardized",2003,"Rate",0.693262970215229,0.453357308326875,0.994997291536352
1,"Deaths",1796,"Hampden County",25013,510,"Pneumoconiosis",1,"Male",27,"Age-standardized",2004,"Rate",0.705434790408711,0.463612085657147,1.04667141854587
1,"Deaths",1796,"Hampden County",25013,510,"Pneumoconiosis",1,"Male",27,"Age-standardized",2005,"Rate",0.696958556418845,0.446838381978114,1.02154206532048
1,"Deaths",1796,"Hampden County",25013,510,"Pneumoconiosis",1,"Male",27,"Age-standardized",2006,"Rate",0.644596321513423,0.426173680289948,0.930382491986774
1,"Deaths",1796,"Hampden County",25013,510,"Pneumoconiosis",1,"Male",27,"Age-standardized",2007,"Rate",0.629105805211751,0.398321671644545,0.953550784313749
1,"Deaths",1796,"Hampden County",25013,510,"Pneumoconiosis",1,"Male",27,"Age-standardized",2008,"Rate",0.61837450919222,0.386787550766459,0.940739176889828
1,"Deaths",1796,"Hampden County",25013,510,"Pneumoconiosis",1,"Male",27,"Age-standardized",2009,"Rate",0.606251695767983,0.379334521597442,0.914434904730464
1,"Deaths",1796,"Hampden County",25013,510,"Pneumoconiosis",1,"Male",27,"Age-standardized",2010,"Rate",0.596290477557915,0.360084648084589,0.907600760259269
1,"Deaths",1796,"Hampden County",25013,510,"Pneumoconiosis",1,"Male",27,"Age-standardized",2011,"Rate",0.5855445963244,0.344403912757728,0.909924960519738
1,"Deaths",1796,"Hampden County",25013,510,"Pneumoconiosis",1,"Male",27,"Age-standardized",2012,"Rate",0.607829703392995,0.355145695283058,0.946046511531832
1,"Deaths",1796,"Hampden County",25013,510,"Pneumoconiosis",1,"Male",27,"Age-standardized",2013,"Rate",0.610169026075729,0.351779284865467,0.970601925333953
1,"Deaths",1796,"Hampden County",25013,510,"Pneumoconiosis",1,"Male",27,"Age-standardized",2014,"Rate",0.59771921093142,0.349900521765387,0.961508072642775
1,"Deaths",1796,"Hampden County",25013,510,"Pneumoconiosis",2,"Female",27,"Age-standardized",1980,"Rate",0.208947825595753,0.149046961748458,0.262561159664341
1,"Deaths",1796,"Hampden County",25013,510,"Pneumoconiosis",2,"Female",27,"Age-standardized",1981,"Rate",0.210295179070621,0.15140961286699,0.267287116708772
1,"Deaths",1796,"Hampden County",25013,510,"Pneumoconiosis",2,"Female",27,"Age-standardized",1982,"Rate",0.208483437076823,0.15380957568384,0.262245158086361
1,"Deaths",1796,"Hampden County",25013,510,"Pneumoconiosis",2,"Female",27,"Age-standardized",1983,"Rate",0.227064188882414,0.170445746444107,0.284070238311005
1,"Deaths",1796,"Hampden County",25013,510,"Pneumoconiosis",2,"Female",27,"Age-standardized",1984,"Rate",0.239001821967152,0.177481113670106,0.297145553762837
1,"Deaths",1796,"Hampden County",25013,510,"Pneumoconiosis",2,"Female",27,"Age-standardized",1985,"Rate",0.242667196909268,0.180082870960922,0.30336726280456
1,"Deaths",1796,"Hampden County",25013,510,"Pneumoconiosis",2,"Female",27,"Age-standardized",1986,"Rate",0.255765402305583,0.195389705107858,0.319038814455037
1,"Deaths",1796,"Hampden County",25013,510,"Pneumoconiosis",2,"Female",27,"Age-standardized",1987,"Rate",0.258616176929012,0.200082166229881,0.321924800621545
1,"Deaths",1796,"Hampden County",25013,510,"Pneumoconiosis",2,"Female",27,"Age-standardized",1988,"Rate",0.26388383528429,0.199648129908613,0.323450208336235
1,"Deaths",1796,"Hampden County",25013,510,"Pneumoconiosis",2,"Female",27,"Age-standardized",1989,"Rate",0.255685205670848,0.200030106010435,0.317049950767519
1,"Deaths",1796,"Hampden County",25013,510,"Pneumoconiosis",2,"Female",27,"Age-standardized",1990,"Rate",0.248703725529528,0.197683722881307,0.305102834687854
1,"Deaths",1796,"Hampden County",25013,510,"Pneumoconiosis",2,"Female",27,"Age-standardized",1991,"Rate",0.25354352636266,0.200466645980346,0.315255449652623
1,"Deaths",1796,"Hampden County",25013,510,"Pneumoconiosis",2,"Female",27,"Age-standardized",1992,"Rate",0.261893471441622,0.207897934705947,0.324493787225827
1,"Deaths",1796,"Hampden County",25013,510,"Pneumoconiosis",2,"Female",27,"Age-standardized",1993,"Rate",0.27293679645755,0.218584444762736,0.337978352706054
1,"Deaths",1796,"Hampden County",25013,510,"Pneumoconiosis",2,"Female",27,"Age-standardized",1994,"Rate",0.277788424315846,0.218518240576877,0.343565932857468
1,"Deaths",1796,"Hampden County",25013,510,"Pneumoconiosis",2,"Female",27,"Age-standardized",1995,"Rate",0.287475831312586,0.226993888868612,0.357099631653673
1,"Deaths",1796,"Hampden County",25013,510,"Pneumoconiosis",2,"Female",27,"Age-standardized",1996,"Rate",0.290646577373971,0.228912720694304,0.366417870147316
1,"Deaths",1796,"Hampden County",25013,510,"Pneumoconiosis",2,"Female",27,"Age-standardized",1997,"Rate",0.303402971683315,0.237143800243498,0.376572253788473
1,"Deaths",1796,"Hampden County",25013,510,"Pneumoconiosis",2,"Female",27,"Age-standardized",1998,"Rate",0.31823313437033,0.249813943214509,0.395568445463558
1,"Deaths",1796,"Hampden County",25013,510,"Pneumoconiosis",2,"Female",27,"Age-standardized",1999,"Rate",0.336908524416266,0.261743957055559,0.427805626633663
1,"Deaths",1796,"Hampden County",25013,510,"Pneumoconiosis",2,"Female",27,"Age-standardized",2000,"Rate",0.355539560021011,0.278472486954847,0.45725218760948
1,"Deaths",1796,"Hampden County",25013,510,"Pneumoconiosis",2,"Female",27,"Age-standardized",2001,"Rate",0.359964949780425,0.275560522798685,0.469345843875928
1,"Deaths",1796,"Hampden County",25013,510,"Pneumoconiosis",2,"Female",27,"Age-standardized",2002,"Rate",0.380170273230242,0.294180141736702,0.488234807429482
1,"Deaths",1796,"Hampden County",25013,510,"Pneumoconiosis",2,"Female",27,"Age-standardized",2003,"Rate",0.376909123761008,0.28662359834235,0.500898579555316
1,"Deaths",1796,"Hampden County",25013,510,"Pneumoconiosis",2,"Female",27,"Age-standardized",2004,"Rate",0.368510858503808,0.277898283293606,0.481261000651432
1,"Deaths",1796,"Hampden County",25013,510,"Pneumoconiosis",2,"Female",27,"Age-standardized",2005,"Rate",0.372196833522124,0.28053640625059,0.495616888774504
1,"Deaths",1796,"Hampden County",25013,510,"Pneumoconiosis",2,"Female",27,"Age-standardized",2006,"Rate",0.369369500702989,0.280471525778379,0.495768173428676
1,"Deaths",1796,"Hampden County",25013,510,"Pneumoconiosis",2,"Female",27,"Age-standardized",2007,"Rate",0.359127111896998,0.265855661419998,0.475851931597794
1,"Deaths",1796,"Hampden County",25013,510,"Pneumoconiosis",2,"Female",27,"Age-standardized",2008,"Rate",0.356679437032151,0.262777503082573,0.487686789170971
1,"Deaths",1796,"Hampden County",25013,510,"Pneumoconiosis",2,"Female",27,"Age-standardized",2009,"Rate",0.35372715946698,0.26262458013984,0.481428804374953
1,"Deaths",1796,"Hampden County",25013,510,"Pneumoconiosis",2,"Female",27,"Age-standardized",2010,"Rate",0.349734938733772,0.25534986903648,0.477641573339541
1,"Deaths",1796,"Hampden County",25013,510,"Pneumoconiosis",2,"Female",27,"Age-standardized",2011,"Rate",0.358524429085866,0.262622257249918,0.488592946712445
1,"Deaths",1796,"Hampden County",25013,510,"Pneumoconiosis",2,"Female",27,"Age-standardized",2012,"Rate",0.358237239620809,0.259123440238711,0.492278158933205
1,"Deaths",1796,"Hampden County",25013,510,"Pneumoconiosis",2,"Female",27,"Age-standardized",2013,"Rate",0.365435699947169,0.261627470385302,0.510690648097576
1,"Deaths",1796,"Hampden County",25013,510,"Pneumoconiosis",2,"Female",27,"Age-standardized",2014,"Rate",0.363453694672509,0.26087508817159,0.508599560557847
1,"Deaths",1796,"Hampden County",25013,510,"Pneumoconiosis",3,"Both",27,"Age-standardized",1980,"Rate",0.317513218179632,0.226179473717904,0.443880829748085
1,"Deaths",1796,"Hampden County",25013,510,"Pneumoconiosis",3,"Both",27,"Age-standardized",1981,"Rate",0.316254908580092,0.230111965738257,0.442850657224242
1,"Deaths",1796,"Hampden County",25013,510,"Pneumoconiosis",3,"Both",27,"Age-standardized",1982,"Rate",0.326449509113767,0.241988072965234,0.441816070281297
1,"Deaths",1796,"Hampden County",25013,510,"Pneumoconiosis",3,"Both",27,"Age-standardized",1983,"Rate",0.340000554466835,0.255380807442395,0.457377352356583
1,"Deaths",1796,"Hampden County",25013,510,"Pneumoconiosis",3,"Both",27,"Age-standardized",1984,"Rate",0.339575269170663,0.256229384806934,0.443495550678114
1,"Deaths",1796,"Hampden County",25013,510,"Pneumoconiosis",3,"Both",27,"Age-standardized",1985,"Rate",0.358576736274711,0.270301251387812,0.463716787269395
1,"Deaths",1796,"Hampden County",25013,510,"Pneumoconiosis",3,"Both",27,"Age-standardized",1986,"Rate",0.367999712309491,0.280237175643648,0.477376727506379
1,"Deaths",1796,"Hampden County",25013,510,"Pneumoconiosis",3,"Both",27,"Age-standardized",1987,"Rate",0.372753909553987,0.28652661159264,0.482113889125813
1,"Deaths",1796,"Hampden County",25013,510,"Pneumoconiosis",3,"Both",27,"Age-standardized",1988,"Rate",0.375699875119717,0.291656044508847,0.483175345449471
1,"Deaths",1796,"Hampden County",25013,510,"Pneumoconiosis",3,"Both",27,"Age-standardized",1989,"Rate",0.374476155651686,0.289366933659328,0.485362044030622
1,"Deaths",1796,"Hampden County",25013,510,"Pneumoconiosis",3,"Both",27,"Age-standardized",1990,"Rate",0.356808763898316,0.27651313193881,0.454923193563233
1,"Deaths",1796,"Hampden County",25013,510,"Pneumoconiosis",3,"Both",27,"Age-standardized",1991,"Rate",0.371204196317635,0.291008441075077,0.476770361120357
1,"Deaths",1796,"Hampden County",25013,510,"Pneumoconiosis",3,"Both",27,"Age-standardized",1992,"Rate",0.373911900580988,0.296205106080526,0.482070318833542
1,"Deaths",1796,"Hampden County",25013,510,"Pneumoconiosis",3,"Both",27,"Age-standardized",1993,"Rate",0.39116600224304,0.309417637270309,0.502319537621972
1,"Deaths",1796,"Hampden County",25013,510,"Pneumoconiosis",3,"Both",27,"Age-standardized",1994,"Rate",0.404267150783743,0.311430958643764,0.520365686780568
1,"Deaths",1796,"Hampden County",25013,510,"Pneumoconiosis",3,"Both",27,"Age-standardized",1995,"Rate",0.411837410496237,0.322553419801796,0.526501851572236
1,"Deaths",1796,"Hampden County",25013,510,"Pneumoconiosis",3,"Both",27,"Age-standardized",1996,"Rate",0.414262282639756,0.328917414721091,0.525358173143052
1,"Deaths",1796,"Hampden County",25013,510,"Pneumoconiosis",3,"Both",27,"Age-standardized",1997,"Rate",0.431161649152773,0.337526932079612,0.543241622222495
1,"Deaths",1796,"Hampden County",25013,510,"Pneumoconiosis",3,"Both",27,"Age-standardized",1998,"Rate",0.453917414202759,0.357896194818979,0.57779612960878
1,"Deaths",1796,"Hampden County",25013,510,"Pneumoconiosis",3,"Both",27,"Age-standardized",1999,"Rate",0.470967900395442,0.371709411748439,0.59809069701558
1,"Deaths",1796,"Hampden County",25013,510,"Pneumoconiosis",3,"Both",27,"Age-standardized",2000,"Rate",0.486892137784435,0.38390091714649,0.621427945370919
1,"Deaths",1796,"Hampden County",25013,510,"Pneumoconiosis",3,"Both",27,"Age-standardized",2001,"Rate",0.484237180854549,0.37891832348727,0.621883462714834
1,"Deaths",1796,"Hampden County",25013,510,"Pneumoconiosis",3,"Both",27,"Age-standardized",2002,"Rate",0.500295763058142,0.401790999001292,0.640269672494634
1,"Deaths",1796,"Hampden County",25013,510,"Pneumoconiosis",3,"Both",27,"Age-standardized",2003,"Rate",0.498149151245268,0.390475531840314,0.634566203932921
1,"Deaths",1796,"Hampden County",25013,510,"Pneumoconiosis",3,"Both",27,"Age-standardized",2004,"Rate",0.49856383235791,0.390429787822527,0.639493057911187
1,"Deaths",1796,"Hampden County",25013,510,"Pneumoconiosis",3,"Both",27,"Age-standardized",2005,"Rate",0.497587201438525,0.385093629759195,0.641440177546293
1,"Deaths",1796,"Hampden County",25013,510,"Pneumoconiosis",3,"Both",27,"Age-standardized",2006,"Rate",0.476359536693905,0.371842954220956,0.617515379863596
1,"Deaths",1796,"Hampden County",25013,510,"Pneumoconiosis",3,"Both",27,"Age-standardized",2007,"Rate",0.464461816182276,0.355081867378541,0.61275749106224
1,"Deaths",1796,"Hampden County",25013,510,"Pneumoconiosis",3,"Both",27,"Age-standardized",2008,"Rate",0.458940813608689,0.35576179219835,0.608304882759796
1,"Deaths",1796,"Hampden County",25013,510,"Pneumoconiosis",3,"Both",27,"Age-standardized",2009,"Rate",0.452884696265562,0.339910948535237,0.603820063890215
1,"Deaths",1796,"Hampden County",25013,510,"Pneumoconiosis",3,"Both",27,"Age-standardized",2010,"Rate",0.446220421127582,0.33272037479057,0.59984584303313
1,"Deaths",1796,"Hampden County",25013,510,"Pneumoconiosis",3,"Both",27,"Age-standardized",2011,"Rate",0.447892706444437,0.332086003251973,0.606314739978623
1,"Deaths",1796,"Hampden County",25013,510,"Pneumoconiosis",3,"Both",27,"Age-standardized",2012,"Rate",0.456886438108281,0.33692907115865,0.618773379535025
1,"Deaths",1796,"Hampden County",25013,510,"Pneumoconiosis",3,"Both",27,"Age-standardized",2013,"Rate",0.462722498652028,0.345652595607625,0.630789874325157
1,"Deaths",1796,"Hampden County",25013,510,"Pneumoconiosis",3,"Both",27,"Age-standardized",2014,"Rate",0.456615386698919,0.32929362434454,0.635500816679444
1,"Deaths",1794,"Hampshire County",25015,510,"Pneumoconiosis",1,"Male",27,"Age-standardized",1980,"Rate",0.539193378720509,0.233081952076021,1.04554175657565
1,"Deaths",1794,"Hampshire County",25015,510,"Pneumoconiosis",1,"Male",27,"Age-standardized",1981,"Rate",0.554935126959663,0.244407130010613,1.07153112257277
1,"Deaths",1794,"Hampshire County",25015,510,"Pneumoconiosis",1,"Male",27,"Age-standardized",1982,"Rate",0.549622655057317,0.248879333953084,1.04596600377763
1,"Deaths",1794,"Hampshire County",25015,510,"Pneumoconiosis",1,"Male",27,"Age-standardized",1983,"Rate",0.581131371164218,0.272702229071986,1.05954659677656
1,"Deaths",1794,"Hampshire County",25015,510,"Pneumoconiosis",1,"Male",27,"Age-standardized",1984,"Rate",0.57830284541614,0.271856157450381,1.09973507058976
1,"Deaths",1794,"Hampshire County",25015,510,"Pneumoconiosis",1,"Male",27,"Age-standardized",1985,"Rate",0.588091078603977,0.283004295332091,1.08731026297648
1,"Deaths",1794,"Hampshire County",25015,510,"Pneumoconiosis",1,"Male",27,"Age-standardized",1986,"Rate",0.603409348035676,0.302188585325736,1.06992298530478
1,"Deaths",1794,"Hampshire County",25015,510,"Pneumoconiosis",1,"Male",27,"Age-standardized",1987,"Rate",0.618109526088027,0.313697684687458,1.10349499080695
1,"Deaths",1794,"Hampshire County",25015,510,"Pneumoconiosis",1,"Male",27,"Age-standardized",1988,"Rate",0.617225395411839,0.333696170702949,1.07671207919
1,"Deaths",1794,"Hampshire County",25015,510,"Pneumoconiosis",1,"Male",27,"Age-standardized",1989,"Rate",0.633411880291787,0.340025225493779,1.07416026772948
1,"Deaths",1794,"Hampshire County",25015,510,"Pneumoconiosis",1,"Male",27,"Age-standardized",1990,"Rate",0.60881000834879,0.313559890696336,1.01751102814533
1,"Deaths",1794,"Hampshire County",25015,510,"Pneumoconiosis",1,"Male",27,"Age-standardized",1991,"Rate",0.651890037483924,0.352826774362638,1.11470510475367
1,"Deaths",1794,"Hampshire County",25015,510,"Pneumoconiosis",1,"Male",27,"Age-standardized",1992,"Rate",0.655218897120203,0.35328760071394,1.12555401715135
1,"Deaths",1794,"Hampshire County",25015,510,"Pneumoconiosis",1,"Male",27,"Age-standardized",1993,"Rate",0.67142191008455,0.368566863923108,1.11541914944298
1,"Deaths",1794,"Hampshire County",25015,510,"Pneumoconiosis",1,"Male",27,"Age-standardized",1994,"Rate",0.684557608690145,0.362519586791757,1.14963599959784
1,"Deaths",1794,"Hampshire County",25015,510,"Pneumoconiosis",1,"Male",27,"Age-standardized",1995,"Rate",0.703047080340816,0.400241484800768,1.2079184532673
1,"Deaths",1794,"Hampshire County",25015,510,"Pneumoconiosis",1,"Male",27,"Age-standardized",1996,"Rate",0.71053875216947,0.405568983213942,1.18586911980821
1,"Deaths",1794,"Hampshire County",25015,510,"Pneumoconiosis",1,"Male",27,"Age-standardized",1997,"Rate",0.720156511811319,0.392165790013358,1.18468448468675
1,"Deaths",1794,"Hampshire County",25015,510,"Pneumoconiosis",1,"Male",27,"Age-standardized",1998,"Rate",0.750779914186027,0.44150443653092,1.22688827004622
1,"Deaths",1794,"Hampshire County",25015,510,"Pneumoconiosis",1,"Male",27,"Age-standardized",1999,"Rate",0.779834791781262,0.458857868319414,1.28651998013969
1,"Deaths",1794,"Hampshire County",25015,510,"Pneumoconiosis",1,"Male",27,"Age-standardized",2000,"Rate",0.833268039451573,0.469461117394894,1.37732158919555
1,"Deaths",1794,"Hampshire County",25015,510,"Pneumoconiosis",1,"Male",27,"Age-standardized",2001,"Rate",0.802602850153179,0.449545762180936,1.2984391904976
1,"Deaths",1794,"Hampshire County",25015,510,"Pneumoconiosis",1,"Male",27,"Age-standardized",2002,"Rate",0.838870462837478,0.451396923626374,1.44285745175167
1,"Deaths",1794,"Hampshire County",25015,510,"Pneumoconiosis",1,"Male",27,"Age-standardized",2003,"Rate",0.835266939368642,0.450407034944564,1.41286896740019
1,"Deaths",1794,"Hampshire County",25015,510,"Pneumoconiosis",1,"Male",27,"Age-standardized",2004,"Rate",0.808314903713833,0.432828813201999,1.3607704605052
1,"Deaths",1794,"Hampshire County",25015,510,"Pneumoconiosis",1,"Male",27,"Age-standardized",2005,"Rate",0.823678427384984,0.440663910692137,1.43023448974243
1,"Deaths",1794,"Hampshire County",25015,510,"Pneumoconiosis",1,"Male",27,"Age-standardized",2006,"Rate",0.786495802314036,0.433530746078622,1.34793832163365
1,"Deaths",1794,"Hampshire County",25015,510,"Pneumoconiosis",1,"Male",27,"Age-standardized",2007,"Rate",0.813093567407245,0.423751206412075,1.45462398649309
1,"Deaths",1794,"Hampshire County",25015,510,"Pneumoconiosis",1,"Male",27,"Age-standardized",2008,"Rate",0.782882415783724,0.393842359869605,1.3520655501692
1,"Deaths",1794,"Hampshire County",25015,510,"Pneumoconiosis",1,"Male",27,"Age-standardized",2009,"Rate",0.778112885790936,0.398934127307747,1.38412653216108
1,"Deaths",1794,"Hampshire County",25015,510,"Pneumoconiosis",1,"Male",27,"Age-standardized",2010,"Rate",0.769082146224254,0.384303834398818,1.41213420007299
1,"Deaths",1794,"Hampshire County",25015,510,"Pneumoconiosis",1,"Male",27,"Age-standardized",2011,"Rate",0.741444802782237,0.366306198053824,1.33888333121204
1,"Deaths",1794,"Hampshire County",25015,510,"Pneumoconiosis",1,"Male",27,"Age-standardized",2012,"Rate",0.730814699668309,0.351627617674893,1.30828996306225
1,"Deaths",1794,"Hampshire County",25015,510,"Pneumoconiosis",1,"Male",27,"Age-standardized",2013,"Rate",0.740561372209638,0.336913439719086,1.39061138699286
1,"Deaths",1794,"Hampshire County",25015,510,"Pneumoconiosis",1,"Male",27,"Age-standardized",2014,"Rate",0.815132246922425,0.369454901899612,1.55211598493843
1,"Deaths",1794,"Hampshire County",25015,510,"Pneumoconiosis",2,"Female",27,"Age-standardized",1980,"Rate",0.218923518008466,0.151601119608988,0.290918358742375
1,"Deaths",1794,"Hampshire County",25015,510,"Pneumoconiosis",2,"Female",27,"Age-standardized",1981,"Rate",0.216574592378783,0.152617475051461,0.288995732202207
1,"Deaths",1794,"Hampshire County",25015,510,"Pneumoconiosis",2,"Female",27,"Age-standardized",1982,"Rate",0.221948774116961,0.15640601087771,0.296179366463794
1,"Deaths",1794,"Hampshire County",25015,510,"Pneumoconiosis",2,"Female",27,"Age-standardized",1983,"Rate",0.231386954363204,0.166898932767054,0.305558403435998
1,"Deaths",1794,"Hampshire County",25015,510,"Pneumoconiosis",2,"Female",27,"Age-standardized",1984,"Rate",0.242994010210452,0.17646043536447,0.32404845896463
1,"Deaths",1794,"Hampshire County",25015,510,"Pneumoconiosis",2,"Female",27,"Age-standardized",1985,"Rate",0.24981183443423,0.17897076214615,0.328882787654241
1,"Deaths",1794,"Hampshire County",25015,510,"Pneumoconiosis",2,"Female",27,"Age-standardized",1986,"Rate",0.259000771608705,0.18603878004735,0.34602316574434
1,"Deaths",1794,"Hampshire County",25015,510,"Pneumoconiosis",2,"Female",27,"Age-standardized",1987,"Rate",0.261078472373744,0.191414258004394,0.339870384992351
1,"Deaths",1794,"Hampshire County",25015,510,"Pneumoconiosis",2,"Female",27,"Age-standardized",1988,"Rate",0.263266034663594,0.191756263284636,0.347241065573608
1,"Deaths",1794,"Hampshire County",25015,510,"Pneumoconiosis",2,"Female",27,"Age-standardized",1989,"Rate",0.265064385929003,0.191937219068244,0.350733721766143
1,"Deaths",1794,"Hampshire County",25015,510,"Pneumoconiosis",2,"Female",27,"Age-standardized",1990,"Rate",0.258439347699385,0.190864706463738,0.334319323762718
1,"Deaths",1794,"Hampshire County",25015,510,"Pneumoconiosis",2,"Female",27,"Age-standardized",1991,"Rate",0.256911258275879,0.190384765654674,0.338134620496152
1,"Deaths",1794,"Hampshire County",25015,510,"Pneumoconiosis",2,"Female",27,"Age-standardized",1992,"Rate",0.265176641119288,0.194699575484398,0.354943871973113
1,"Deaths",1794,"Hampshire County",25015,510,"Pneumoconiosis",2,"Female",27,"Age-standardized",1993,"Rate",0.274977723678057,0.20188953887466,0.364361225898451
1,"Deaths",1794,"Hampshire County",25015,510,"Pneumoconiosis",2,"Female",27,"Age-standardized",1994,"Rate",0.27846499268554,0.202417951863165,0.368247548838519
1,"Deaths",1794,"Hampshire County",25015,510,"Pneumoconiosis",2,"Female",27,"Age-standardized",1995,"Rate",0.288879624814854,0.208949318609268,0.379006393121386
1,"Deaths",1794,"Hampshire County",25015,510,"Pneumoconiosis",2,"Female",27,"Age-standardized",1996,"Rate",0.294494302716431,0.213146536448146,0.397519283416936
1,"Deaths",1794,"Hampshire County",25015,510,"Pneumoconiosis",2,"Female",27,"Age-standardized",1997,"Rate",0.299422972844594,0.213960375551597,0.409928455515321
1,"Deaths",1794,"Hampshire County",25015,510,"Pneumoconiosis",2,"Female",27,"Age-standardized",1998,"Rate",0.307090660086459,0.222532553658111,0.419358728346911
1,"Deaths",1794,"Hampshire County",25015,510,"Pneumoconiosis",2,"Female",27,"Age-standardized",1999,"Rate",0.337796249871975,0.238969579456904,0.464068496936846
1,"Deaths",1794,"Hampshire County",25015,510,"Pneumoconiosis",2,"Female",27,"Age-standardized",2000,"Rate",0.354386488011657,0.251287408884243,0.498418561562996
1,"Deaths",1794,"Hampshire County",25015,510,"Pneumoconiosis",2,"Female",27,"Age-standardized",2001,"Rate",0.36128747131953,0.252757220541909,0.513257965653811
1,"Deaths",1794,"Hampshire County",25015,510,"Pneumoconiosis",2,"Female",27,"Age-standardized",2002,"Rate",0.384811208009674,0.266488622089478,0.546508501344636
1,"Deaths",1794,"Hampshire County",25015,510,"Pneumoconiosis",2,"Female",27,"Age-standardized",2003,"Rate",0.385843751896397,0.267795690837869,0.546979891127148
1,"Deaths",1794,"Hampshire County",25015,510,"Pneumoconiosis",2,"Female",27,"Age-standardized",2004,"Rate",0.37318486778324,0.256552153495327,0.52983128037269
1,"Deaths",1794,"Hampshire County",25015,510,"Pneumoconiosis",2,"Female",27,"Age-standardized",2005,"Rate",0.384825711555648,0.260351251331686,0.558621941935264
1,"Deaths",1794,"Hampshire County",25015,510,"Pneumoconiosis",2,"Female",27,"Age-standardized",2006,"Rate",0.372978464272888,0.247244583844423,0.55599703893546
1,"Deaths",1794,"Hampshire County",25015,510,"Pneumoconiosis",2,"Female",27,"Age-standardized",2007,"Rate",0.374576608397258,0.248717378708453,0.557030127315365
1,"Deaths",1794,"Hampshire County",25015,510,"Pneumoconiosis",2,"Female",27,"Age-standardized",2008,"Rate",0.371614905994635,0.245474431071867,0.563658130938727
1,"Deaths",1794,"Hampshire County",25015,510,"Pneumoconiosis",2,"Female",27,"Age-standardized",2009,"Rate",0.372580476032605,0.244792513107187,0.567878813105337
1,"Deaths",1794,"Hampshire County",25015,510,"Pneumoconiosis",2,"Female",27,"Age-standardized",2010,"Rate",0.365491602878463,0.239421302742509,0.561118133996237
1,"Deaths",1794,"Hampshire County",25015,510,"Pneumoconiosis",2,"Female",27,"Age-standardized",2011,"Rate",0.371582058898754,0.238268186810927,0.566808077320892
1,"Deaths",1794,"Hampshire County",25015,510,"Pneumoconiosis",2,"Female",27,"Age-standardized",2012,"Rate",0.369375175986532,0.237549040080241,0.566362491050873
1,"Deaths",1794,"Hampshire County",25015,510,"Pneumoconiosis",2,"Female",27,"Age-standardized",2013,"Rate",0.37523847982221,0.24107291059803,0.590647611820822
1,"Deaths",1794,"Hampshire County",25015,510,"Pneumoconiosis",2,"Female",27,"Age-standardized",2014,"Rate",0.378786177737922,0.237854330055416,0.583721456482302
1,"Deaths",1794,"Hampshire County",25015,510,"Pneumoconiosis",3,"Both",27,"Age-standardized",1980,"Rate",0.345789836907995,0.21915135287098,0.539182339196126
1,"Deaths",1794,"Hampshire County",25015,510,"Pneumoconiosis",3,"Both",27,"Age-standardized",1981,"Rate",0.349772930349935,0.222490153239929,0.556429415973796
1,"Deaths",1794,"Hampshire County",25015,510,"Pneumoconiosis",3,"Both",27,"Age-standardized",1982,"Rate",0.351109518007439,0.228494057878289,0.537402050378785
1,"Deaths",1794,"Hampshire County",25015,510,"Pneumoconiosis",3,"Both",27,"Age-standardized",1983,"Rate",0.368519891447639,0.243893652790685,0.552818286747526
1,"Deaths",1794,"Hampshire County",25015,510,"Pneumoconiosis",3,"Both",27,"Age-standardized",1984,"Rate",0.37516399450964,0.250065746967756,0.567889281730075
1,"Deaths",1794,"Hampshire County",25015,510,"Pneumoconiosis",3,"Both",27,"Age-standardized",1985,"Rate",0.382792390290599,0.260815476093634,0.575906428538655
1,"Deaths",1794,"Hampshire County",25015,510,"Pneumoconiosis",3,"Both",27,"Age-standardized",1986,"Rate",0.394118468988216,0.26947584725287,0.573662308000418
1,"Deaths",1794,"Hampshire County",25015,510,"Pneumoconiosis",3,"Both",27,"Age-standardized",1987,"Rate",0.400462050293023,0.273211139597746,0.572421635817331
1,"Deaths",1794,"Hampshire County",25015,510,"Pneumoconiosis",3,"Both",27,"Age-standardized",1988,"Rate",0.401469723793589,0.275777840004922,0.571020120070411
1,"Deaths",1794,"Hampshire County",25015,510,"Pneumoconiosis",3,"Both",27,"Age-standardized",1989,"Rate",0.408012654157211,0.282267866262623,0.576064008510985
1,"Deaths",1794,"Hampshire County",25015,510,"Pneumoconiosis",3,"Both",27,"Age-standardized",1990,"Rate",0.394342721542425,0.273889742796371,0.552693757704711
1,"Deaths",1794,"Hampshire County",25015,510,"Pneumoconiosis",3,"Both",27,"Age-standardized",1991,"Rate",0.408021129529434,0.287308818244686,0.587292220943551
1,"Deaths",1794,"Hampshire County",25015,510,"Pneumoconiosis",3,"Both",27,"Age-standardized",1992,"Rate",0.413839691942138,0.293803496703273,0.592705144314821
1,"Deaths",1794,"Hampshire County",25015,510,"Pneumoconiosis",3,"Both",27,"Age-standardized",1993,"Rate",0.426042215941124,0.304546403894657,0.595433571405316
1,"Deaths",1794,"Hampshire County",25015,510,"Pneumoconiosis",3,"Both",27,"Age-standardized",1994,"Rate",0.433197085670621,0.311628345004741,0.602668868399471
1,"Deaths",1794,"Hampshire County",25015,510,"Pneumoconiosis",3,"Both",27,"Age-standardized",1995,"Rate",0.446756571589975,0.321051408439765,0.64280249633611
1,"Deaths",1794,"Hampshire County",25015,510,"Pneumoconiosis",3,"Both",27,"Age-standardized",1996,"Rate",0.452697625362381,0.326158642733323,0.62622993985305
1,"Deaths",1794,"Hampshire County",25015,510,"Pneumoconiosis",3,"Both",27,"Age-standardized",1997,"Rate",0.459266698062013,0.323770717466677,0.637296442151015
1,"Deaths",1794,"Hampshire County",25015,510,"Pneumoconiosis",3,"Both",27,"Age-standardized",1998,"Rate",0.475311599133433,0.346705821775548,0.64994306274987
1,"Deaths",1794,"Hampshire County",25015,510,"Pneumoconiosis",3,"Both",27,"Age-standardized",1999,"Rate",0.506383603930336,0.36321356323447,0.71993633578426
1,"Deaths",1794,"Hampshire County",25015,510,"Pneumoconiosis",3,"Both",27,"Age-standardized",2000,"Rate",0.536773920554242,0.384192962204077,0.748001687337593
1,"Deaths",1794,"Hampshire County",25015,510,"Pneumoconiosis",3,"Both",27,"Age-standardized",2001,"Rate",0.530148104868644,0.377650379922931,0.720438102111848
1,"Deaths",1794,"Hampshire County",25015,510,"Pneumoconiosis",3,"Both",27,"Age-standardized",2002,"Rate",0.559814659933757,0.393117237519041,0.808296956124445
1,"Deaths",1794,"Hampshire County",25015,510,"Pneumoconiosis",3,"Both",27,"Age-standardized",2003,"Rate",0.559904458893986,0.3938784693692,0.791998534719947
1,"Deaths",1794,"Hampshire County",25015,510,"Pneumoconiosis",3,"Both",27,"Age-standardized",2004,"Rate",0.542570147437443,0.376884304898487,0.77401106678749
1,"Deaths",1794,"Hampshire County",25015,510,"Pneumoconiosis",3,"Both",27,"Age-standardized",2005,"Rate",0.555770190028204,0.386415824268781,0.791760907893391
1,"Deaths",1794,"Hampshire County",25015,510,"Pneumoconiosis",3,"Both",27,"Age-standardized",2006,"Rate",0.534142798896396,0.374139446950414,0.757558445369777
1,"Deaths",1794,"Hampshire County",25015,510,"Pneumoconiosis",3,"Both",27,"Age-standardized",2007,"Rate",0.546529936283955,0.370614789949231,0.812561265677911
1,"Deaths",1794,"Hampshire County",25015,510,"Pneumoconiosis",3,"Both",27,"Age-standardized",2008,"Rate",0.533202230723824,0.361228442673263,0.776570082964626
1,"Deaths",1794,"Hampshire County",25015,510,"Pneumoconiosis",3,"Both",27,"Age-standardized",2009,"Rate",0.532734412917077,0.360322677398554,0.778889036077125
1,"Deaths",1794,"Hampshire County",25015,510,"Pneumoconiosis",3,"Both",27,"Age-standardized",2010,"Rate",0.525128029959472,0.350058817177314,0.78282860851334
1,"Deaths",1794,"Hampshire County",25015,510,"Pneumoconiosis",3,"Both",27,"Age-standardized",2011,"Rate",0.518286459795774,0.338201701950446,0.762903672831141
1,"Deaths",1794,"Hampshire County",25015,510,"Pneumoconiosis",3,"Both",27,"Age-standardized",2012,"Rate",0.514023343203872,0.333656043450877,0.760407353902481
1,"Deaths",1794,"Hampshire County",25015,510,"Pneumoconiosis",3,"Both",27,"Age-standardized",2013,"Rate",0.5218571581488,0.343818638897716,0.805304923864561
1,"Deaths",1794,"Hampshire County",25015,510,"Pneumoconiosis",3,"Both",27,"Age-standardized",2014,"Rate",0.552988027805014,0.33989672204609,0.86243170264774
1,"Deaths",1792,"Middlesex County",25017,510,"Pneumoconiosis",1,"Male",27,"Age-standardized",1980,"Rate",0.580639980385126,0.368094643912111,0.878805164396417
1,"Deaths",1792,"Middlesex County",25017,510,"Pneumoconiosis",1,"Male",27,"Age-standardized",1981,"Rate",0.535492739214546,0.344650998330047,0.794815859120379
1,"Deaths",1792,"Middlesex County",25017,510,"Pneumoconiosis",1,"Male",27,"Age-standardized",1982,"Rate",0.541112173534333,0.353728404379444,0.807119054936342
1,"Deaths",1792,"Middlesex County",25017,510,"Pneumoconiosis",1,"Male",27,"Age-standardized",1983,"Rate",0.568314092822561,0.373326060257406,0.823996288669179
1,"Deaths",1792,"Middlesex County",25017,510,"Pneumoconiosis",1,"Male",27,"Age-standardized",1984,"Rate",0.529532408038156,0.354488873432137,0.768898151993752
1,"Deaths",1792,"Middlesex County",25017,510,"Pneumoconiosis",1,"Male",27,"Age-standardized",1985,"Rate",0.545778567963224,0.360369119262483,0.756171593106536
1,"Deaths",1792,"Middlesex County",25017,510,"Pneumoconiosis",1,"Male",27,"Age-standardized",1986,"Rate",0.55040447662319,0.36326822228556,0.800389603875479
1,"Deaths",1792,"Middlesex County",25017,510,"Pneumoconiosis",1,"Male",27,"Age-standardized",1987,"Rate",0.573855165344374,0.385304773678424,0.809309914035819
1,"Deaths",1792,"Middlesex County",25017,510,"Pneumoconiosis",1,"Male",27,"Age-standardized",1988,"Rate",0.529445895800358,0.359398194211668,0.736092092588143
1,"Deaths",1792,"Middlesex County",25017,510,"Pneumoconiosis",1,"Male",27,"Age-standardized",1989,"Rate",0.572919553186152,0.39306086434152,0.79605733883288
1,"Deaths",1792,"Middlesex County",25017,510,"Pneumoconiosis",1,"Male",27,"Age-standardized",1990,"Rate",0.533999251363885,0.378637086999089,0.745809119535712
1,"Deaths",1792,"Middlesex County",25017,510,"Pneumoconiosis",1,"Male",27,"Age-standardized",1991,"Rate",0.526644327511769,0.368739151491693,0.726200794407348
1,"Deaths",1792,"Middlesex County",25017,510,"Pneumoconiosis",1,"Male",27,"Age-standardized",1992,"Rate",0.569720581029136,0.397247187713305,0.792510530139708
1,"Deaths",1792,"Middlesex County",25017,510,"Pneumoconiosis",1,"Male",27,"Age-standardized",1993,"Rate",0.547838222760228,0.39328523358467,0.756592505284396
1,"Deaths",1792,"Middlesex County",25017,510,"Pneumoconiosis",1,"Male",27,"Age-standardized",1994,"Rate",0.583227325166567,0.409824725572286,0.813799076151711
1,"Deaths",1792,"Middlesex County",25017,510,"Pneumoconiosis",1,"Male",27,"Age-standardized",1995,"Rate",0.561203724509067,0.399172717820266,0.7687989992853
1,"Deaths",1792,"Middlesex County",25017,510,"Pneumoconiosis",1,"Male",27,"Age-standardized",1996,"Rate",0.580406227202003,0.412205392105718,0.77945015894758
1,"Deaths",1792,"Middlesex County",25017,510,"Pneumoconiosis",1,"Male",27,"Age-standardized",1997,"Rate",0.581276125638378,0.420144618351943,0.812384894038715
1,"Deaths",1792,"Middlesex County",25017,510,"Pneumoconiosis",1,"Male",27,"Age-standardized",1998,"Rate",0.621180290136157,0.445614874372942,0.851553254787806
1,"Deaths",1792,"Middlesex County",25017,510,"Pneumoconiosis",1,"Male",27,"Age-standardized",1999,"Rate",0.625587237216139,0.45137392142524,0.844182140932645
1,"Deaths",1792,"Middlesex County",25017,510,"Pneumoconiosis",1,"Male",27,"Age-standardized",2000,"Rate",0.617027767202111,0.442435459775879,0.847788954004151
1,"Deaths",1792,"Middlesex County",25017,510,"Pneumoconiosis",1,"Male",27,"Age-standardized",2001,"Rate",0.607935352525065,0.441083552029317,0.834721968936979
1,"Deaths",1792,"Middlesex County",25017,510,"Pneumoconiosis",1,"Male",27,"Age-standardized",2002,"Rate",0.571929707386597,0.405264600259268,0.788102862500865
1,"Deaths",1792,"Middlesex County",25017,510,"Pneumoconiosis",1,"Male",27,"Age-standardized",2003,"Rate",0.609610029891326,0.433344237189243,0.845361822021
1,"Deaths",1792,"Middlesex County",25017,510,"Pneumoconiosis",1,"Male",27,"Age-standardized",2004,"Rate",0.561434106791939,0.408199953163326,0.781323186796053
1,"Deaths",1792,"Middlesex County",25017,510,"Pneumoconiosis",1,"Male",27,"Age-standardized",2005,"Rate",0.558233906986207,0.387751677849297,0.769728808248649
1,"Deaths",1792,"Middlesex County",25017,510,"Pneumoconiosis",1,"Male",27,"Age-standardized",2006,"Rate",0.528902387892707,0.372786833128262,0.737162948949369
1,"Deaths",1792,"Middlesex County",25017,510,"Pneumoconiosis",1,"Male",27,"Age-standardized",2007,"Rate",0.525361584526404,0.366785113610965,0.737826593067102
1,"Deaths",1792,"Middlesex County",25017,510,"Pneumoconiosis",1,"Male",27,"Age-standardized",2008,"Rate",0.525274225945261,0.361135769787651,0.726746977822397
1,"Deaths",1792,"Middlesex County",25017,510,"Pneumoconiosis",1,"Male",27,"Age-standardized",2009,"Rate",0.462726384894187,0.320265516411809,0.669327557853054
1,"Deaths",1792,"Middlesex County",25017,510,"Pneumoconiosis",1,"Male",27,"Age-standardized",2010,"Rate",0.463225382150825,0.308245870612621,0.671646033830471
1,"Deaths",1792,"Middlesex County",25017,510,"Pneumoconiosis",1,"Male",27,"Age-standardized",2011,"Rate",0.449653639380528,0.296589879778424,0.648163852471231
1,"Deaths",1792,"Middlesex County",25017,510,"Pneumoconiosis",1,"Male",27,"Age-standardized",2012,"Rate",0.435250895422815,0.287511736585712,0.634296228964547
1,"Deaths",1792,"Middlesex County",25017,510,"Pneumoconiosis",1,"Male",27,"Age-standardized",2013,"Rate",0.429121163367054,0.28015727510793,0.617565038306329
1,"Deaths",1792,"Middlesex County",25017,510,"Pneumoconiosis",1,"Male",27,"Age-standardized",2014,"Rate",0.430443954938787,0.285468460480476,0.64584418796701
1,"Deaths",1792,"Middlesex County",25017,510,"Pneumoconiosis",2,"Female",27,"Age-standardized",1980,"Rate",0.1892796487523,0.139420066897285,0.23491295952778
1,"Deaths",1792,"Middlesex County",25017,510,"Pneumoconiosis",2,"Female",27,"Age-standardized",1981,"Rate",0.192690580095477,0.141918797838866,0.237663894578465
1,"Deaths",1792,"Middlesex County",25017,510,"Pneumoconiosis",2,"Female",27,"Age-standardized",1982,"Rate",0.192847719116585,0.141110211350421,0.234906117214419
1,"Deaths",1792,"Middlesex County",25017,510,"Pneumoconiosis",2,"Female",27,"Age-standardized",1983,"Rate",0.205395981931084,0.156297668107106,0.251415226207501
1,"Deaths",1792,"Middlesex County",25017,510,"Pneumoconiosis",2,"Female",27,"Age-standardized",1984,"Rate",0.220304050556901,0.168536482643619,0.270712211145385
1,"Deaths",1792,"Middlesex County",25017,510,"Pneumoconiosis",2,"Female",27,"Age-standardized",1985,"Rate",0.227546659162625,0.176591551550181,0.276987710836881
1,"Deaths",1792,"Middlesex County",25017,510,"Pneumoconiosis",2,"Female",27,"Age-standardized",1986,"Rate",0.236714723936835,0.184140879001159,0.289679610060676
1,"Deaths",1792,"Middlesex County",25017,510,"Pneumoconiosis",2,"Female",27,"Age-standardized",1987,"Rate",0.238992156079788,0.189778278366174,0.291374775052908
1,"Deaths",1792,"Middlesex County",25017,510,"Pneumoconiosis",2,"Female",27,"Age-standardized",1988,"Rate",0.242128340340815,0.191214185718842,0.292659375463396
1,"Deaths",1792,"Middlesex County",25017,510,"Pneumoconiosis",2,"Female",27,"Age-standardized",1989,"Rate",0.238649742692034,0.185839467075736,0.291253207904395
1,"Deaths",1792,"Middlesex County",25017,510,"Pneumoconiosis",2,"Female",27,"Age-standardized",1990,"Rate",0.2377209621926,0.189428308618092,0.29058880118945
1,"Deaths",1792,"Middlesex County",25017,510,"Pneumoconiosis",2,"Female",27,"Age-standardized",1991,"Rate",0.240396927941837,0.192395610262018,0.290542922033833
1,"Deaths",1792,"Middlesex County",25017,510,"Pneumoconiosis",2,"Female",27,"Age-standardized",1992,"Rate",0.239671100157284,0.193347056533515,0.288565213298847
1,"Deaths",1792,"Middlesex County",25017,510,"Pneumoconiosis",2,"Female",27,"Age-standardized",1993,"Rate",0.262088747238057,0.213122168339223,0.314926901617289
1,"Deaths",1792,"Middlesex County",25017,510,"Pneumoconiosis",2,"Female",27,"Age-standardized",1994,"Rate",0.263532015990057,0.215309275705748,0.317906512142215
1,"Deaths",1792,"Middlesex County",25017,510,"Pneumoconiosis",2,"Female",27,"Age-standardized",1995,"Rate",0.279144753065945,0.229902978201473,0.337073212677944
1,"Deaths",1792,"Middlesex County",25017,510,"Pneumoconiosis",2,"Female",27,"Age-standardized",1996,"Rate",0.2751990330899,0.226348785865737,0.332141503329471
1,"Deaths",1792,"Middlesex County",25017,510,"Pneumoconiosis",2,"Female",27,"Age-standardized",1997,"Rate",0.282467463187482,0.234205635141723,0.345900705481142
1,"Deaths",1792,"Middlesex County",25017,510,"Pneumoconiosis",2,"Female",27,"Age-standardized",1998,"Rate",0.301726024702639,0.248341933181523,0.369215072321142
1,"Deaths",1792,"Middlesex County",25017,510,"Pneumoconiosis",2,"Female",27,"Age-standardized",1999,"Rate",0.320762804908584,0.263049448509164,0.403439816671525
1,"Deaths",1792,"Middlesex County",25017,510,"Pneumoconiosis",2,"Female",27,"Age-standardized",2000,"Rate",0.344202925704966,0.2805587732358,0.427136894450091
1,"Deaths",1792,"Middlesex County",25017,510,"Pneumoconiosis",2,"Female",27,"Age-standardized",2001,"Rate",0.340787545094219,0.276687759668083,0.422769272284068
1,"Deaths",1792,"Middlesex County",25017,510,"Pneumoconiosis",2,"Female",27,"Age-standardized",2002,"Rate",0.349742427964074,0.284340019388783,0.432203001745905
1,"Deaths",1792,"Middlesex County",25017,510,"Pneumoconiosis",2,"Female",27,"Age-standardized",2003,"Rate",0.347351536602279,0.281864907362238,0.430171729400757
1,"Deaths",1792,"Middlesex County",25017,510,"Pneumoconiosis",2,"Female",27,"Age-standardized",2004,"Rate",0.343919118911857,0.277436832411844,0.43752814725029
1,"Deaths",1792,"Middlesex County",25017,510,"Pneumoconiosis",2,"Female",27,"Age-standardized",2005,"Rate",0.354364611455224,0.284827185626183,0.45877766833832
1,"Deaths",1792,"Middlesex County",25017,510,"Pneumoconiosis",2,"Female",27,"Age-standardized",2006,"Rate",0.349322051281528,0.277650781487454,0.4494065391469
1,"Deaths",1792,"Middlesex County",25017,510,"Pneumoconiosis",2,"Female",27,"Age-standardized",2007,"Rate",0.336258208186592,0.263314884678352,0.433773467970235
1,"Deaths",1792,"Middlesex County",25017,510,"Pneumoconiosis",2,"Female",27,"Age-standardized",2008,"Rate",0.33963142227378,0.268037463361694,0.451849840092946
1,"Deaths",1792,"Middlesex County",25017,510,"Pneumoconiosis",2,"Female",27,"Age-standardized",2009,"Rate",0.333296224862868,0.259908255539393,0.436123116814607
1,"Deaths",1792,"Middlesex County",25017,510,"Pneumoconiosis",2,"Female",27,"Age-standardized",2010,"Rate",0.337075469000964,0.262794494939209,0.44666276235634
1,"Deaths",1792,"Middlesex County",25017,510,"Pneumoconiosis",2,"Female",27,"Age-standardized",2011,"Rate",0.341712816267565,0.26507809541959,0.457148237177513
1,"Deaths",1792,"Middlesex County",25017,510,"Pneumoconiosis",2,"Female",27,"Age-standardized",2012,"Rate",0.3384026784078,0.261798469236156,0.448172500942704
1,"Deaths",1792,"Middlesex County",25017,510,"Pneumoconiosis",2,"Female",27,"Age-standardized",2013,"Rate",0.34092485968062,0.260577449827272,0.457047959704099
1,"Deaths",1792,"Middlesex County",25017,510,"Pneumoconiosis",2,"Female",27,"Age-standardized",2014,"Rate",0.341820355126751,0.259448275873057,0.467729802843407
1,"Deaths",1792,"Middlesex County",25017,510,"Pneumoconiosis",3,"Both",27,"Age-standardized",1980,"Rate",0.331874184336184,0.244959224137234,0.439764099886957
1,"Deaths",1792,"Middlesex County",25017,510,"Pneumoconiosis",3,"Both",27,"Age-standardized",1981,"Rate",0.317829240714014,0.237078113884522,0.414715219095803
1,"Deaths",1792,"Middlesex County",25017,510,"Pneumoconiosis",3,"Both",27,"Age-standardized",1982,"Rate",0.319497558665742,0.245430657025725,0.413734130728837
1,"Deaths",1792,"Middlesex County",25017,510,"Pneumoconiosis",3,"Both",27,"Age-standardized",1983,"Rate",0.3373013530931,0.260358604472873,0.427805901328385
1,"Deaths",1792,"Middlesex County",25017,510,"Pneumoconiosis",3,"Both",27,"Age-standardized",1984,"Rate",0.334028101932837,0.254999498543382,0.423120928003197
1,"Deaths",1792,"Middlesex County",25017,510,"Pneumoconiosis",3,"Both",27,"Age-standardized",1985,"Rate",0.344092642268304,0.269702513676804,0.42387767667261
1,"Deaths",1792,"Middlesex County",25017,510,"Pneumoconiosis",3,"Both",27,"Age-standardized",1986,"Rate",0.351550583262899,0.277552125461662,0.443179600353213
1,"Deaths",1792,"Middlesex County",25017,510,"Pneumoconiosis",3,"Both",27,"Age-standardized",1987,"Rate",0.36075043896958,0.28606319989837,0.447663243059097
1,"Deaths",1792,"Middlesex County",25017,510,"Pneumoconiosis",3,"Both",27,"Age-standardized",1988,"Rate",0.347609543786153,0.281243400711979,0.430238166464577
1,"Deaths",1792,"Middlesex County",25017,510,"Pneumoconiosis",3,"Both",27,"Age-standardized",1989,"Rate",0.359573362040779,0.286752972755496,0.440368821720603
1,"Deaths",1792,"Middlesex County",25017,510,"Pneumoconiosis",3,"Both",27,"Age-standardized",1990,"Rate",0.345631227144944,0.280333508056459,0.420917090295523
1,"Deaths",1792,"Middlesex County",25017,510,"Pneumoconiosis",3,"Both",27,"Age-standardized",1991,"Rate",0.34459356375006,0.279372757221081,0.420882555101307
1,"Deaths",1792,"Middlesex County",25017,510,"Pneumoconiosis",3,"Both",27,"Age-standardized",1992,"Rate",0.358629320524077,0.290658446197903,0.435762855236181
1,"Deaths",1792,"Middlesex County",25017,510,"Pneumoconiosis",3,"Both",27,"Age-standardized",1993,"Rate",0.367017316186168,0.305425159200132,0.443316401476625
1,"Deaths",1792,"Middlesex County",25017,510,"Pneumoconiosis",3,"Both",27,"Age-standardized",1994,"Rate",0.380407480658994,0.31319262606898,0.463091047419313
1,"Deaths",1792,"Middlesex County",25017,510,"Pneumoconiosis",3,"Both",27,"Age-standardized",1995,"Rate",0.383383048590009,0.314696155031014,0.462878364752517
1,"Deaths",1792,"Middlesex County",25017,510,"Pneumoconiosis",3,"Both",27,"Age-standardized",1996,"Rate",0.386989088415745,0.315643594876991,0.466494656572467
1,"Deaths",1792,"Middlesex County",25017,510,"Pneumoconiosis",3,"Both",27,"Age-standardized",1997,"Rate",0.392526009321212,0.324859454536048,0.476648720841615
1,"Deaths",1792,"Middlesex County",25017,510,"Pneumoconiosis",3,"Both",27,"Age-standardized",1998,"Rate",0.419215485902387,0.3463275946505,0.506009672811852
1,"Deaths",1792,"Middlesex County",25017,510,"Pneumoconiosis",3,"Both",27,"Age-standardized",1999,"Rate",0.434000078600865,0.356705211385237,0.522240012191001
1,"Deaths",1792,"Middlesex County",25017,510,"Pneumoconiosis",3,"Both",27,"Age-standardized",2000,"Rate",0.446841388927943,0.369961113549402,0.542908173522108
1,"Deaths",1792,"Middlesex County",25017,510,"Pneumoconiosis",3,"Both",27,"Age-standardized",2001,"Rate",0.442036560606332,0.363856172786558,0.542745734979662
1,"Deaths",1792,"Middlesex County",25017,510,"Pneumoconiosis",3,"Both",27,"Age-standardized",2002,"Rate",0.435038882237178,0.358818103184866,0.534850698872458
1,"Deaths",1792,"Middlesex County",25017,510,"Pneumoconiosis",3,"Both",27,"Age-standardized",2003,"Rate",0.447573069561235,0.364846903007077,0.554297282120374
1,"Deaths",1792,"Middlesex County",25017,510,"Pneumoconiosis",3,"Both",27,"Age-standardized",2004,"Rate",0.428042334112442,0.349074786825942,0.535738196006986
1,"Deaths",1792,"Middlesex County",25017,510,"Pneumoconiosis",3,"Both",27,"Age-standardized",2005,"Rate",0.433962465062844,0.350344672014052,0.541687872432903
1,"Deaths",1792,"Middlesex County",25017,510,"Pneumoconiosis",3,"Both",27,"Age-standardized",2006,"Rate",0.420245293927075,0.344874661726818,0.528328016551933
1,"Deaths",1792,"Middlesex County",25017,510,"Pneumoconiosis",3,"Both",27,"Age-standardized",2007,"Rate",0.410779719686669,0.333277381289069,0.512752450967383
1,"Deaths",1792,"Middlesex County",25017,510,"Pneumoconiosis",3,"Both",27,"Age-standardized",2008,"Rate",0.413289728818229,0.330676208799758,0.52518523144374
1,"Deaths",1792,"Middlesex County",25017,510,"Pneumoconiosis",3,"Both",27,"Age-standardized",2009,"Rate",0.385391017869918,0.309692242754348,0.495829221937093
1,"Deaths",1792,"Middlesex County",25017,510,"Pneumoconiosis",3,"Both",27,"Age-standardized",2010,"Rate",0.388004415060439,0.308207644452136,0.494863308839848
1,"Deaths",1792,"Middlesex County",25017,510,"Pneumoconiosis",3,"Both",27,"Age-standardized",2011,"Rate",0.385581194052897,0.304890168558161,0.49969812114074
1,"Deaths",1792,"Middlesex County",25017,510,"Pneumoconiosis",3,"Both",27,"Age-standardized",2012,"Rate",0.378340272072237,0.299929317651228,0.486603903380024
1,"Deaths",1792,"Middlesex County",25017,510,"Pneumoconiosis",3,"Both",27,"Age-standardized",2013,"Rate",0.377397711130664,0.2992138439152,0.483527395977862
1,"Deaths",1792,"Middlesex County",25017,510,"Pneumoconiosis",3,"Both",27,"Age-standardized",2014,"Rate",0.378330859138934,0.297590166233825,0.49293820837607
1,"Deaths",1802,"Nantucket County",25019,510,"Pneumoconiosis",1,"Male",27,"Age-standardized",1980,"Rate",0.45849746763098,0.0141213516723312,2.65413663328402
1,"Deaths",1802,"Nantucket County",25019,510,"Pneumoconiosis",1,"Male",27,"Age-standardized",1981,"Rate",0.438230447134161,0.0144049993322217,2.25396342762455
1,"Deaths",1802,"Nantucket County",25019,510,"Pneumoconiosis",1,"Male",27,"Age-standardized",1982,"Rate",0.436561368502741,0.01509914638797,2.26891080053551
1,"Deaths",1802,"Nantucket County",25019,510,"Pneumoconiosis",1,"Male",27,"Age-standardized",1983,"Rate",0.447540950934257,0.0150085056854869,2.36909859443903
1,"Deaths",1802,"Nantucket County",25019,510,"Pneumoconiosis",1,"Male",27,"Age-standardized",1984,"Rate",0.428412959623277,0.0160621167967271,2.18171870970957
1,"Deaths",1802,"Nantucket County",25019,510,"Pneumoconiosis",1,"Male",27,"Age-standardized",1985,"Rate",0.442447400052283,0.0163193105899313,2.45069257118522
1,"Deaths",1802,"Nantucket County",25019,510,"Pneumoconiosis",1,"Male",27,"Age-standardized",1986,"Rate",0.447217824852889,0.0169359130136264,2.42348753420309
1,"Deaths",1802,"Nantucket County",25019,510,"Pneumoconiosis",1,"Male",27,"Age-standardized",1987,"Rate",0.44178581700852,0.0172625313807977,2.35048520859724
1,"Deaths",1802,"Nantucket County",25019,510,"Pneumoconiosis",1,"Male",27,"Age-standardized",1988,"Rate",0.444812243274496,0.0176392508152903,2.32018230086888
1,"Deaths",1802,"Nantucket County",25019,510,"Pneumoconiosis",1,"Male",27,"Age-standardized",1989,"Rate",0.45049140994813,0.0181076273231543,2.59300028468465
1,"Deaths",1802,"Nantucket County",25019,510,"Pneumoconiosis",1,"Male",27,"Age-standardized",1990,"Rate",0.42604143019745,0.0171040561565203,2.3699472647861
1,"Deaths",1802,"Nantucket County",25019,510,"Pneumoconiosis",1,"Male",27,"Age-standardized",1991,"Rate",0.431364349176089,0.0175749498869786,2.23628464033884
1,"Deaths",1802,"Nantucket County",25019,510,"Pneumoconiosis",1,"Male",27,"Age-standardized",1992,"Rate",0.44310880850446,0.0171208814451417,2.51329275373799
1,"Deaths",1802,"Nantucket County",25019,510,"Pneumoconiosis",1,"Male",27,"Age-standardized",1993,"Rate",0.448747805051342,0.016592553071344,2.50295181504662
1,"Deaths",1802,"Nantucket County",25019,510,"Pneumoconiosis",1,"Male",27,"Age-standardized",1994,"Rate",0.453469390910805,0.0179000936832794,2.57061137989797
1,"Deaths",1802,"Nantucket County",25019,510,"Pneumoconiosis",1,"Male",27,"Age-standardized",1995,"Rate",0.451263703219627,0.0178913741324622,2.620754223062
1,"Deaths",1802,"Nantucket County",25019,510,"Pneumoconiosis",1,"Male",27,"Age-standardized",1996,"Rate",0.453217657233569,0.0173769967250614,2.78494602939954
1,"Deaths",1802,"Nantucket County",25019,510,"Pneumoconiosis",1,"Male",27,"Age-standardized",1997,"Rate",0.454688256066751,0.0174487496506128,2.50078517389266
1,"Deaths",1802,"Nantucket County",25019,510,"Pneumoconiosis",1,"Male",27,"Age-standardized",1998,"Rate",0.457492584183145,0.0172118636277595,2.83433560898636
1,"Deaths",1802,"Nantucket County",25019,510,"Pneumoconiosis",1,"Male",27,"Age-standardized",1999,"Rate",0.477553782202942,0.0174473791692603,2.79632500598121
1,"Deaths",1802,"Nantucket County",25019,510,"Pneumoconiosis",1,"Male",27,"Age-standardized",2000,"Rate",0.4701898488463,0.0151586670395447,2.77292129228695
1,"Deaths",1802,"Nantucket County",25019,510,"Pneumoconiosis",1,"Male",27,"Age-standardized",2001,"Rate",0.478840726977725,0.0163062191556439,2.99134129559327
1,"Deaths",1802,"Nantucket County",25019,510,"Pneumoconiosis",1,"Male",27,"Age-standardized",2002,"Rate",0.497703789216448,0.0157989885632137,3.07138291669124
1,"Deaths",1802,"Nantucket County",25019,510,"Pneumoconiosis",1,"Male",27,"Age-standardized",2003,"Rate",0.513965883135337,0.0145931605673121,3.20093109464039
1,"Deaths",1802,"Nantucket County",25019,510,"Pneumoconiosis",1,"Male",27,"Age-standardized",2004,"Rate",0.478072570575265,0.014345597408076,2.91406156121388
1,"Deaths",1802,"Nantucket County",25019,510,"Pneumoconiosis",1,"Male",27,"Age-standardized",2005,"Rate",0.453886998192042,0.0116224759290535,2.8678741540437
1,"Deaths",1802,"Nantucket County",25019,510,"Pneumoconiosis",1,"Male",27,"Age-standardized",2006,"Rate",0.423936780449324,0.0109238287364208,2.74259381678715
1,"Deaths",1802,"Nantucket County",25019,510,"Pneumoconiosis",1,"Male",27,"Age-standardized",2007,"Rate",0.428171577696066,0.0109887455930084,2.78512991356569
1,"Deaths",1802,"Nantucket County",25019,510,"Pneumoconiosis",1,"Male",27,"Age-standardized",2008,"Rate",0.441547120665278,0.0100246683420661,2.78530658799368
1,"Deaths",1802,"Nantucket County",25019,510,"Pneumoconiosis",1,"Male",27,"Age-standardized",2009,"Rate",0.446512014569932,0.00906676471493472,2.7714987299965
1,"Deaths",1802,"Nantucket County",25019,510,"Pneumoconiosis",1,"Male",27,"Age-standardized",2010,"Rate",0.454738491684849,0.00913252183171088,2.91478024324022
1,"Deaths",1802,"Nantucket County",25019,510,"Pneumoconiosis",1,"Male",27,"Age-standardized",2011,"Rate",0.427782527881689,0.00747680728090287,2.60188979053662
1,"Deaths",1802,"Nantucket County",25019,510,"Pneumoconiosis",1,"Male",27,"Age-standardized",2012,"Rate",0.427597243540826,0.00707680801882139,2.84053235934695
1,"Deaths",1802,"Nantucket County",25019,510,"Pneumoconiosis",1,"Male",27,"Age-standardized",2013,"Rate",0.43587332490657,0.00610408987921462,2.7675323990449
1,"Deaths",1802,"Nantucket County",25019,510,"Pneumoconiosis",1,"Male",27,"Age-standardized",2014,"Rate",0.447496027242618,0.00593231615678289,2.95450539591803
1,"Deaths",1802,"Nantucket County",25019,510,"Pneumoconiosis",2,"Female",27,"Age-standardized",1980,"Rate",0.244402452396442,0.115020794771489,0.440382493420293
1,"Deaths",1802,"Nantucket County",25019,510,"Pneumoconiosis",2,"Female",27,"Age-standardized",1981,"Rate",0.247081217932431,0.118443434783446,0.443162841102593
1,"Deaths",1802,"Nantucket County",25019,510,"Pneumoconiosis",2,"Female",27,"Age-standardized",1982,"Rate",0.247480570331524,0.118949853905898,0.444921525458241
1,"Deaths",1802,"Nantucket County",25019,510,"Pneumoconiosis",2,"Female",27,"Age-standardized",1983,"Rate",0.259839090733738,0.128777972934492,0.466409675678119
1,"Deaths",1802,"Nantucket County",25019,510,"Pneumoconiosis",2,"Female",27,"Age-standardized",1984,"Rate",0.269805707338544,0.131203325286743,0.485434030629259
1,"Deaths",1802,"Nantucket County",25019,510,"Pneumoconiosis",2,"Female",27,"Age-standardized",1985,"Rate",0.27733765613676,0.138402637028743,0.489742177431676
1,"Deaths",1802,"Nantucket County",25019,510,"Pneumoconiosis",2,"Female",27,"Age-standardized",1986,"Rate",0.284089364789767,0.144061781818448,0.511989811460831
1,"Deaths",1802,"Nantucket County",25019,510,"Pneumoconiosis",2,"Female",27,"Age-standardized",1987,"Rate",0.285640620643201,0.140405242698493,0.519670301073937
1,"Deaths",1802,"Nantucket County",25019,510,"Pneumoconiosis",2,"Female",27,"Age-standardized",1988,"Rate",0.291581814014373,0.143021448506387,0.528553972028511
1,"Deaths",1802,"Nantucket County",25019,510,"Pneumoconiosis",2,"Female",27,"Age-standardized",1989,"Rate",0.283686369827144,0.138724515460054,0.507353624951571
1,"Deaths",1802,"Nantucket County",25019,510,"Pneumoconiosis",2,"Female",27,"Age-standardized",1990,"Rate",0.278075765042769,0.138903617316064,0.492859825241524
1,"Deaths",1802,"Nantucket County",25019,510,"Pneumoconiosis",2,"Female",27,"Age-standardized",1991,"Rate",0.281372659383852,0.140062246530675,0.510288598433863
1,"Deaths",1802,"Nantucket County",25019,510,"Pneumoconiosis",2,"Female",27,"Age-standardized",1992,"Rate",0.286611345904251,0.138432611538496,0.519214908165932
1,"Deaths",1802,"Nantucket County",25019,510,"Pneumoconiosis",2,"Female",27,"Age-standardized",1993,"Rate",0.300113645877929,0.144563441867993,0.546708535023013
1,"Deaths",1802,"Nantucket County",25019,510,"Pneumoconiosis",2,"Female",27,"Age-standardized",1994,"Rate",0.308821008144812,0.149562218344428,0.572556659564661
1,"Deaths",1802,"Nantucket County",25019,510,"Pneumoconiosis",2,"Female",27,"Age-standardized",1995,"Rate",0.317229038574202,0.150337380884715,0.602429167755145
1,"Deaths",1802,"Nantucket County",25019,510,"Pneumoconiosis",2,"Female",27,"Age-standardized",1996,"Rate",0.327333500180536,0.153227271452071,0.620238349315632
1,"Deaths",1802,"Nantucket County",25019,510,"Pneumoconiosis",2,"Female",27,"Age-standardized",1997,"Rate",0.337968248914079,0.155050664894132,0.652605226133868
1,"Deaths",1802,"Nantucket County",25019,510,"Pneumoconiosis",2,"Female",27,"Age-standardized",1998,"Rate",0.355752533647235,0.162599927017291,0.690115980670178
1,"Deaths",1802,"Nantucket County",25019,510,"Pneumoconiosis",2,"Female",27,"Age-standardized",1999,"Rate",0.385060993058315,0.170648195047256,0.741867317523316
1,"Deaths",1802,"Nantucket County",25019,510,"Pneumoconiosis",2,"Female",27,"Age-standardized",2000,"Rate",0.405725189562191,0.17657078914704,0.789985117289559
1,"Deaths",1802,"Nantucket County",25019,510,"Pneumoconiosis",2,"Female",27,"Age-standardized",2001,"Rate",0.400700230236855,0.16992477333222,0.786993003476637
1,"Deaths",1802,"Nantucket County",25019,510,"Pneumoconiosis",2,"Female",27,"Age-standardized",2002,"Rate",0.40849027970583,0.173772923292791,0.8338643516097
1,"Deaths",1802,"Nantucket County",25019,510,"Pneumoconiosis",2,"Female",27,"Age-standardized",2003,"Rate",0.424869512669427,0.168567143744843,0.87468921036711
1,"Deaths",1802,"Nantucket County",25019,510,"Pneumoconiosis",2,"Female",27,"Age-standardized",2004,"Rate",0.411357740507179,0.164158908906098,0.841502131031409
1,"Deaths",1802,"Nantucket County",25019,510,"Pneumoconiosis",2,"Female",27,"Age-standardized",2005,"Rate",0.399072022258726,0.155898136673338,0.826628103469286
1,"Deaths",1802,"Nantucket County",25019,510,"Pneumoconiosis",2,"Female",27,"Age-standardized",2006,"Rate",0.390119462736506,0.147069706286226,0.823784916961077
1,"Deaths",1802,"Nantucket County",25019,510,"Pneumoconiosis",2,"Female",27,"Age-standardized",2007,"Rate",0.374998266904745,0.138281773581304,0.811457346040299
1,"Deaths",1802,"Nantucket County",25019,510,"Pneumoconiosis",2,"Female",27,"Age-standardized",2008,"Rate",0.373129490727441,0.133166321809845,0.81957809660615
1,"Deaths",1802,"Nantucket County",25019,510,"Pneumoconiosis",2,"Female",27,"Age-standardized",2009,"Rate",0.383926121319965,0.135470979232466,0.830898519584315
1,"Deaths",1802,"Nantucket County",25019,510,"Pneumoconiosis",2,"Female",27,"Age-standardized",2010,"Rate",0.398515607133454,0.137557317990482,0.908931157404572
1,"Deaths",1802,"Nantucket County",25019,510,"Pneumoconiosis",2,"Female",27,"Age-standardized",2011,"Rate",0.407451939436038,0.136546174949862,0.928514455766282
1,"Deaths",1802,"Nantucket County",25019,510,"Pneumoconiosis",2,"Female",27,"Age-standardized",2012,"Rate",0.409907762951042,0.134972030199326,0.937378233776752
1,"Deaths",1802,"Nantucket County",25019,510,"Pneumoconiosis",2,"Female",27,"Age-standardized",2013,"Rate",0.415019670413156,0.135974761820934,0.941066035450716
1,"Deaths",1802,"Nantucket County",25019,510,"Pneumoconiosis",2,"Female",27,"Age-standardized",2014,"Rate",0.419193670075566,0.134734051970227,0.991327431867383
1,"Deaths",1802,"Nantucket County",25019,510,"Pneumoconiosis",3,"Both",27,"Age-standardized",1980,"Rate",0.329702148174732,0.105734732181119,1.04808555847534
1,"Deaths",1802,"Nantucket County",25019,510,"Pneumoconiosis",3,"Both",27,"Age-standardized",1981,"Rate",0.324205765981375,0.110802677599124,0.97355583016816
1,"Deaths",1802,"Nantucket County",25019,510,"Pneumoconiosis",3,"Both",27,"Age-standardized",1982,"Rate",0.323880501276229,0.111436157635416,0.979330441522966
1,"Deaths",1802,"Nantucket County",25019,510,"Pneumoconiosis",3,"Both",27,"Age-standardized",1983,"Rate",0.335015484235184,0.116091302311493,1.01563324193118
1,"Deaths",1802,"Nantucket County",25019,510,"Pneumoconiosis",3,"Both",27,"Age-standardized",1984,"Rate",0.335202372603948,0.116759464472172,0.951366755006211
1,"Deaths",1802,"Nantucket County",25019,510,"Pneumoconiosis",3,"Both",27,"Age-standardized",1985,"Rate",0.344281893601214,0.1259739400997,1.06005363969131
1,"Deaths",1802,"Nantucket County",25019,510,"Pneumoconiosis",3,"Both",27,"Age-standardized",1986,"Rate",0.349943072416235,0.126013887129558,1.02639200290226
1,"Deaths",1802,"Nantucket County",25019,510,"Pneumoconiosis",3,"Both",27,"Age-standardized",1987,"Rate",0.348742232464304,0.123213019043318,1.06904714551037
1,"Deaths",1802,"Nantucket County",25019,510,"Pneumoconiosis",3,"Both",27,"Age-standardized",1988,"Rate",0.353199274005739,0.124118060185203,1.04415271616704
1,"Deaths",1802,"Nantucket County",25019,510,"Pneumoconiosis",3,"Both",27,"Age-standardized",1989,"Rate",0.349732441612202,0.123668504142907,1.08866633012185
1,"Deaths",1802,"Nantucket County",25019,510,"Pneumoconiosis",3,"Both",27,"Age-standardized",1990,"Rate",0.336620132394486,0.118261294264583,1.05290257238439
1,"Deaths",1802,"Nantucket County",25019,510,"Pneumoconiosis",3,"Both",27,"Age-standardized",1991,"Rate",0.341046192312692,0.11978964065389,1.01450239556708
1,"Deaths",1802,"Nantucket County",25019,510,"Pneumoconiosis",3,"Both",27,"Age-standardized",1992,"Rate",0.348507030356545,0.116988439191196,1.09740560288838
1,"Deaths",1802,"Nantucket County",25019,510,"Pneumoconiosis",3,"Both",27,"Age-standardized",1993,"Rate",0.359309607631299,0.122683325942517,1.09956907571351
1,"Deaths",1802,"Nantucket County",25019,510,"Pneumoconiosis",3,"Both",27,"Age-standardized",1994,"Rate",0.367177492955594,0.128967821878014,1.11085078727439
1,"Deaths",1802,"Nantucket County",25019,510,"Pneumoconiosis",3,"Both",27,"Age-standardized",1995,"Rate",0.371949320632485,0.130472582649848,1.15789340459706
1,"Deaths",1802,"Nantucket County",25019,510,"Pneumoconiosis",3,"Both",27,"Age-standardized",1996,"Rate",0.37910277418984,0.130110766155194,1.21095752602226
1,"Deaths",1802,"Nantucket County",25019,510,"Pneumoconiosis",3,"Both",27,"Age-standardized",1997,"Rate",0.386628867308605,0.133923247956047,1.1501930985758
1,"Deaths",1802,"Nantucket County",25019,510,"Pneumoconiosis",3,"Both",27,"Age-standardized",1998,"Rate",0.398744254810478,0.136862737562096,1.23894207002225
1,"Deaths",1802,"Nantucket County",25019,510,"Pneumoconiosis",3,"Both",27,"Age-standardized",1999,"Rate",0.425229073355785,0.147755764618363,1.33947678079511
1,"Deaths",1802,"Nantucket County",25019,510,"Pneumoconiosis",3,"Both",27,"Age-standardized",2000,"Rate",0.435787496077355,0.152634592953429,1.33205624518284
1,"Deaths",1802,"Nantucket County",25019,510,"Pneumoconiosis",3,"Both",27,"Age-standardized",2001,"Rate",0.435022827032565,0.147006140468447,1.38323924467497
1,"Deaths",1802,"Nantucket County",25019,510,"Pneumoconiosis",3,"Both",27,"Age-standardized",2002,"Rate",0.446236972915842,0.15182691763048,1.46540347640165
1,"Deaths",1802,"Nantucket County",25019,510,"Pneumoconiosis",3,"Both",27,"Age-standardized",2003,"Rate",0.46284770793986,0.149864596707453,1.47183500348978
1,"Deaths",1802,"Nantucket County",25019,510,"Pneumoconiosis",3,"Both",27,"Age-standardized",2004,"Rate",0.442042398288516,0.141023926185641,1.34482352108131
1,"Deaths",1802,"Nantucket County",25019,510,"Pneumoconiosis",3,"Both",27,"Age-standardized",2005,"Rate",0.426550261745488,0.135336202448882,1.36531015208382
1,"Deaths",1802,"Nantucket County",25019,510,"Pneumoconiosis",3,"Both",27,"Age-standardized",2006,"Rate",0.410536231168065,0.130101293939687,1.30254559707211
1,"Deaths",1802,"Nantucket County",25019,510,"Pneumoconiosis",3,"Both",27,"Age-standardized",2007,"Rate",0.399857944498279,0.12232734189045,1.26655816908662
1,"Deaths",1802,"Nantucket County",25019,510,"Pneumoconiosis",3,"Both",27,"Age-standardized",2008,"Rate",0.404729646142547,0.115044097700485,1.39157780351655
1,"Deaths",1802,"Nantucket County",25019,510,"Pneumoconiosis",3,"Both",27,"Age-standardized",2009,"Rate",0.413214176670735,0.114596686565839,1.40601255785396
1,"Deaths",1802,"Nantucket County",25019,510,"Pneumoconiosis",3,"Both",27,"Age-standardized",2010,"Rate",0.425724416034034,0.118746685338472,1.44284711234933
1,"Deaths",1802,"Nantucket County",25019,510,"Pneumoconiosis",3,"Both",27,"Age-standardized",2011,"Rate",0.421123129192222,0.116648476069691,1.330457283593
1,"Deaths",1802,"Nantucket County",25019,510,"Pneumoconiosis",3,"Both",27,"Age-standardized",2012,"Rate",0.422363022059984,0.112251365040606,1.40195860184222
1,"Deaths",1802,"Nantucket County",25019,510,"Pneumoconiosis",3,"Both",27,"Age-standardized",2013,"Rate",0.428385600510254,0.11614737976781,1.43409869980724
1,"Deaths",1802,"Nantucket County",25019,510,"Pneumoconiosis",3,"Both",27,"Age-standardized",2014,"Rate",0.436172926711402,0.114162667893466,1.51062566910142
1,"Deaths",1798,"Norfolk County",25021,510,"Pneumoconiosis",1,"Male",27,"Age-standardized",1980,"Rate",0.724459771400471,0.445447406632218,1.11166624714651
1,"Deaths",1798,"Norfolk County",25021,510,"Pneumoconiosis",1,"Male",27,"Age-standardized",1981,"Rate",0.723404497345488,0.44626558989823,1.10405428637169
1,"Deaths",1798,"Norfolk County",25021,510,"Pneumoconiosis",1,"Male",27,"Age-standardized",1982,"Rate",0.763797975241084,0.471824237855417,1.13630918083886
1,"Deaths",1798,"Norfolk County",25021,510,"Pneumoconiosis",1,"Male",27,"Age-standardized",1983,"Rate",0.792237435731056,0.505269745217891,1.17801427329911
1,"Deaths",1798,"Norfolk County",25021,510,"Pneumoconiosis",1,"Male",27,"Age-standardized",1984,"Rate",0.763807318442765,0.498539558970181,1.1371315934889
1,"Deaths",1798,"Norfolk County",25021,510,"Pneumoconiosis",1,"Male",27,"Age-standardized",1985,"Rate",0.820491530840947,0.535453509277736,1.19063832667146
1,"Deaths",1798,"Norfolk County",25021,510,"Pneumoconiosis",1,"Male",27,"Age-standardized",1986,"Rate",0.874586702615918,0.584267558611379,1.2742655051519
1,"Deaths",1798,"Norfolk County",25021,510,"Pneumoconiosis",1,"Male",27,"Age-standardized",1987,"Rate",0.821199807635047,0.550275258592617,1.17884992238927
1,"Deaths",1798,"Norfolk County",25021,510,"Pneumoconiosis",1,"Male",27,"Age-standardized",1988,"Rate",0.901714910380494,0.612580262070452,1.28858833547825
1,"Deaths",1798,"Norfolk County",25021,510,"Pneumoconiosis",1,"Male",27,"Age-standardized",1989,"Rate",0.880616610786706,0.593835642333722,1.2439721924167
1,"Deaths",1798,"Norfolk County",25021,510,"Pneumoconiosis",1,"Male",27,"Age-standardized",1990,"Rate",0.855803409265918,0.574334641497253,1.21619537062278
1,"Deaths",1798,"Norfolk County",25021,510,"Pneumoconiosis",1,"Male",27,"Age-standardized",1991,"Rate",0.861368147575845,0.595429695667489,1.21403486919966
1,"Deaths",1798,"Norfolk County",25021,510,"Pneumoconiosis",1,"Male",27,"Age-standardized",1992,"Rate",0.917205728884819,0.643012995121652,1.30553459533419
1,"Deaths",1798,"Norfolk County",25021,510,"Pneumoconiosis",1,"Male",27,"Age-standardized",1993,"Rate",0.888645834388473,0.617498610008478,1.22733688523013
1,"Deaths",1798,"Norfolk County",25021,510,"Pneumoconiosis",1,"Male",27,"Age-standardized",1994,"Rate",0.918606880574725,0.642380510000085,1.24667652342636
1,"Deaths",1798,"Norfolk County",25021,510,"Pneumoconiosis",1,"Male",27,"Age-standardized",1995,"Rate",0.933970879788443,0.654343795749062,1.28006597827715
1,"Deaths",1798,"Norfolk County",25021,510,"Pneumoconiosis",1,"Male",27,"Age-standardized",1996,"Rate",0.948540110482976,0.67526847341677,1.31193369760725
1,"Deaths",1798,"Norfolk County",25021,510,"Pneumoconiosis",1,"Male",27,"Age-standardized",1997,"Rate",0.988950774161022,0.705372745904484,1.39231602038176
1,"Deaths",1798,"Norfolk County",25021,510,"Pneumoconiosis",1,"Male",27,"Age-standardized",1998,"Rate",0.963158170340884,0.661806412693227,1.3616061901879
1,"Deaths",1798,"Norfolk County",25021,510,"Pneumoconiosis",1,"Male",27,"Age-standardized",1999,"Rate",1.05220835835588,0.741180498766231,1.44940728026017
1,"Deaths",1798,"Norfolk County",25021,510,"Pneumoconiosis",1,"Male",27,"Age-standardized",2000,"Rate",1.00941567806156,0.701800428353434,1.38932224416103
1,"Deaths",1798,"Norfolk County",25021,510,"Pneumoconiosis",1,"Male",27,"Age-standardized",2001,"Rate",1.07860107096199,0.75700280020288,1.47740045594933
1,"Deaths",1798,"Norfolk County",25021,510,"Pneumoconiosis",1,"Male",27,"Age-standardized",2002,"Rate",1.0555279851737,0.743651853153198,1.43319916187081
1,"Deaths",1798,"Norfolk County",25021,510,"Pneumoconiosis",1,"Male",27,"Age-standardized",2003,"Rate",1.07213764157392,0.751595302409456,1.52823420197909
1,"Deaths",1798,"Norfolk County",25021,510,"Pneumoconiosis",1,"Male",27,"Age-standardized",2004,"Rate",0.954712976363017,0.666231555093196,1.3019458228208
1,"Deaths",1798,"Norfolk County",25021,510,"Pneumoconiosis",1,"Male",27,"Age-standardized",2005,"Rate",0.996315731704271,0.686042170936674,1.36864867304132
1,"Deaths",1798,"Norfolk County",25021,510,"Pneumoconiosis",1,"Male",27,"Age-standardized",2006,"Rate",0.943257521509443,0.651933717398426,1.30481544793213
1,"Deaths",1798,"Norfolk County",25021,510,"Pneumoconiosis",1,"Male",27,"Age-standardized",2007,"Rate",0.971589151071854,0.661992657782735,1.37072494256346
1,"Deaths",1798,"Norfolk County",25021,510,"Pneumoconiosis",1,"Male",27,"Age-standardized",2008,"Rate",0.923302946322617,0.634267787539042,1.3207605156285
1,"Deaths",1798,"Norfolk County",25021,510,"Pneumoconiosis",1,"Male",27,"Age-standardized",2009,"Rate",0.893999393347593,0.612767886208574,1.2854336493881
1,"Deaths",1798,"Norfolk County",25021,510,"Pneumoconiosis",1,"Male",27,"Age-standardized",2010,"Rate",0.872705333143946,0.580885471725446,1.27167692256748
1,"Deaths",1798,"Norfolk County",25021,510,"Pneumoconiosis",1,"Male",27,"Age-standardized",2011,"Rate",0.86187202505112,0.583121809840954,1.21660039212945
1,"Deaths",1798,"Norfolk County",25021,510,"Pneumoconiosis",1,"Male",27,"Age-standardized",2012,"Rate",0.813648040501896,0.532922161301735,1.20619904365369
1,"Deaths",1798,"Norfolk County",25021,510,"Pneumoconiosis",1,"Male",27,"Age-standardized",2013,"Rate",0.800123162241715,0.510000148442081,1.17276987395618
1,"Deaths",1798,"Norfolk County",25021,510,"Pneumoconiosis",1,"Male",27,"Age-standardized",2014,"Rate",0.874900145752958,0.548739332587641,1.30048372210681
1,"Deaths",1798,"Norfolk County",25021,510,"Pneumoconiosis",2,"Female",27,"Age-standardized",1980,"Rate",0.192474854870045,0.137699308407882,0.244914739190309
1,"Deaths",1798,"Norfolk County",25021,510,"Pneumoconiosis",2,"Female",27,"Age-standardized",1981,"Rate",0.189403229275624,0.135369445748281,0.238346675899566
1,"Deaths",1798,"Norfolk County",25021,510,"Pneumoconiosis",2,"Female",27,"Age-standardized",1982,"Rate",0.19423703065113,0.140017627787898,0.244223072208522
1,"Deaths",1798,"Norfolk County",25021,510,"Pneumoconiosis",2,"Female",27,"Age-standardized",1983,"Rate",0.209374356456903,0.155109471087249,0.261858124927065
1,"Deaths",1798,"Norfolk County",25021,510,"Pneumoconiosis",2,"Female",27,"Age-standardized",1984,"Rate",0.212881011045843,0.160118792534597,0.263385432467796
1,"Deaths",1798,"Norfolk County",25021,510,"Pneumoconiosis",2,"Female",27,"Age-standardized",1985,"Rate",0.225042655452789,0.170437883595525,0.278729616256835
1,"Deaths",1798,"Norfolk County",25021,510,"Pneumoconiosis",2,"Female",27,"Age-standardized",1986,"Rate",0.233584538950535,0.176830744244804,0.289145669828772
1,"Deaths",1798,"Norfolk County",25021,510,"Pneumoconiosis",2,"Female",27,"Age-standardized",1987,"Rate",0.235973430144391,0.179521940591309,0.289761428470606
1,"Deaths",1798,"Norfolk County",25021,510,"Pneumoconiosis",2,"Female",27,"Age-standardized",1988,"Rate",0.240285807843793,0.185487397787594,0.296421619088942
1,"Deaths",1798,"Norfolk County",25021,510,"Pneumoconiosis",2,"Female",27,"Age-standardized",1989,"Rate",0.235317480912518,0.186442773777743,0.286308540070954
1,"Deaths",1798,"Norfolk County",25021,510,"Pneumoconiosis",2,"Female",27,"Age-standardized",1990,"Rate",0.237147407665059,0.189373467073268,0.288777282776957
1,"Deaths",1798,"Norfolk County",25021,510,"Pneumoconiosis",2,"Female",27,"Age-standardized",1991,"Rate",0.237832565928905,0.191411537508311,0.291736396557452
1,"Deaths",1798,"Norfolk County",25021,510,"Pneumoconiosis",2,"Female",27,"Age-standardized",1992,"Rate",0.243045427377493,0.195131857130366,0.298523439440587
1,"Deaths",1798,"Norfolk County",25021,510,"Pneumoconiosis",2,"Female",27,"Age-standardized",1993,"Rate",0.252380320105397,0.203528218921467,0.304600453429444
1,"Deaths",1798,"Norfolk County",25021,510,"Pneumoconiosis",2,"Female",27,"Age-standardized",1994,"Rate",0.260342610324991,0.210229171066273,0.316591029049467
1,"Deaths",1798,"Norfolk County",25021,510,"Pneumoconiosis",2,"Female",27,"Age-standardized",1995,"Rate",0.27169149958622,0.218122597061644,0.332597380172953
1,"Deaths",1798,"Norfolk County",25021,510,"Pneumoconiosis",2,"Female",27,"Age-standardized",1996,"Rate",0.27245536786437,0.220148558228415,0.332555737947374
1,"Deaths",1798,"Norfolk County",25021,510,"Pneumoconiosis",2,"Female",27,"Age-standardized",1997,"Rate",0.27983836070612,0.22637635574275,0.345420013486456
1,"Deaths",1798,"Norfolk County",25021,510,"Pneumoconiosis",2,"Female",27,"Age-standardized",1998,"Rate",0.302416969441209,0.2454159663724,0.373530714868221
1,"Deaths",1798,"Norfolk County",25021,510,"Pneumoconiosis",2,"Female",27,"Age-standardized",1999,"Rate",0.318130863435242,0.254574427701715,0.393051650952961
1,"Deaths",1798,"Norfolk County",25021,510,"Pneumoconiosis",2,"Female",27,"Age-standardized",2000,"Rate",0.340097891672601,0.271628314226481,0.437798884614282
1,"Deaths",1798,"Norfolk County",25021,510,"Pneumoconiosis",2,"Female",27,"Age-standardized",2001,"Rate",0.333196284036658,0.266210074727417,0.418312953847531
1,"Deaths",1798,"Norfolk County",25021,510,"Pneumoconiosis",2,"Female",27,"Age-standardized",2002,"Rate",0.350529653049009,0.279950762167751,0.442514742247711
1,"Deaths",1798,"Norfolk County",25021,510,"Pneumoconiosis",2,"Female",27,"Age-standardized",2003,"Rate",0.351571330701992,0.280205685306765,0.452322032206627
1,"Deaths",1798,"Norfolk County",25021,510,"Pneumoconiosis",2,"Female",27,"Age-standardized",2004,"Rate",0.348017196168102,0.273995017504126,0.448802202594727
1,"Deaths",1798,"Norfolk County",25021,510,"Pneumoconiosis",2,"Female",27,"Age-standardized",2005,"Rate",0.341842910774635,0.265385842237332,0.446466580162949
1,"Deaths",1798,"Norfolk County",25021,510,"Pneumoconiosis",2,"Female",27,"Age-standardized",2006,"Rate",0.354073978131322,0.278421244242398,0.461084269075158
1,"Deaths",1798,"Norfolk County",25021,510,"Pneumoconiosis",2,"Female",27,"Age-standardized",2007,"Rate",0.345680718995602,0.271223572786023,0.451656107691979
1,"Deaths",1798,"Norfolk County",25021,510,"Pneumoconiosis",2,"Female",27,"Age-standardized",2008,"Rate",0.338073001965416,0.262555865095015,0.449683617785331
1,"Deaths",1798,"Norfolk County",25021,510,"Pneumoconiosis",2,"Female",27,"Age-standardized",2009,"Rate",0.337991897600861,0.258704175589802,0.463029968225074
1,"Deaths",1798,"Norfolk County",25021,510,"Pneumoconiosis",2,"Female",27,"Age-standardized",2010,"Rate",0.332068150792765,0.256597355044277,0.448004606383852
1,"Deaths",1798,"Norfolk County",25021,510,"Pneumoconiosis",2,"Female",27,"Age-standardized",2011,"Rate",0.341333273229808,0.258037450958263,0.468576383250621
1,"Deaths",1798,"Norfolk County",25021,510,"Pneumoconiosis",2,"Female",27,"Age-standardized",2012,"Rate",0.337597021213598,0.254219520749383,0.463426912289171
1,"Deaths",1798,"Norfolk County",25021,510,"Pneumoconiosis",2,"Female",27,"Age-standardized",2013,"Rate",0.338341354620533,0.255374382004015,0.466911258993447
1,"Deaths",1798,"Norfolk County",25021,510,"Pneumoconiosis",2,"Female",27,"Age-standardized",2014,"Rate",0.341973751164336,0.254200244315514,0.473768367505259
1,"Deaths",1798,"Norfolk County",25021,510,"Pneumoconiosis",3,"Both",27,"Age-standardized",1980,"Rate",0.383701067435094,0.276498225311861,0.523288358909223
1,"Deaths",1798,"Norfolk County",25021,510,"Pneumoconiosis",3,"Both",27,"Age-standardized",1981,"Rate",0.379997232818577,0.279246617728996,0.512838493826335
1,"Deaths",1798,"Norfolk County",25021,510,"Pneumoconiosis",3,"Both",27,"Age-standardized",1982,"Rate",0.396784528059829,0.289041263630609,0.533139523409072
1,"Deaths",1798,"Norfolk County",25021,510,"Pneumoconiosis",3,"Both",27,"Age-standardized",1983,"Rate",0.416535634829698,0.307610580229616,0.549553567802905
1,"Deaths",1798,"Norfolk County",25021,510,"Pneumoconiosis",3,"Both",27,"Age-standardized",1984,"Rate",0.408455278571021,0.307068841033394,0.545375472786549
1,"Deaths",1798,"Norfolk County",25021,510,"Pneumoconiosis",3,"Both",27,"Age-standardized",1985,"Rate",0.435556915599748,0.328428048446352,0.561695253086719
1,"Deaths",1798,"Norfolk County",25021,510,"Pneumoconiosis",3,"Both",27,"Age-standardized",1986,"Rate",0.459288200209013,0.35313055429143,0.596943080128716
1,"Deaths",1798,"Norfolk County",25021,510,"Pneumoconiosis",3,"Both",27,"Age-standardized",1987,"Rate",0.442137250380304,0.340438051120863,0.568208044626687
1,"Deaths",1798,"Norfolk County",25021,510,"Pneumoconiosis",3,"Both",27,"Age-standardized",1988,"Rate",0.472430825337044,0.365064622233098,0.607209929957582
1,"Deaths",1798,"Norfolk County",25021,510,"Pneumoconiosis",3,"Both",27,"Age-standardized",1989,"Rate",0.460699147101894,0.358752493839418,0.582872154359004
1,"Deaths",1798,"Norfolk County",25021,510,"Pneumoconiosis",3,"Both",27,"Age-standardized",1990,"Rate",0.453891105585083,0.352431916329092,0.580319958344869
1,"Deaths",1798,"Norfolk County",25021,510,"Pneumoconiosis",3,"Both",27,"Age-standardized",1991,"Rate",0.455800179096397,0.359354904418804,0.575007155319936
1,"Deaths",1798,"Norfolk County",25021,510,"Pneumoconiosis",3,"Both",27,"Age-standardized",1992,"Rate",0.478212529678665,0.375751686856069,0.613520648362496
1,"Deaths",1798,"Norfolk County",25021,510,"Pneumoconiosis",3,"Both",27,"Age-standardized",1993,"Rate",0.476047698441345,0.379639317850907,0.595401134549597
1,"Deaths",1798,"Norfolk County",25021,510,"Pneumoconiosis",3,"Both",27,"Age-standardized",1994,"Rate",0.491861755908751,0.389498803304584,0.61017298383492
1,"Deaths",1798,"Norfolk County",25021,510,"Pneumoconiosis",3,"Both",27,"Age-standardized",1995,"Rate",0.506186070737878,0.39847655670926,0.636603017423784
1,"Deaths",1798,"Norfolk County",25021,510,"Pneumoconiosis",3,"Both",27,"Age-standardized",1996,"Rate",0.511852795496088,0.41314109948107,0.641424001066798
1,"Deaths",1798,"Norfolk County",25021,510,"Pneumoconiosis",3,"Both",27,"Age-standardized",1997,"Rate",0.531129407322259,0.425422098937694,0.673416587167188
1,"Deaths",1798,"Norfolk County",25021,510,"Pneumoconiosis",3,"Both",27,"Age-standardized",1998,"Rate",0.537781969878738,0.4282800671799,0.683324436839308
1,"Deaths",1798,"Norfolk County",25021,510,"Pneumoconiosis",3,"Both",27,"Age-standardized",1999,"Rate",0.581081891091708,0.458472353086835,0.719891548826876
1,"Deaths",1798,"Norfolk County",25021,510,"Pneumoconiosis",3,"Both",27,"Age-standardized",2000,"Rate",0.58190123032375,0.463235126152947,0.725631896046883
1,"Deaths",1798,"Norfolk County",25021,510,"Pneumoconiosis",3,"Both",27,"Age-standardized",2001,"Rate",0.604079326591964,0.476968526735079,0.757268731163138
1,"Deaths",1798,"Norfolk County",25021,510,"Pneumoconiosis",3,"Both",27,"Age-standardized",2002,"Rate",0.609026785953105,0.487547142564426,0.767542227131727
1,"Deaths",1798,"Norfolk County",25021,510,"Pneumoconiosis",3,"Both",27,"Age-standardized",2003,"Rate",0.617560193599177,0.486660632882229,0.798717697037649
1,"Deaths",1798,"Norfolk County",25021,510,"Pneumoconiosis",3,"Both",27,"Age-standardized",2004,"Rate",0.573228394470728,0.454722499688798,0.719218081625152
1,"Deaths",1798,"Norfolk County",25021,510,"Pneumoconiosis",3,"Both",27,"Age-standardized",2005,"Rate",0.585287672582436,0.459977641821952,0.731827048882223
1,"Deaths",1798,"Norfolk County",25021,510,"Pneumoconiosis",3,"Both",27,"Age-standardized",2006,"Rate",0.574406343980077,0.445000830327916,0.727509922558319
1,"Deaths",1798,"Norfolk County",25021,510,"Pneumoconiosis",3,"Both",27,"Age-standardized",2007,"Rate",0.58039419347666,0.450249522732657,0.745756597014607
1,"Deaths",1798,"Norfolk County",25021,510,"Pneumoconiosis",3,"Both",27,"Age-standardized",2008,"Rate",0.559526124603788,0.434870013255195,0.71778684973213
1,"Deaths",1798,"Norfolk County",25021,510,"Pneumoconiosis",3,"Both",27,"Age-standardized",2009,"Rate",0.550001360649761,0.420866412525236,0.715753139164026
1,"Deaths",1798,"Norfolk County",25021,510,"Pneumoconiosis",3,"Both",27,"Age-standardized",2010,"Rate",0.538923277654368,0.417758486131218,0.701487598724029
1,"Deaths",1798,"Norfolk County",25021,510,"Pneumoconiosis",3,"Both",27,"Age-standardized",2011,"Rate",0.540780808398622,0.411412246300768,0.69995146039612
1,"Deaths",1798,"Norfolk County",25021,510,"Pneumoconiosis",3,"Both",27,"Age-standardized",2012,"Rate",0.520555903432,0.39422774513527,0.681121857136589
1,"Deaths",1798,"Norfolk County",25021,510,"Pneumoconiosis",3,"Both",27,"Age-standardized",2013,"Rate",0.516271446065555,0.389158384147495,0.673705007163507
1,"Deaths",1798,"Norfolk County",25021,510,"Pneumoconiosis",3,"Both",27,"Age-standardized",2014,"Rate",0.546994818732082,0.405219396169552,0.726205187518551
1,"Deaths",1797,"Plymouth County",25023,510,"Pneumoconiosis",1,"Male",27,"Age-standardized",1980,"Rate",0.43758477509068,0.228514033369011,0.763978445268272
1,"Deaths",1797,"Plymouth County",25023,510,"Pneumoconiosis",1,"Male",27,"Age-standardized",1981,"Rate",0.439169987802066,0.226390983358615,0.751801363391135
1,"Deaths",1797,"Plymouth County",25023,510,"Pneumoconiosis",1,"Male",27,"Age-standardized",1982,"Rate",0.448627322153042,0.243795457920044,0.758875509875265
1,"Deaths",1797,"Plymouth County",25023,510,"Pneumoconiosis",1,"Male",27,"Age-standardized",1983,"Rate",0.488527934285358,0.261068176045051,0.816826616990922
1,"Deaths",1797,"Plymouth County",25023,510,"Pneumoconiosis",1,"Male",27,"Age-standardized",1984,"Rate",0.493856342573209,0.27615054895826,0.821972656249534
1,"Deaths",1797,"Plymouth County",25023,510,"Pneumoconiosis",1,"Male",27,"Age-standardized",1985,"Rate",0.510251658239579,0.291395342535447,0.841993965340434
1,"Deaths",1797,"Plymouth County",25023,510,"Pneumoconiosis",1,"Male",27,"Age-standardized",1986,"Rate",0.532058995945976,0.316206624923831,0.850892396230605
1,"Deaths",1797,"Plymouth County",25023,510,"Pneumoconiosis",1,"Male",27,"Age-standardized",1987,"Rate",0.537244262461094,0.319364644229172,0.826648143674892
1,"Deaths",1797,"Plymouth County",25023,510,"Pneumoconiosis",1,"Male",27,"Age-standardized",1988,"Rate",0.54080569617879,0.316242063906243,0.84337600667971
1,"Deaths",1797,"Plymouth County",25023,510,"Pneumoconiosis",1,"Male",27,"Age-standardized",1989,"Rate",0.583171151159788,0.353101160168578,0.898807944941574
1,"Deaths",1797,"Plymouth County",25023,510,"Pneumoconiosis",1,"Male",27,"Age-standardized",1990,"Rate",0.546260098519249,0.342815326900495,0.826072321653294
1,"Deaths",1797,"Plymouth County",25023,510,"Pneumoconiosis",1,"Male",27,"Age-standardized",1991,"Rate",0.579688235724715,0.358741182194578,0.882988099034009
1,"Deaths",1797,"Plymouth County",25023,510,"Pneumoconiosis",1,"Male",27,"Age-standardized",1992,"Rate",0.593299601425866,0.373078006054561,0.91920757419686
1,"Deaths",1797,"Plymouth County",25023,510,"Pneumoconiosis",1,"Male",27,"Age-standardized",1993,"Rate",0.625256395125477,0.403138006022429,0.948691888914975
1,"Deaths",1797,"Plymouth County",25023,510,"Pneumoconiosis",1,"Male",27,"Age-standardized",1994,"Rate",0.651363689000107,0.413870275469722,0.980856659409581
1,"Deaths",1797,"Plymouth County",25023,510,"Pneumoconiosis",1,"Male",27,"Age-standardized",1995,"Rate",0.664301318646708,0.434498740489977,0.956110752761571
1,"Deaths",1797,"Plymouth County",25023,510,"Pneumoconiosis",1,"Male",27,"Age-standardized",1996,"Rate",0.707262939418242,0.458998585364821,1.03765320119605
1,"Deaths",1797,"Plymouth County",25023,510,"Pneumoconiosis",1,"Male",27,"Age-standardized",1997,"Rate",0.747995004525134,0.485151718937935,1.10953488206713
1,"Deaths",1797,"Plymouth County",25023,510,"Pneumoconiosis",1,"Male",27,"Age-standardized",1998,"Rate",0.776656379203089,0.50727580551753,1.12638579532241
1,"Deaths",1797,"Plymouth County",25023,510,"Pneumoconiosis",1,"Male",27,"Age-standardized",1999,"Rate",0.779661749533813,0.518896028308063,1.15370113312519
1,"Deaths",1797,"Plymouth County",25023,510,"Pneumoconiosis",1,"Male",27,"Age-standardized",2000,"Rate",0.840123779347645,0.556354260861666,1.22637944807343
1,"Deaths",1797,"Plymouth County",25023,510,"Pneumoconiosis",1,"Male",27,"Age-standardized",2001,"Rate",0.907565356976912,0.580712858616999,1.32444463120703
1,"Deaths",1797,"Plymouth County",25023,510,"Pneumoconiosis",1,"Male",27,"Age-standardized",2002,"Rate",0.841755442576399,0.553800313883386,1.2407543890715
1,"Deaths",1797,"Plymouth County",25023,510,"Pneumoconiosis",1,"Male",27,"Age-standardized",2003,"Rate",0.866858005348785,0.568970258210061,1.28907873571404
1,"Deaths",1797,"Plymouth County",25023,510,"Pneumoconiosis",1,"Male",27,"Age-standardized",2004,"Rate",0.869421288288943,0.54529931478242,1.29521682758866
1,"Deaths",1797,"Plymouth County",25023,510,"Pneumoconiosis",1,"Male",27,"Age-standardized",2005,"Rate",0.82107997165864,0.539734208834431,1.20468416641144
1,"Deaths",1797,"Plymouth County",25023,510,"Pneumoconiosis",1,"Male",27,"Age-standardized",2006,"Rate",0.835891002764059,0.544014755173692,1.24827468588474
1,"Deaths",1797,"Plymouth County",25023,510,"Pneumoconiosis",1,"Male",27,"Age-standardized",2007,"Rate",0.801017430609967,0.506361213989866,1.17436086607165
1,"Deaths",1797,"Plymouth County",25023,510,"Pneumoconiosis",1,"Male",27,"Age-standardized",2008,"Rate",0.857829391713446,0.555174522503161,1.26006904805401
1,"Deaths",1797,"Plymouth County",25023,510,"Pneumoconiosis",1,"Male",27,"Age-standardized",2009,"Rate",0.808167364978567,0.51047184570205,1.22590097831277
1,"Deaths",1797,"Plymouth County",25023,510,"Pneumoconiosis",1,"Male",27,"Age-standardized",2010,"Rate",0.826800606917689,0.522284727484843,1.21999478389906
1,"Deaths",1797,"Plymouth County",25023,510,"Pneumoconiosis",1,"Male",27,"Age-standardized",2011,"Rate",0.843022997676394,0.507919690877059,1.31563465135738
1,"Deaths",1797,"Plymouth County",25023,510,"Pneumoconiosis",1,"Male",27,"Age-standardized",2012,"Rate",0.763570831486823,0.457455377243226,1.20288797001123
1,"Deaths",1797,"Plymouth County",25023,510,"Pneumoconiosis",1,"Male",27,"Age-standardized",2013,"Rate",0.833380664039066,0.4943537784955,1.33120260695178
1,"Deaths",1797,"Plymouth County",25023,510,"Pneumoconiosis",1,"Male",27,"Age-standardized",2014,"Rate",0.869491282416875,0.504206942334798,1.35829717824746
1,"Deaths",1797,"Plymouth County",25023,510,"Pneumoconiosis",2,"Female",27,"Age-standardized",1980,"Rate",0.232652489354531,0.158443275040155,0.301652482989029
1,"Deaths",1797,"Plymouth County",25023,510,"Pneumoconiosis",2,"Female",27,"Age-standardized",1981,"Rate",0.235354854335808,0.157660556069488,0.307445657652164
1,"Deaths",1797,"Plymouth County",25023,510,"Pneumoconiosis",2,"Female",27,"Age-standardized",1982,"Rate",0.23631024991902,0.160959477880036,0.305625479340292
1,"Deaths",1797,"Plymouth County",25023,510,"Pneumoconiosis",2,"Female",27,"Age-standardized",1983,"Rate",0.255480165131254,0.180536397339207,0.330190789846087
1,"Deaths",1797,"Plymouth County",25023,510,"Pneumoconiosis",2,"Female",27,"Age-standardized",1984,"Rate",0.266962708310941,0.184265223082584,0.344408157857943
1,"Deaths",1797,"Plymouth County",25023,510,"Pneumoconiosis",2,"Female",27,"Age-standardized",1985,"Rate",0.278935544104227,0.199013584872496,0.35315568029842
1,"Deaths",1797,"Plymouth County",25023,510,"Pneumoconiosis",2,"Female",27,"Age-standardized",1986,"Rate",0.295287192205769,0.214477930268108,0.376588892213784
1,"Deaths",1797,"Plymouth County",25023,510,"Pneumoconiosis",2,"Female",27,"Age-standardized",1987,"Rate",0.297007581694789,0.217442090228337,0.375330145750874
1,"Deaths",1797,"Plymouth County",25023,510,"Pneumoconiosis",2,"Female",27,"Age-standardized",1988,"Rate",0.303031810240343,0.228898054161252,0.379927458799099
1,"Deaths",1797,"Plymouth County",25023,510,"Pneumoconiosis",2,"Female",27,"Age-standardized",1989,"Rate",0.301352861709327,0.229384239549288,0.379506516501016
1,"Deaths",1797,"Plymouth County",25023,510,"Pneumoconiosis",2,"Female",27,"Age-standardized",1990,"Rate",0.294392223229246,0.228152448686147,0.36970797989509
1,"Deaths",1797,"Plymouth County",25023,510,"Pneumoconiosis",2,"Female",27,"Age-standardized",1991,"Rate",0.303695997194249,0.231053337088869,0.38090325222543
1,"Deaths",1797,"Plymouth County",25023,510,"Pneumoconiosis",2,"Female",27,"Age-standardized",1992,"Rate",0.309087602596117,0.237316370667571,0.387060976602093
1,"Deaths",1797,"Plymouth County",25023,510,"Pneumoconiosis",2,"Female",27,"Age-standardized",1993,"Rate",0.326368554791946,0.253681326099245,0.409377643465964
1,"Deaths",1797,"Plymouth County",25023,510,"Pneumoconiosis",2,"Female",27,"Age-standardized",1994,"Rate",0.333771754211606,0.258880676234174,0.42095259247202
1,"Deaths",1797,"Plymouth County",25023,510,"Pneumoconiosis",2,"Female",27,"Age-standardized",1995,"Rate",0.343777612338326,0.266483404889588,0.430799466953163
1,"Deaths",1797,"Plymouth County",25023,510,"Pneumoconiosis",2,"Female",27,"Age-standardized",1996,"Rate",0.359600745248365,0.283734626539694,0.45427292428902
1,"Deaths",1797,"Plymouth County",25023,510,"Pneumoconiosis",2,"Female",27,"Age-standardized",1997,"Rate",0.369212643032015,0.286687101763563,0.467252593546723
1,"Deaths",1797,"Plymouth County",25023,510,"Pneumoconiosis",2,"Female",27,"Age-standardized",1998,"Rate",0.384891040549039,0.30269591663884,0.488505869244102
1,"Deaths",1797,"Plymouth County",25023,510,"Pneumoconiosis",2,"Female",27,"Age-standardized",1999,"Rate",0.413914484094952,0.320444501010789,0.526106174061324
1,"Deaths",1797,"Plymouth County",25023,510,"Pneumoconiosis",2,"Female",27,"Age-standardized",2000,"Rate",0.444596312383703,0.342757126715863,0.565921622738013
1,"Deaths",1797,"Plymouth County",25023,510,"Pneumoconiosis",2,"Female",27,"Age-standardized",2001,"Rate",0.465860538543908,0.358833880485122,0.596644414263955
1,"Deaths",1797,"Plymouth County",25023,510,"Pneumoconiosis",2,"Female",27,"Age-standardized",2002,"Rate",0.472062481468333,0.359934597734421,0.611323614174448
1,"Deaths",1797,"Plymouth County",25023,510,"Pneumoconiosis",2,"Female",27,"Age-standardized",2003,"Rate",0.479233774549828,0.361360341511341,0.613293581597743
1,"Deaths",1797,"Plymouth County",25023,510,"Pneumoconiosis",2,"Female",27,"Age-standardized",2004,"Rate",0.469306677464446,0.356667480581264,0.609556203929986
1,"Deaths",1797,"Plymouth County",25023,510,"Pneumoconiosis",2,"Female",27,"Age-standardized",2005,"Rate",0.469109941033699,0.345655290907227,0.617759393748093
1,"Deaths",1797,"Plymouth County",25023,510,"Pneumoconiosis",2,"Female",27,"Age-standardized",2006,"Rate",0.47405831420249,0.344758882276029,0.62497594280275
1,"Deaths",1797,"Plymouth County",25023,510,"Pneumoconiosis",2,"Female",27,"Age-standardized",2007,"Rate",0.462391980952909,0.338298266498025,0.612617339021052
1,"Deaths",1797,"Plymouth County",25023,510,"Pneumoconiosis",2,"Female",27,"Age-standardized",2008,"Rate",0.466305556743154,0.339365569135407,0.628839672958548
1,"Deaths",1797,"Plymouth County",25023,510,"Pneumoconiosis",2,"Female",27,"Age-standardized",2009,"Rate",0.470591320065314,0.340088733950211,0.637057043535003
1,"Deaths",1797,"Plymouth County",25023,510,"Pneumoconiosis",2,"Female",27,"Age-standardized",2010,"Rate",0.463790159656609,0.333412648496767,0.627720590384121
1,"Deaths",1797,"Plymouth County",25023,510,"Pneumoconiosis",2,"Female",27,"Age-standardized",2011,"Rate",0.471196441905719,0.334501919522435,0.642283082052571
1,"Deaths",1797,"Plymouth County",25023,510,"Pneumoconiosis",2,"Female",27,"Age-standardized",2012,"Rate",0.473262624467908,0.332943133596719,0.658695347477263
1,"Deaths",1797,"Plymouth County",25023,510,"Pneumoconiosis",2,"Female",27,"Age-standardized",2013,"Rate",0.487113205882717,0.34029309941008,0.671100884950677
1,"Deaths",1797,"Plymouth County",25023,510,"Pneumoconiosis",2,"Female",27,"Age-standardized",2014,"Rate",0.483393293268248,0.341021152766652,0.682476108711632
1,"Deaths",1797,"Plymouth County",25023,510,"Pneumoconiosis",3,"Both",27,"Age-standardized",1980,"Rate",0.316713181877601,0.224576880543601,0.441242272378575
1,"Deaths",1797,"Plymouth County",25023,510,"Pneumoconiosis",3,"Both",27,"Age-standardized",1981,"Rate",0.31873647916961,0.227845452275703,0.441311695181182
1,"Deaths",1797,"Plymouth County",25023,510,"Pneumoconiosis",3,"Both",27,"Age-standardized",1982,"Rate",0.322803301094491,0.232957323243057,0.444498082233271
1,"Deaths",1797,"Plymouth County",25023,510,"Pneumoconiosis",3,"Both",27,"Age-standardized",1983,"Rate",0.349764850611532,0.252203578833323,0.484392823593696
1,"Deaths",1797,"Plymouth County",25023,510,"Pneumoconiosis",3,"Both",27,"Age-standardized",1984,"Rate",0.359224343108173,0.258447288598908,0.487416440882561
1,"Deaths",1797,"Plymouth County",25023,510,"Pneumoconiosis",3,"Both",27,"Age-standardized",1985,"Rate",0.373071515124766,0.27341234031055,0.502132189923812
1,"Deaths",1797,"Plymouth County",25023,510,"Pneumoconiosis",3,"Both",27,"Age-standardized",1986,"Rate",0.391461591499717,0.293978161164918,0.519232498665155
1,"Deaths",1797,"Plymouth County",25023,510,"Pneumoconiosis",3,"Both",27,"Age-standardized",1987,"Rate",0.39427195324647,0.303317407055876,0.504136483705134
1,"Deaths",1797,"Plymouth County",25023,510,"Pneumoconiosis",3,"Both",27,"Age-standardized",1988,"Rate",0.398977222648649,0.296804206628954,0.513625320494914
1,"Deaths",1797,"Plymouth County",25023,510,"Pneumoconiosis",3,"Both",27,"Age-standardized",1989,"Rate",0.412833242456935,0.312541085072122,0.536642098539043
1,"Deaths",1797,"Plymouth County",25023,510,"Pneumoconiosis",3,"Both",27,"Age-standardized",1990,"Rate",0.394350524749571,0.305442757426814,0.51027245844091
1,"Deaths",1797,"Plymouth County",25023,510,"Pneumoconiosis",3,"Both",27,"Age-standardized",1991,"Rate",0.412167587217105,0.318390293955075,0.532208441691764
1,"Deaths",1797,"Plymouth County",25023,510,"Pneumoconiosis",3,"Both",27,"Age-standardized",1992,"Rate",0.420080915212212,0.322269344221864,0.540599919182512
1,"Deaths",1797,"Plymouth County",25023,510,"Pneumoconiosis",3,"Both",27,"Age-standardized",1993,"Rate",0.443417660079326,0.347062031493981,0.563799885102779
1,"Deaths",1797,"Plymouth County",25023,510,"Pneumoconiosis",3,"Both",27,"Age-standardized",1994,"Rate",0.457365738453874,0.35370631748266,0.590951659383861
1,"Deaths",1797,"Plymouth County",25023,510,"Pneumoconiosis",3,"Both",27,"Age-standardized",1995,"Rate",0.469125577406137,0.366101425205638,0.587694309125157
1,"Deaths",1797,"Plymouth County",25023,510,"Pneumoconiosis",3,"Both",27,"Age-standardized",1996,"Rate",0.494677177126585,0.382193760339068,0.618123118655845
1,"Deaths",1797,"Plymouth County",25023,510,"Pneumoconiosis",3,"Both",27,"Age-standardized",1997,"Rate",0.515571252962432,0.403432468752301,0.650661586049392
1,"Deaths",1797,"Plymouth County",25023,510,"Pneumoconiosis",3,"Both",27,"Age-standardized",1998,"Rate",0.535966913140008,0.419542403854742,0.677781374362049
1,"Deaths",1797,"Plymouth County",25023,510,"Pneumoconiosis",3,"Both",27,"Age-standardized",1999,"Rate",0.556370760222755,0.435361744963968,0.708372814046837
1,"Deaths",1797,"Plymouth County",25023,510,"Pneumoconiosis",3,"Both",27,"Age-standardized",2000,"Rate",0.598619587938963,0.475018762582759,0.750415607688841
1,"Deaths",1797,"Plymouth County",25023,510,"Pneumoconiosis",3,"Both",27,"Age-standardized",2001,"Rate",0.63781456129788,0.49066036646137,0.816471243409238
1,"Deaths",1797,"Plymouth County",25023,510,"Pneumoconiosis",3,"Both",27,"Age-standardized",2002,"Rate",0.617179565110981,0.485615597496734,0.789486776900349
1,"Deaths",1797,"Plymouth County",25023,510,"Pneumoconiosis",3,"Both",27,"Age-standardized",2003,"Rate",0.632131303699827,0.493132592811934,0.809345912146378
1,"Deaths",1797,"Plymouth County",25023,510,"Pneumoconiosis",3,"Both",27,"Age-standardized",2004,"Rate",0.627671854441168,0.485855938317175,0.812665299171142
1,"Deaths",1797,"Plymouth County",25023,510,"Pneumoconiosis",3,"Both",27,"Age-standardized",2005,"Rate",0.609047871367452,0.472203147114825,0.786055015315907
1,"Deaths",1797,"Plymouth County",25023,510,"Pneumoconiosis",3,"Both",27,"Age-standardized",2006,"Rate",0.617894122669223,0.47495712353197,0.79067328246345
1,"Deaths",1797,"Plymouth County",25023,510,"Pneumoconiosis",3,"Both",27,"Age-standardized",2007,"Rate",0.597576120182719,0.463063125108954,0.772962195452013
1,"Deaths",1797,"Plymouth County",25023,510,"Pneumoconiosis",3,"Both",27,"Age-standardized",2008,"Rate",0.622753316928062,0.470589522666606,0.819788291624295
1,"Deaths",1797,"Plymouth County",25023,510,"Pneumoconiosis",3,"Both",27,"Age-standardized",2009,"Rate",0.606723493781379,0.464998225852441,0.791999125801309
1,"Deaths",1797,"Plymouth County",25023,510,"Pneumoconiosis",3,"Both",27,"Age-standardized",2010,"Rate",0.610081140232442,0.460860880880202,0.802487476549318
1,"Deaths",1797,"Plymouth County",25023,510,"Pneumoconiosis",3,"Both",27,"Age-standardized",2011,"Rate",0.620623494369484,0.45468295135303,0.834088768193857
1,"Deaths",1797,"Plymouth County",25023,510,"Pneumoconiosis",3,"Both",27,"Age-standardized",2012,"Rate",0.591976622829387,0.43433789542363,0.793073963853761
1,"Deaths",1797,"Plymouth County",25023,510,"Pneumoconiosis",3,"Both",27,"Age-standardized",2013,"Rate",0.628389556748843,0.458104555694058,0.852017746609165
1,"Deaths",1797,"Plymouth County",25023,510,"Pneumoconiosis",3,"Both",27,"Age-standardized",2014,"Rate",0.640853335667188,0.460568275674832,0.87173663453812
1,"Deaths",1795,"Suffolk County",25025,510,"Pneumoconiosis",1,"Male",27,"Age-standardized",1980,"Rate",0.602094671357764,0.338125068921206,0.983798811583029
1,"Deaths",1795,"Suffolk County",25025,510,"Pneumoconiosis",1,"Male",27,"Age-standardized",1981,"Rate",0.571518112474908,0.335715010189057,0.918435596291377
1,"Deaths",1795,"Suffolk County",25025,510,"Pneumoconiosis",1,"Male",27,"Age-standardized",1982,"Rate",0.597231944904375,0.358357568470011,0.928151526307074
1,"Deaths",1795,"Suffolk County",25025,510,"Pneumoconiosis",1,"Male",27,"Age-standardized",1983,"Rate",0.630256551675644,0.370380533989492,0.983967282896709
1,"Deaths",1795,"Suffolk County",25025,510,"Pneumoconiosis",1,"Male",27,"Age-standardized",1984,"Rate",0.603828689008795,0.371534178826243,0.926756273982806
1,"Deaths",1795,"Suffolk County",25025,510,"Pneumoconiosis",1,"Male",27,"Age-standardized",1985,"Rate",0.618385048933544,0.386092186278343,0.929803705848065
1,"Deaths",1795,"Suffolk County",25025,510,"Pneumoconiosis",1,"Male",27,"Age-standardized",1986,"Rate",0.644453969648263,0.40691600164981,0.949870380896006
1,"Deaths",1795,"Suffolk County",25025,510,"Pneumoconiosis",1,"Male",27,"Age-standardized",1987,"Rate",0.655713984526195,0.431016321929339,0.957416961201364
1,"Deaths",1795,"Suffolk County",25025,510,"Pneumoconiosis",1,"Male",27,"Age-standardized",1988,"Rate",0.654099340017439,0.406539888170194,0.958247278532729
1,"Deaths",1795,"Suffolk County",25025,510,"Pneumoconiosis",1,"Male",27,"Age-standardized",1989,"Rate",0.682180840192512,0.448812021255239,0.99421555747852
1,"Deaths",1795,"Suffolk County",25025,510,"Pneumoconiosis",1,"Male",27,"Age-standardized",1990,"Rate",0.642749247184343,0.416753916892669,0.937210231051764
1,"Deaths",1795,"Suffolk County",25025,510,"Pneumoconiosis",1,"Male",27,"Age-standardized",1991,"Rate",0.664067599884884,0.438609948578956,0.948456100885904
1,"Deaths",1795,"Suffolk County",25025,510,"Pneumoconiosis",1,"Male",27,"Age-standardized",1992,"Rate",0.662169451954558,0.444218537734301,0.961256983535471
1,"Deaths",1795,"Suffolk County",25025,510,"Pneumoconiosis",1,"Male",27,"Age-standardized",1993,"Rate",0.665571000437012,0.436770097729501,0.947619199154533
1,"Deaths",1795,"Suffolk County",25025,510,"Pneumoconiosis",1,"Male",27,"Age-standardized",1994,"Rate",0.68563794199247,0.468888535410739,0.975592122693264
1,"Deaths",1795,"Suffolk County",25025,510,"Pneumoconiosis",1,"Male",27,"Age-standardized",1995,"Rate",0.708539703429329,0.475256854446797,0.990727256973821
1,"Deaths",1795,"Suffolk County",25025,510,"Pneumoconiosis",1,"Male",27,"Age-standardized",1996,"Rate",0.694181596653668,0.471175451321966,0.98139453075762
1,"Deaths",1795,"Suffolk County",25025,510,"Pneumoconiosis",1,"Male",27,"Age-standardized",1997,"Rate",0.716314211785923,0.480218395467024,1.00915165208374
1,"Deaths",1795,"Suffolk County",25025,510,"Pneumoconiosis",1,"Male",27,"Age-standardized",1998,"Rate",0.703243904903565,0.466924830570331,0.990258950588342
1,"Deaths",1795,"Suffolk County",25025,510,"Pneumoconiosis",1,"Male",27,"Age-standardized",1999,"Rate",0.743054559306291,0.498274916965607,1.05878448680836
1,"Deaths",1795,"Suffolk County",25025,510,"Pneumoconiosis",1,"Male",27,"Age-standardized",2000,"Rate",0.758964902822093,0.516266113953569,1.08526448821517
1,"Deaths",1795,"Suffolk County",25025,510,"Pneumoconiosis",1,"Male",27,"Age-standardized",2001,"Rate",0.755288657486823,0.521267424076139,1.07545742536106
1,"Deaths",1795,"Suffolk County",25025,510,"Pneumoconiosis",1,"Male",27,"Age-standardized",2002,"Rate",0.755658868200178,0.516744063955207,1.06227938914874
1,"Deaths",1795,"Suffolk County",25025,510,"Pneumoconiosis",1,"Male",27,"Age-standardized",2003,"Rate",0.753843654973789,0.506466749905975,1.11252019724784
1,"Deaths",1795,"Suffolk County",25025,510,"Pneumoconiosis",1,"Male",27,"Age-standardized",2004,"Rate",0.733964097642408,0.492437987006389,1.04796717094
1,"Deaths",1795,"Suffolk County",25025,510,"Pneumoconiosis",1,"Male",27,"Age-standardized",2005,"Rate",0.732945432733576,0.479011306284581,1.10917052010201
1,"Deaths",1795,"Suffolk County",25025,510,"Pneumoconiosis",1,"Male",27,"Age-standardized",2006,"Rate",0.715409811259743,0.457513721198495,1.05366587240548
1,"Deaths",1795,"Suffolk County",25025,510,"Pneumoconiosis",1,"Male",27,"Age-standardized",2007,"Rate",0.655531784576312,0.427052722784958,0.964858926798567
1,"Deaths",1795,"Suffolk County",25025,510,"Pneumoconiosis",1,"Male",27,"Age-standardized",2008,"Rate",0.684333245035322,0.43837001094735,1.04335718807817
1,"Deaths",1795,"Suffolk County",25025,510,"Pneumoconiosis",1,"Male",27,"Age-standardized",2009,"Rate",0.637879333919855,0.39802672476919,0.974829812299276
1,"Deaths",1795,"Suffolk County",25025,510,"Pneumoconiosis",1,"Male",27,"Age-standardized",2010,"Rate",0.658688672130343,0.413257084324938,1.00314418201616
1,"Deaths",1795,"Suffolk County",25025,510,"Pneumoconiosis",1,"Male",27,"Age-standardized",2011,"Rate",0.618194039106476,0.37624373925196,0.960603670468089
1,"Deaths",1795,"Suffolk County",25025,510,"Pneumoconiosis",1,"Male",27,"Age-standardized",2012,"Rate",0.611881796500459,0.372427479094905,0.944693410684826
1,"Deaths",1795,"Suffolk County",25025,510,"Pneumoconiosis",1,"Male",27,"Age-standardized",2013,"Rate",0.598403206874261,0.363268400879621,0.933061156700865
1,"Deaths",1795,"Suffolk County",25025,510,"Pneumoconiosis",1,"Male",27,"Age-standardized",2014,"Rate",0.670645067883592,0.394784185839775,1.11172790311751
1,"Deaths",1795,"Suffolk County",25025,510,"Pneumoconiosis",2,"Female",27,"Age-standardized",1980,"Rate",0.193014471332379,0.135156043317143,0.246532829912887
1,"Deaths",1795,"Suffolk County",25025,510,"Pneumoconiosis",2,"Female",27,"Age-standardized",1981,"Rate",0.197530473167079,0.135107066714939,0.253323196395847
1,"Deaths",1795,"Suffolk County",25025,510,"Pneumoconiosis",2,"Female",27,"Age-standardized",1982,"Rate",0.200370873992256,0.146085236419931,0.255829665606475
1,"Deaths",1795,"Suffolk County",25025,510,"Pneumoconiosis",2,"Female",27,"Age-standardized",1983,"Rate",0.212961841243003,0.15134102041414,0.269786618337594
1,"Deaths",1795,"Suffolk County",25025,510,"Pneumoconiosis",2,"Female",27,"Age-standardized",1984,"Rate",0.222545684062327,0.161926447913949,0.283408436014381
1,"Deaths",1795,"Suffolk County",25025,510,"Pneumoconiosis",2,"Female",27,"Age-standardized",1985,"Rate",0.229100719335775,0.16947469920954,0.292850102742593
1,"Deaths",1795,"Suffolk County",25025,510,"Pneumoconiosis",2,"Female",27,"Age-standardized",1986,"Rate",0.238006137726185,0.174856896484791,0.301720265009916
1,"Deaths",1795,"Suffolk County",25025,510,"Pneumoconiosis",2,"Female",27,"Age-standardized",1987,"Rate",0.243852388730273,0.186455280984899,0.308386491214364
1,"Deaths",1795,"Suffolk County",25025,510,"Pneumoconiosis",2,"Female",27,"Age-standardized",1988,"Rate",0.253591309308791,0.1964869632326,0.322461210326192
1,"Deaths",1795,"Suffolk County",25025,510,"Pneumoconiosis",2,"Female",27,"Age-standardized",1989,"Rate",0.243303131690875,0.188323399664549,0.309329516177683
1,"Deaths",1795,"Suffolk County",25025,510,"Pneumoconiosis",2,"Female",27,"Age-standardized",1990,"Rate",0.24591911870014,0.19372245421032,0.311940005647245
1,"Deaths",1795,"Suffolk County",25025,510,"Pneumoconiosis",2,"Female",27,"Age-standardized",1991,"Rate",0.241812593136199,0.189776429451113,0.302565026570281
1,"Deaths",1795,"Suffolk County",25025,510,"Pneumoconiosis",2,"Female",27,"Age-standardized",1992,"Rate",0.251878095599788,0.200424430303514,0.313436046174177
1,"Deaths",1795,"Suffolk County",25025,510,"Pneumoconiosis",2,"Female",27,"Age-standardized",1993,"Rate",0.25928284357865,0.204981573756583,0.325204512957152
1,"Deaths",1795,"Suffolk County",25025,510,"Pneumoconiosis",2,"Female",27,"Age-standardized",1994,"Rate",0.261948236857785,0.208597685422387,0.331976282236144
1,"Deaths",1795,"Suffolk County",25025,510,"Pneumoconiosis",2,"Female",27,"Age-standardized",1995,"Rate",0.276355873576606,0.219846397199559,0.346228492318817
1,"Deaths",1795,"Suffolk County",25025,510,"Pneumoconiosis",2,"Female",27,"Age-standardized",1996,"Rate",0.278713452041901,0.223535110217166,0.355505889240213
1,"Deaths",1795,"Suffolk County",25025,510,"Pneumoconiosis",2,"Female",27,"Age-standardized",1997,"Rate",0.292932311270435,0.231671697914877,0.365764058588498
1,"Deaths",1795,"Suffolk County",25025,510,"Pneumoconiosis",2,"Female",27,"Age-standardized",1998,"Rate",0.305167594532325,0.241316504934325,0.388037698826871
1,"Deaths",1795,"Suffolk County",25025,510,"Pneumoconiosis",2,"Female",27,"Age-standardized",1999,"Rate",0.320831483810351,0.252626309780565,0.411261016915596
1,"Deaths",1795,"Suffolk County",25025,510,"Pneumoconiosis",2,"Female",27,"Age-standardized",2000,"Rate",0.334933093849519,0.267128647092991,0.4270312605908
1,"Deaths",1795,"Suffolk County",25025,510,"Pneumoconiosis",2,"Female",27,"Age-standardized",2001,"Rate",0.341889990678132,0.266241859316286,0.439190005820759
1,"Deaths",1795,"Suffolk County",25025,510,"Pneumoconiosis",2,"Female",27,"Age-standardized",2002,"Rate",0.352906946402589,0.274193669861746,0.451053863161744
1,"Deaths",1795,"Suffolk County",25025,510,"Pneumoconiosis",2,"Female",27,"Age-standardized",2003,"Rate",0.350311087648965,0.273658268923865,0.453632394809837
1,"Deaths",1795,"Suffolk County",25025,510,"Pneumoconiosis",2,"Female",27,"Age-standardized",2004,"Rate",0.346509287761418,0.26853904169934,0.448688698309609
1,"Deaths",1795,"Suffolk County",25025,510,"Pneumoconiosis",2,"Female",27,"Age-standardized",2005,"Rate",0.349576764411806,0.263032337725934,0.459050400838393
1,"Deaths",1795,"Suffolk County",25025,510,"Pneumoconiosis",2,"Female",27,"Age-standardized",2006,"Rate",0.341482868950919,0.256224096097495,0.450475442834085
1,"Deaths",1795,"Suffolk County",25025,510,"Pneumoconiosis",2,"Female",27,"Age-standardized",2007,"Rate",0.336680750372598,0.254060473668345,0.447985036026131
1,"Deaths",1795,"Suffolk County",25025,510,"Pneumoconiosis",2,"Female",27,"Age-standardized",2008,"Rate",0.334564463498963,0.248190570339935,0.45398701924457
1,"Deaths",1795,"Suffolk County",25025,510,"Pneumoconiosis",2,"Female",27,"Age-standardized",2009,"Rate",0.325804698106836,0.242889070864317,0.452572988717396
1,"Deaths",1795,"Suffolk County",25025,510,"Pneumoconiosis",2,"Female",27,"Age-standardized",2010,"Rate",0.31944338145171,0.236752840972209,0.433009553024709
1,"Deaths",1795,"Suffolk County",25025,510,"Pneumoconiosis",2,"Female",27,"Age-standardized",2011,"Rate",0.327988721753918,0.238587991387031,0.452170822985523
1,"Deaths",1795,"Suffolk County",25025,510,"Pneumoconiosis",2,"Female",27,"Age-standardized",2012,"Rate",0.325278552154984,0.23276046516524,0.450790924009726
1,"Deaths",1795,"Suffolk County",25025,510,"Pneumoconiosis",2,"Female",27,"Age-standardized",2013,"Rate",0.337352925728528,0.240478509415969,0.481059132530262
1,"Deaths",1795,"Suffolk County",25025,510,"Pneumoconiosis",2,"Female",27,"Age-standardized",2014,"Rate",0.327185550764348,0.233593199685734,0.461450858684188
1,"Deaths",1795,"Suffolk County",25025,510,"Pneumoconiosis",3,"Both",27,"Age-standardized",1980,"Rate",0.341721740010753,0.239983634963128,0.480014437607039
1,"Deaths",1795,"Suffolk County",25025,510,"Pneumoconiosis",3,"Both",27,"Age-standardized",1981,"Rate",0.333339953934423,0.240464392369402,0.463367326578221
1,"Deaths",1795,"Suffolk County",25025,510,"Pneumoconiosis",3,"Both",27,"Age-standardized",1982,"Rate",0.343784613460929,0.251603063559087,0.462775932964551
1,"Deaths",1795,"Suffolk County",25025,510,"Pneumoconiosis",3,"Both",27,"Age-standardized",1983,"Rate",0.363098244342194,0.265310733235849,0.495935144959602
1,"Deaths",1795,"Suffolk County",25025,510,"Pneumoconiosis",3,"Both",27,"Age-standardized",1984,"Rate",0.360314197328276,0.269154720564935,0.475504214401985
1,"Deaths",1795,"Suffolk County",25025,510,"Pneumoconiosis",3,"Both",27,"Age-standardized",1985,"Rate",0.369215946233982,0.277089096999872,0.485973840386818
1,"Deaths",1795,"Suffolk County",25025,510,"Pneumoconiosis",3,"Both",27,"Age-standardized",1986,"Rate",0.383605465467258,0.290227637790233,0.498128520667346
1,"Deaths",1795,"Suffolk County",25025,510,"Pneumoconiosis",3,"Both",27,"Age-standardized",1987,"Rate",0.391171055153984,0.297112851216724,0.505708911997427
1,"Deaths",1795,"Suffolk County",25025,510,"Pneumoconiosis",3,"Both",27,"Age-standardized",1988,"Rate",0.396996042526454,0.303394923239211,0.515334004013665
1,"Deaths",1795,"Suffolk County",25025,510,"Pneumoconiosis",3,"Both",27,"Age-standardized",1989,"Rate",0.398922589101016,0.307446777941,0.516097091466996
1,"Deaths",1795,"Suffolk County",25025,510,"Pneumoconiosis",3,"Both",27,"Age-standardized",1990,"Rate",0.387083840026637,0.302863116124572,0.495468430356877
1,"Deaths",1795,"Suffolk County",25025,510,"Pneumoconiosis",3,"Both",27,"Age-standardized",1991,"Rate",0.391524944053043,0.302092208633385,0.493188039468403
1,"Deaths",1795,"Suffolk County",25025,510,"Pneumoconiosis",3,"Both",27,"Age-standardized",1992,"Rate",0.397146945898063,0.310235057753591,0.505156059672377
1,"Deaths",1795,"Suffolk County",25025,510,"Pneumoconiosis",3,"Both",27,"Age-standardized",1993,"Rate",0.403369456698132,0.314428429308825,0.511076383338727
1,"Deaths",1795,"Suffolk County",25025,510,"Pneumoconiosis",3,"Both",27,"Age-standardized",1994,"Rate",0.41248770774044,0.3250777652517,0.511631154437844
1,"Deaths",1795,"Suffolk County",25025,510,"Pneumoconiosis",3,"Both",27,"Age-standardized",1995,"Rate",0.430965767532488,0.340691059773733,0.545249226896517
1,"Deaths",1795,"Suffolk County",25025,510,"Pneumoconiosis",3,"Both",27,"Age-standardized",1996,"Rate",0.426908449008607,0.33275756945822,0.53411145102701
1,"Deaths",1795,"Suffolk County",25025,510,"Pneumoconiosis",3,"Both",27,"Age-standardized",1997,"Rate",0.444350477614693,0.350716488551862,0.553294988763155
1,"Deaths",1795,"Suffolk County",25025,510,"Pneumoconiosis",3,"Both",27,"Age-standardized",1998,"Rate",0.447900174484738,0.351001761633649,0.559631819579928
1,"Deaths",1795,"Suffolk County",25025,510,"Pneumoconiosis",3,"Both",27,"Age-standardized",1999,"Rate",0.472427743853192,0.373276376113187,0.592992068943817
1,"Deaths",1795,"Suffolk County",25025,510,"Pneumoconiosis",3,"Both",27,"Age-standardized",2000,"Rate",0.487984075755249,0.384253900629093,0.610931930441836
1,"Deaths",1795,"Suffolk County",25025,510,"Pneumoconiosis",3,"Both",27,"Age-standardized",2001,"Rate",0.492812979095518,0.391755469414984,0.628496766634532
1,"Deaths",1795,"Suffolk County",25025,510,"Pneumoconiosis",3,"Both",27,"Age-standardized",2002,"Rate",0.500637071008332,0.393955141802298,0.623503851801756
1,"Deaths",1795,"Suffolk County",25025,510,"Pneumoconiosis",3,"Both",27,"Age-standardized",2003,"Rate",0.498822111637838,0.38930856131626,0.633053049259172
1,"Deaths",1795,"Suffolk County",25025,510,"Pneumoconiosis",3,"Both",27,"Age-standardized",2004,"Rate",0.4895827592321,0.384536999784199,0.62231160261932
1,"Deaths",1795,"Suffolk County",25025,510,"Pneumoconiosis",3,"Both",27,"Age-standardized",2005,"Rate",0.491603683881553,0.378572095334974,0.638305357527781
1,"Deaths",1795,"Suffolk County",25025,510,"Pneumoconiosis",3,"Both",27,"Age-standardized",2006,"Rate",0.481008321704873,0.366533049743429,0.615590286047016
1,"Deaths",1795,"Suffolk County",25025,510,"Pneumoconiosis",3,"Both",27,"Age-standardized",2007,"Rate",0.455887657558952,0.350769548779868,0.580550663301984
1,"Deaths",1795,"Suffolk County",25025,510,"Pneumoconiosis",3,"Both",27,"Age-standardized",2008,"Rate",0.465845288525954,0.354603449782371,0.616085690183168
1,"Deaths",1795,"Suffolk County",25025,510,"Pneumoconiosis",3,"Both",27,"Age-standardized",2009,"Rate",0.44312472890402,0.335842359100898,0.588540822196989
1,"Deaths",1795,"Suffolk County",25025,510,"Pneumoconiosis",3,"Both",27,"Age-standardized",2010,"Rate",0.447109833877493,0.335419670534683,0.603079895795743
1,"Deaths",1795,"Suffolk County",25025,510,"Pneumoconiosis",3,"Both",27,"Age-standardized",2011,"Rate",0.437608466316148,0.325532236369916,0.597419372776909
1,"Deaths",1795,"Suffolk County",25025,510,"Pneumoconiosis",3,"Both",27,"Age-standardized",2012,"Rate",0.434208699559272,0.324414845576405,0.57814434190707
1,"Deaths",1795,"Suffolk County",25025,510,"Pneumoconiosis",3,"Both",27,"Age-standardized",2013,"Rate",0.437894203800037,0.32651085101152,0.594626660587571
1,"Deaths",1795,"Suffolk County",25025,510,"Pneumoconiosis",3,"Both",27,"Age-standardized",2014,"Rate",0.459031761299307,0.335219578381746,0.640789156396178
1,"Deaths",1793,"Worcester County",25027,510,"Pneumoconiosis",1,"Male",27,"Age-standardized",1980,"Rate",0.533872548254428,0.325229910430191,0.828720509003062
1,"Deaths",1793,"Worcester County",25027,510,"Pneumoconiosis",1,"Male",27,"Age-standardized",1981,"Rate",0.487010540464547,0.30314495459273,0.749398616448929
1,"Deaths",1793,"Worcester County",25027,510,"Pneumoconiosis",1,"Male",27,"Age-standardized",1982,"Rate",0.472964349621296,0.28939740225514,0.727070183989714
1,"Deaths",1793,"Worcester County",25027,510,"Pneumoconiosis",1,"Male",27,"Age-standardized",1983,"Rate",0.494216759677172,0.304434625866231,0.768447021061063
1,"Deaths",1793,"Worcester County",25027,510,"Pneumoconiosis",1,"Male",27,"Age-standardized",1984,"Rate",0.493379462197904,0.305694975958209,0.722676381684319
1,"Deaths",1793,"Worcester County",25027,510,"Pneumoconiosis",1,"Male",27,"Age-standardized",1985,"Rate",0.523612430614764,0.33518544223194,0.770475969130944
1,"Deaths",1793,"Worcester County",25027,510,"Pneumoconiosis",1,"Male",27,"Age-standardized",1986,"Rate",0.525440564945702,0.334100913619801,0.76559783431776
1,"Deaths",1793,"Worcester County",25027,510,"Pneumoconiosis",1,"Male",27,"Age-standardized",1987,"Rate",0.532019343995847,0.342711263827192,0.789570172397765
1,"Deaths",1793,"Worcester County",25027,510,"Pneumoconiosis",1,"Male",27,"Age-standardized",1988,"Rate",0.493439660644789,0.331531203343108,0.720283573657685
1,"Deaths",1793,"Worcester County",25027,510,"Pneumoconiosis",1,"Male",27,"Age-standardized",1989,"Rate",0.501109949921001,0.333324955067499,0.720652038499934
1,"Deaths",1793,"Worcester County",25027,510,"Pneumoconiosis",1,"Male",27,"Age-standardized",1990,"Rate",0.488880543904221,0.322192697646527,0.704477327482227
1,"Deaths",1793,"Worcester County",25027,510,"Pneumoconiosis",1,"Male",27,"Age-standardized",1991,"Rate",0.474403521358827,0.313989321622723,0.70065224986527
1,"Deaths",1793,"Worcester County",25027,510,"Pneumoconiosis",1,"Male",27,"Age-standardized",1992,"Rate",0.492462921319949,0.333450544460857,0.710779369016992
1,"Deaths",1793,"Worcester County",25027,510,"Pneumoconiosis",1,"Male",27,"Age-standardized",1993,"Rate",0.487289471631954,0.332197240008903,0.724175890875913
1,"Deaths",1793,"Worcester County",25027,510,"Pneumoconiosis",1,"Male",27,"Age-standardized",1994,"Rate",0.498226137520721,0.333223604832721,0.705581045374385
1,"Deaths",1793,"Worcester County",25027,510,"Pneumoconiosis",1,"Male",27,"Age-standardized",1995,"Rate",0.513185419517709,0.337440519285361,0.72874809663404
1,"Deaths",1793,"Worcester County",25027,510,"Pneumoconiosis",1,"Male",27,"Age-standardized",1996,"Rate",0.49976900481343,0.338202889876226,0.706520069889308
1,"Deaths",1793,"Worcester County",25027,510,"Pneumoconiosis",1,"Male",27,"Age-standardized",1997,"Rate",0.525396377751435,0.352025514895617,0.768483600520566
1,"Deaths",1793,"Worcester County",25027,510,"Pneumoconiosis",1,"Male",27,"Age-standardized",1998,"Rate",0.547102660026902,0.368619558247614,0.770136187600347
1,"Deaths",1793,"Worcester County",25027,510,"Pneumoconiosis",1,"Male",27,"Age-standardized",1999,"Rate",0.530322088843915,0.350852394242176,0.776177258882045
1,"Deaths",1793,"Worcester County",25027,510,"Pneumoconiosis",1,"Male",27,"Age-standardized",2000,"Rate",0.527071325258729,0.337972072527356,0.741078152683008
1,"Deaths",1793,"Worcester County",25027,510,"Pneumoconiosis",1,"Male",27,"Age-standardized",2001,"Rate",0.509767715642609,0.339112008495342,0.757313412258315
1,"Deaths",1793,"Worcester County",25027,510,"Pneumoconiosis",1,"Male",27,"Age-standardized",2002,"Rate",0.512041072877566,0.33846750584861,0.745317374453282
1,"Deaths",1793,"Worcester County",25027,510,"Pneumoconiosis",1,"Male",27,"Age-standardized",2003,"Rate",0.500350566078346,0.328717338561155,0.719704273991275
1,"Deaths",1793,"Worcester County",25027,510,"Pneumoconiosis",1,"Male",27,"Age-standardized",2004,"Rate",0.463235519863055,0.306195109210544,0.669180870795894
1,"Deaths",1793,"Worcester County",25027,510,"Pneumoconiosis",1,"Male",27,"Age-standardized",2005,"Rate",0.454959645563831,0.302209560963139,0.645078970556229
1,"Deaths",1793,"Worcester County",25027,510,"Pneumoconiosis",1,"Male",27,"Age-standardized",2006,"Rate",0.442231764499873,0.292446956023156,0.652217561841897
1,"Deaths",1793,"Worcester County",25027,510,"Pneumoconiosis",1,"Male",27,"Age-standardized",2007,"Rate",0.420237326475254,0.262082426753079,0.609656648894214
1,"Deaths",1793,"Worcester County",25027,510,"Pneumoconiosis",1,"Male",27,"Age-standardized",2008,"Rate",0.406288170439945,0.253221265573344,0.611068896857338
1,"Deaths",1793,"Worcester County",25027,510,"Pneumoconiosis",1,"Male",27,"Age-standardized",2009,"Rate",0.391643504040679,0.24419204263199,0.595602974993695
1,"Deaths",1793,"Worcester County",25027,510,"Pneumoconiosis",1,"Male",27,"Age-standardized",2010,"Rate",0.387985625022682,0.242675571413502,0.586941965870251
1,"Deaths",1793,"Worcester County",25027,510,"Pneumoconiosis",1,"Male",27,"Age-standardized",2011,"Rate",0.366998748094361,0.231086885550232,0.569518075212849
1,"Deaths",1793,"Worcester County",25027,510,"Pneumoconiosis",1,"Male",27,"Age-standardized",2012,"Rate",0.363769820937786,0.217096286156344,0.566554830128987
1,"Deaths",1793,"Worcester County",25027,510,"Pneumoconiosis",1,"Male",27,"Age-standardized",2013,"Rate",0.373115551045289,0.224273311703063,0.597803301075484
1,"Deaths",1793,"Worcester County",25027,510,"Pneumoconiosis",1,"Male",27,"Age-standardized",2014,"Rate",0.387883401623289,0.228147025028544,0.626108474436313
1,"Deaths",1793,"Worcester County",25027,510,"Pneumoconiosis",2,"Female",27,"Age-standardized",1980,"Rate",0.211104711312932,0.15225994195225,0.25584147055919
1,"Deaths",1793,"Worcester County",25027,510,"Pneumoconiosis",2,"Female",27,"Age-standardized",1981,"Rate",0.207321353686417,0.15000262512951,0.251938041877978
1,"Deaths",1793,"Worcester County",25027,510,"Pneumoconiosis",2,"Female",27,"Age-standardized",1982,"Rate",0.209991854390162,0.154726283652715,0.256625351034462
1,"Deaths",1793,"Worcester County",25027,510,"Pneumoconiosis",2,"Female",27,"Age-standardized",1983,"Rate",0.22324322883522,0.162159805513296,0.272214366106568
1,"Deaths",1793,"Worcester County",25027,510,"Pneumoconiosis",2,"Female",27,"Age-standardized",1984,"Rate",0.231855569737929,0.172629795352659,0.281682342894658
1,"Deaths",1793,"Worcester County",25027,510,"Pneumoconiosis",2,"Female",27,"Age-standardized",1985,"Rate",0.23991171214597,0.186687964203932,0.292441677594826
1,"Deaths",1793,"Worcester County",25027,510,"Pneumoconiosis",2,"Female",27,"Age-standardized",1986,"Rate",0.249579080828403,0.193059486288847,0.30290094296073
1,"Deaths",1793,"Worcester County",25027,510,"Pneumoconiosis",2,"Female",27,"Age-standardized",1987,"Rate",0.254381740755486,0.19941770457407,0.30932984559047
1,"Deaths",1793,"Worcester County",25027,510,"Pneumoconiosis",2,"Female",27,"Age-standardized",1988,"Rate",0.255684361896987,0.199781432653632,0.309438082462518
1,"Deaths",1793,"Worcester County",25027,510,"Pneumoconiosis",2,"Female",27,"Age-standardized",1989,"Rate",0.256214911151144,0.203625314175818,0.311898682108097
1,"Deaths",1793,"Worcester County",25027,510,"Pneumoconiosis",2,"Female",27,"Age-standardized",1990,"Rate",0.244306754230848,0.196910221840969,0.294125716792568
1,"Deaths",1793,"Worcester County",25027,510,"Pneumoconiosis",2,"Female",27,"Age-standardized",1991,"Rate",0.246843081999738,0.202644006863931,0.297652672948225
1,"Deaths",1793,"Worcester County",25027,510,"Pneumoconiosis",2,"Female",27,"Age-standardized",1992,"Rate",0.245945625547616,0.200833626472587,0.29460941281231
1,"Deaths",1793,"Worcester County",25027,510,"Pneumoconiosis",2,"Female",27,"Age-standardized",1993,"Rate",0.256565727420434,0.211174757809469,0.3058508894186
1,"Deaths",1793,"Worcester County",25027,510,"Pneumoconiosis",2,"Female",27,"Age-standardized",1994,"Rate",0.267336749114811,0.219722317265653,0.32065653826215
1,"Deaths",1793,"Worcester County",25027,510,"Pneumoconiosis",2,"Female",27,"Age-standardized",1995,"Rate",0.271735072245117,0.222844954757072,0.328114091894445
1,"Deaths",1793,"Worcester County",25027,510,"Pneumoconiosis",2,"Female",27,"Age-standardized",1996,"Rate",0.274090020923838,0.22315145872906,0.326358896541094
1,"Deaths",1793,"Worcester County",25027,510,"Pneumoconiosis",2,"Female",27,"Age-standardized",1997,"Rate",0.284635849480092,0.232454518247251,0.342799456071322
1,"Deaths",1793,"Worcester County",25027,510,"Pneumoconiosis",2,"Female",27,"Age-standardized",1998,"Rate",0.303095515456276,0.247193309789476,0.373038425646957
1,"Deaths",1793,"Worcester County",25027,510,"Pneumoconiosis",2,"Female",27,"Age-standardized",1999,"Rate",0.314046178919416,0.254884691769116,0.381036086472816
1,"Deaths",1793,"Worcester County",25027,510,"Pneumoconiosis",2,"Female",27,"Age-standardized",2000,"Rate",0.34048729311726,0.27657972135104,0.418296415520189
1,"Deaths",1793,"Worcester County",25027,510,"Pneumoconiosis",2,"Female",27,"Age-standardized",2001,"Rate",0.34453593474188,0.281306593239768,0.430299737074584
1,"Deaths",1793,"Worcester County",25027,510,"Pneumoconiosis",2,"Female",27,"Age-standardized",2002,"Rate",0.354006869769556,0.281145882241146,0.441484416622215
1,"Deaths",1793,"Worcester County",25027,510,"Pneumoconiosis",2,"Female",27,"Age-standardized",2003,"Rate",0.345364951152633,0.282851102948409,0.431302232490424
1,"Deaths",1793,"Worcester County",25027,510,"Pneumoconiosis",2,"Female",27,"Age-standardized",2004,"Rate",0.339851442332751,0.273678437310377,0.425891383174891
1,"Deaths",1793,"Worcester County",25027,510,"Pneumoconiosis",2,"Female",27,"Age-standardized",2005,"Rate",0.347593612312672,0.275656579420574,0.434809552026879
1,"Deaths",1793,"Worcester County",25027,510,"Pneumoconiosis",2,"Female",27,"Age-standardized",2006,"Rate",0.346408410613661,0.273823600709395,0.444823894509581
1,"Deaths",1793,"Worcester County",25027,510,"Pneumoconiosis",2,"Female",27,"Age-standardized",2007,"Rate",0.335270344731311,0.266674247943975,0.423258951790969
1,"Deaths",1793,"Worcester County",25027,510,"Pneumoconiosis",2,"Female",27,"Age-standardized",2008,"Rate",0.335465970922909,0.262647223234686,0.432674839690979
1,"Deaths",1793,"Worcester County",25027,510,"Pneumoconiosis",2,"Female",27,"Age-standardized",2009,"Rate",0.335787774730408,0.263170180400829,0.433746720738294
1,"Deaths",1793,"Worcester County",25027,510,"Pneumoconiosis",2,"Female",27,"Age-standardized",2010,"Rate",0.322258800254276,0.24952951709041,0.422253152272971
1,"Deaths",1793,"Worcester County",25027,510,"Pneumoconiosis",2,"Female",27,"Age-standardized",2011,"Rate",0.328789674977758,0.253612332134661,0.42798393647587
1,"Deaths",1793,"Worcester County",25027,510,"Pneumoconiosis",2,"Female",27,"Age-standardized",2012,"Rate",0.330308989932335,0.253756924551484,0.440627990499504
1,"Deaths",1793,"Worcester County",25027,510,"Pneumoconiosis",2,"Female",27,"Age-standardized",2013,"Rate",0.335717486995724,0.254488424918533,0.441530377709949
1,"Deaths",1793,"Worcester County",25027,510,"Pneumoconiosis",2,"Female",27,"Age-standardized",2014,"Rate",0.334123408632919,0.251803285134056,0.441158604197074
1,"Deaths",1793,"Worcester County",25027,510,"Pneumoconiosis",3,"Both",27,"Age-standardized",1980,"Rate",0.337589367029181,0.251682352965149,0.453806741106734
1,"Deaths",1793,"Worcester County",25027,510,"Pneumoconiosis",3,"Both",27,"Age-standardized",1981,"Rate",0.317082459108111,0.236743460575289,0.41641836368929
1,"Deaths",1793,"Worcester County",25027,510,"Pneumoconiosis",3,"Both",27,"Age-standardized",1982,"Rate",0.313566888105654,0.237428892254429,0.413169839778092
1,"Deaths",1793,"Worcester County",25027,510,"Pneumoconiosis",3,"Both",27,"Age-standardized",1983,"Rate",0.329772449461665,0.249728194882066,0.433079966356286
1,"Deaths",1793,"Worcester County",25027,510,"Pneumoconiosis",3,"Both",27,"Age-standardized",1984,"Rate",0.335103222652115,0.257685841099698,0.42388782425227
1,"Deaths",1793,"Worcester County",25027,510,"Pneumoconiosis",3,"Both",27,"Age-standardized",1985,"Rate",0.351102205993396,0.271799943320601,0.448705937119911
1,"Deaths",1793,"Worcester County",25027,510,"Pneumoconiosis",3,"Both",27,"Age-standardized",1986,"Rate",0.357932033390823,0.279438870253585,0.454130799051585
1,"Deaths",1793,"Worcester County",25027,510,"Pneumoconiosis",3,"Both",27,"Age-standardized",1987,"Rate",0.362919280636968,0.282675968917191,0.46564503552512
1,"Deaths",1793,"Worcester County",25027,510,"Pneumoconiosis",3,"Both",27,"Age-standardized",1988,"Rate",0.34965400525409,0.277346731183042,0.436082772786962
1,"Deaths",1793,"Worcester County",25027,510,"Pneumoconiosis",3,"Both",27,"Age-standardized",1989,"Rate",0.352377800157346,0.280926720208817,0.437085584344832
1,"Deaths",1793,"Worcester County",25027,510,"Pneumoconiosis",3,"Both",27,"Age-standardized",1990,"Rate",0.339748568118584,0.270924486912723,0.419806166214163
1,"Deaths",1793,"Worcester County",25027,510,"Pneumoconiosis",3,"Both",27,"Age-standardized",1991,"Rate",0.335608118297101,0.271000061030897,0.416574013507691
1,"Deaths",1793,"Worcester County",25027,510,"Pneumoconiosis",3,"Both",27,"Age-standardized",1992,"Rate",0.341087730145245,0.274223235901572,0.424969000665992
1,"Deaths",1793,"Worcester County",25027,510,"Pneumoconiosis",3,"Both",27,"Age-standardized",1993,"Rate",0.346319304328727,0.281210623921993,0.432453861378829
1,"Deaths",1793,"Worcester County",25027,510,"Pneumoconiosis",3,"Both",27,"Age-standardized",1994,"Rate",0.35753486887754,0.289360866391624,0.437487822197779
1,"Deaths",1793,"Worcester County",25027,510,"Pneumoconiosis",3,"Both",27,"Age-standardized",1995,"Rate",0.365763075171556,0.295675530477853,0.448905201230797
1,"Deaths",1793,"Worcester County",25027,510,"Pneumoconiosis",3,"Both",27,"Age-standardized",1996,"Rate",0.362078742589844,0.295251923565504,0.442071369023191
1,"Deaths",1793,"Worcester County",25027,510,"Pneumoconiosis",3,"Both",27,"Age-standardized",1997,"Rate",0.377997109349003,0.304234507892412,0.468712206069788
1,"Deaths",1793,"Worcester County",25027,510,"Pneumoconiosis",3,"Both",27,"Age-standardized",1998,"Rate",0.3979525516185,0.320441411314498,0.487637014649589
1,"Deaths",1793,"Worcester County",25027,510,"Pneumoconiosis",3,"Both",27,"Age-standardized",1999,"Rate",0.398788672329255,0.3231998879858,0.499741261868309
1,"Deaths",1793,"Worcester County",25027,510,"Pneumoconiosis",3,"Both",27,"Age-standardized",2000,"Rate",0.414723750846903,0.336075014426995,0.506406391692811
1,"Deaths",1793,"Worcester County",25027,510,"Pneumoconiosis",3,"Both",27,"Age-standardized",2001,"Rate",0.4108563354499,0.334165594429278,0.511308772243705
1,"Deaths",1793,"Worcester County",25027,510,"Pneumoconiosis",3,"Both",27,"Age-standardized",2002,"Rate",0.417533564957203,0.334138351064173,0.525577901932154
1,"Deaths",1793,"Worcester County",25027,510,"Pneumoconiosis",3,"Both",27,"Age-standardized",2003,"Rate",0.407495756580513,0.325516614768104,0.508024240786668
1,"Deaths",1793,"Worcester County",25027,510,"Pneumoconiosis",3,"Both",27,"Age-standardized",2004,"Rate",0.39053515030204,0.309391015623323,0.485918202038754
1,"Deaths",1793,"Worcester County",25027,510,"Pneumoconiosis",3,"Both",27,"Age-standardized",2005,"Rate",0.392106471701527,0.310432787637281,0.491391267529648
1,"Deaths",1793,"Worcester County",25027,510,"Pneumoconiosis",3,"Both",27,"Age-standardized",2006,"Rate",0.386549590022621,0.305496752912269,0.482912877339461
1,"Deaths",1793,"Worcester County",25027,510,"Pneumoconiosis",3,"Both",27,"Age-standardized",2007,"Rate",0.371143475076666,0.28990552835704,0.46393577978624
1,"Deaths",1793,"Worcester County",25027,510,"Pneumoconiosis",3,"Both",27,"Age-standardized",2008,"Rate",0.365782209852554,0.290791648976466,0.468446427516896
1,"Deaths",1793,"Worcester County",25027,510,"Pneumoconiosis",3,"Both",27,"Age-standardized",2009,"Rate",0.360565353672336,0.28441422464477,0.462404039599504
1,"Deaths",1793,"Worcester County",25027,510,"Pneumoconiosis",3,"Both",27,"Age-standardized",2010,"Rate",0.350508602218393,0.272706606949124,0.452444402700143
1,"Deaths",1793,"Worcester County",25027,510,"Pneumoconiosis",3,"Both",27,"Age-standardized",2011,"Rate",0.346349824158694,0.273012422028618,0.457156004403704
1,"Deaths",1793,"Worcester County",25027,510,"Pneumoconiosis",3,"Both",27,"Age-standardized",2012,"Rate",0.346175592627188,0.267136112338922,0.444438532366096
1,"Deaths",1793,"Worcester County",25027,510,"Pneumoconiosis",3,"Both",27,"Age-standardized",2013,"Rate",0.353036505333481,0.267353242480579,0.459387944060683
1,"Deaths",1793,"Worcester County",25027,510,"Pneumoconiosis",3,"Both",27,"Age-standardized",2014,"Rate",0.357936225509756,0.270040181356033,0.470971950120514
1,"Deaths",544,"Massachusetts",25,511,"Silicosis",1,"Male",27,"Age-standardized",1980,"Rate",0.113933552028774,0.0621933540832482,0.158423598348887
1,"Deaths",544,"Massachusetts",25,511,"Silicosis",1,"Male",27,"Age-standardized",1981,"Rate",0.104234838083564,0.0534126435971431,0.140998903639236
1,"Deaths",544,"Massachusetts",25,511,"Silicosis",1,"Male",27,"Age-standardized",1982,"Rate",0.103202536855595,0.054111283742026,0.140428851845907
1,"Deaths",544,"Massachusetts",25,511,"Silicosis",1,"Male",27,"Age-standardized",1983,"Rate",0.102263149849042,0.0537914538216178,0.139701042095779
1,"Deaths",544,"Massachusetts",25,511,"Silicosis",1,"Male",27,"Age-standardized",1984,"Rate",0.0956424552945851,0.0528579739845388,0.12828118749837
1,"Deaths",544,"Massachusetts",25,511,"Silicosis",1,"Male",27,"Age-standardized",1985,"Rate",0.0955477692969388,0.0526569840117158,0.128098629396687
1,"Deaths",544,"Massachusetts",25,511,"Silicosis",1,"Male",27,"Age-standardized",1986,"Rate",0.0923289245964487,0.0548101040683876,0.121050484682482
1,"Deaths",544,"Massachusetts",25,511,"Silicosis",1,"Male",27,"Age-standardized",1987,"Rate",0.0899635379512441,0.0512454137838557,0.118152203612843
1,"Deaths",544,"Massachusetts",25,511,"Silicosis",1,"Male",27,"Age-standardized",1988,"Rate",0.0826411355225158,0.0518133192761284,0.109702327810387
1,"Deaths",544,"Massachusetts",25,511,"Silicosis",1,"Male",27,"Age-standardized",1989,"Rate",0.0800631968059441,0.0505968487969921,0.106991683028181
1,"Deaths",544,"Massachusetts",25,511,"Silicosis",1,"Male",27,"Age-standardized",1990,"Rate",0.0731872018053569,0.047702037444277,0.0962530352726857
1,"Deaths",544,"Massachusetts",25,511,"Silicosis",1,"Male",27,"Age-standardized",1991,"Rate",0.0714005805686847,0.0474837364782347,0.0945246783068552
1,"Deaths",544,"Massachusetts",25,511,"Silicosis",1,"Male",27,"Age-standardized",1992,"Rate",0.0689581817804998,0.0481219168957561,0.0941864204541922
1,"Deaths",544,"Massachusetts",25,511,"Silicosis",1,"Male",27,"Age-standardized",1993,"Rate",0.0654025285640241,0.0475345549644726,0.0895620975006796
1,"Deaths",544,"Massachusetts",25,511,"Silicosis",1,"Male",27,"Age-standardized",1994,"Rate",0.0636817268192984,0.0444686950189039,0.0880877016862638
1,"Deaths",544,"Massachusetts",25,511,"Silicosis",1,"Male",27,"Age-standardized",1995,"Rate",0.0607352100256105,0.0437937806958559,0.0866086757275777
1,"Deaths",544,"Massachusetts",25,511,"Silicosis",1,"Male",27,"Age-standardized",1996,"Rate",0.0551776482992332,0.0390776827051028,0.0842165778761976
1,"Deaths",544,"Massachusetts",25,511,"Silicosis",1,"Male",27,"Age-standardized",1997,"Rate",0.0523911446160562,0.0365574590253018,0.0824921203647773
1,"Deaths",544,"Massachusetts",25,511,"Silicosis",1,"Male",27,"Age-standardized",1998,"Rate",0.050217399165393,0.0346996127079915,0.0825572224346739
1,"Deaths",544,"Massachusetts",25,511,"Silicosis",1,"Male",27,"Age-standardized",1999,"Rate",0.0491153811340146,0.0331214438126448,0.0834607855708038
1,"Deaths",544,"Massachusetts",25,511,"Silicosis",1,"Male",27,"Age-standardized",2000,"Rate",0.0442053016191169,0.0305478621212878,0.0828871876473669
1,"Deaths",544,"Massachusetts",25,511,"Silicosis",1,"Male",27,"Age-standardized",2001,"Rate",0.0428828414101755,0.0294486483912254,0.0815229172225713
1,"Deaths",544,"Massachusetts",25,511,"Silicosis",1,"Male",27,"Age-standardized",2002,"Rate",0.0421962919629411,0.0287347274131972,0.0773018247985586
1,"Deaths",544,"Massachusetts",25,511,"Silicosis",1,"Male",27,"Age-standardized",2003,"Rate",0.0422773207340356,0.0279690414203263,0.0787270714446748
1,"Deaths",544,"Massachusetts",25,511,"Silicosis",1,"Male",27,"Age-standardized",2004,"Rate",0.039114795996861,0.0255534551478293,0.0734744663208238
1,"Deaths",544,"Massachusetts",25,511,"Silicosis",1,"Male",27,"Age-standardized",2005,"Rate",0.0381392878030727,0.0248691920087855,0.0706886447844334
1,"Deaths",544,"Massachusetts",25,511,"Silicosis",1,"Male",27,"Age-standardized",2006,"Rate",0.0359007722581283,0.0231066592727189,0.0674942652377689
1,"Deaths",544,"Massachusetts",25,511,"Silicosis",1,"Male",27,"Age-standardized",2007,"Rate",0.0349212630594227,0.0223710735244061,0.0632941624923043
1,"Deaths",544,"Massachusetts",25,511,"Silicosis",1,"Male",27,"Age-standardized",2008,"Rate",0.0354869651941183,0.0222501397886142,0.0649758031325488
1,"Deaths",544,"Massachusetts",25,511,"Silicosis",1,"Male",27,"Age-standardized",2009,"Rate",0.0328789946938656,0.0205213078790377,0.0567207439027282
1,"Deaths",544,"Massachusetts",25,511,"Silicosis",1,"Male",27,"Age-standardized",2010,"Rate",0.0322390739024664,0.0202878895156712,0.0550851738617848
1,"Deaths",544,"Massachusetts",25,511,"Silicosis",1,"Male",27,"Age-standardized",2011,"Rate",0.0318277251406652,0.0198071575822912,0.0549967250327627
1,"Deaths",544,"Massachusetts",25,511,"Silicosis",1,"Male",27,"Age-standardized",2012,"Rate",0.0311904803649403,0.0187083318858828,0.0533381369270232
1,"Deaths",544,"Massachusetts",25,511,"Silicosis",1,"Male",27,"Age-standardized",2013,"Rate",0.0320010309845205,0.0187079354740288,0.0559575737281328
1,"Deaths",544,"Massachusetts",25,511,"Silicosis",1,"Male",27,"Age-standardized",2014,"Rate",0.0327775105352862,0.0186397454974351,0.0590408247856305
1,"Deaths",544,"Massachusetts",25,511,"Silicosis",2,"Female",27,"Age-standardized",1980,"Rate",0.0039343452523935,0.00186799931157612,0.00734813142857065
1,"Deaths",544,"Massachusetts",25,511,"Silicosis",2,"Female",27,"Age-standardized",1981,"Rate",0.00387422323759362,0.00183668951721708,0.00729993644322115
1,"Deaths",544,"Massachusetts",25,511,"Silicosis",2,"Female",27,"Age-standardized",1982,"Rate",0.00322422828762244,0.00148404473046159,0.00595610809436266
1,"Deaths",544,"Massachusetts",25,511,"Silicosis",2,"Female",27,"Age-standardized",1983,"Rate",0.00340655364016008,0.00167588511200235,0.00631199248165543
1,"Deaths",544,"Massachusetts",25,511,"Silicosis",2,"Female",27,"Age-standardized",1984,"Rate",0.00361281362797837,0.00179496096674969,0.00658503930545018
1,"Deaths",544,"Massachusetts",25,511,"Silicosis",2,"Female",27,"Age-standardized",1985,"Rate",0.00361227593149939,0.00180141412664957,0.00661401255196253
1,"Deaths",544,"Massachusetts",25,511,"Silicosis",2,"Female",27,"Age-standardized",1986,"Rate",0.0034797977224744,0.00174716865751186,0.00636138296301121
1,"Deaths",544,"Massachusetts",25,511,"Silicosis",2,"Female",27,"Age-standardized",1987,"Rate",0.00395171991072529,0.00198933151817684,0.00712967776446783
1,"Deaths",544,"Massachusetts",25,511,"Silicosis",2,"Female",27,"Age-standardized",1988,"Rate",0.00395927079877039,0.0020194653493955,0.00717355951326174
1,"Deaths",544,"Massachusetts",25,511,"Silicosis",2,"Female",27,"Age-standardized",1989,"Rate",0.00382010328585006,0.00194225615871009,0.00681876204610552
1,"Deaths",544,"Massachusetts",25,511,"Silicosis",2,"Female",27,"Age-standardized",1990,"Rate",0.00345535387915356,0.00175708304156926,0.0060790412872692
1,"Deaths",544,"Massachusetts",25,511,"Silicosis",2,"Female",27,"Age-standardized",1991,"Rate",0.00332520592952946,0.00169759734106476,0.00602245130427281
1,"Deaths",544,"Massachusetts",25,511,"Silicosis",2,"Female",27,"Age-standardized",1992,"Rate",0.00346456002063445,0.00174182202855684,0.00620440372584553
1,"Deaths",544,"Massachusetts",25,511,"Silicosis",2,"Female",27,"Age-standardized",1993,"Rate",0.00332645753804111,0.00166406613031904,0.00599350518758301
1,"Deaths",544,"Massachusetts",25,511,"Silicosis",2,"Female",27,"Age-standardized",1994,"Rate",0.00339504180013328,0.00170454386513526,0.0062291719410442
1,"Deaths",544,"Massachusetts",25,511,"Silicosis",2,"Female",27,"Age-standardized",1995,"Rate",0.00317844569615177,0.00160233334094243,0.00576171423500213
1,"Deaths",544,"Massachusetts",25,511,"Silicosis",2,"Female",27,"Age-standardized",1996,"Rate",0.00304983229635689,0.00151890249344421,0.00550407713569122
1,"Deaths",544,"Massachusetts",25,511,"Silicosis",2,"Female",27,"Age-standardized",1997,"Rate",0.00295794043802394,0.00147507631288615,0.00533510337806514
1,"Deaths",544,"Massachusetts",25,511,"Silicosis",2,"Female",27,"Age-standardized",1998,"Rate",0.00267552270095011,0.00133036807282786,0.00491641339931889
1,"Deaths",544,"Massachusetts",25,511,"Silicosis",2,"Female",27,"Age-standardized",1999,"Rate",0.00277639563939455,0.00136491263818422,0.00509159149311859
1,"Deaths",544,"Massachusetts",25,511,"Silicosis",2,"Female",27,"Age-standardized",2000,"Rate",0.00280600935507691,0.00135467068854554,0.00518237349493361
1,"Deaths",544,"Massachusetts",25,511,"Silicosis",2,"Female",27,"Age-standardized",2001,"Rate",0.00315495138177408,0.00155133796066406,0.00576706175638634
1,"Deaths",544,"Massachusetts",25,511,"Silicosis",2,"Female",27,"Age-standardized",2002,"Rate",0.00347250272892167,0.0017311139441849,0.0063256213316965
1,"Deaths",544,"Massachusetts",25,511,"Silicosis",2,"Female",27,"Age-standardized",2003,"Rate",0.00341353083654759,0.0016809822981506,0.00619940698272773
1,"Deaths",544,"Massachusetts",25,511,"Silicosis",2,"Female",27,"Age-standardized",2004,"Rate",0.00304121209447031,0.00149337808508415,0.0055298863786259
1,"Deaths",544,"Massachusetts",25,511,"Silicosis",2,"Female",27,"Age-standardized",2005,"Rate",0.00270355837415077,0.0013234743058774,0.00498827321850991
1,"Deaths",544,"Massachusetts",25,511,"Silicosis",2,"Female",27,"Age-standardized",2006,"Rate",0.00282800833748584,0.00140375193469724,0.00514938299455684
1,"Deaths",544,"Massachusetts",25,511,"Silicosis",2,"Female",27,"Age-standardized",2007,"Rate",0.00284457840510365,0.00140268633361159,0.00517786821693584
1,"Deaths",544,"Massachusetts",25,511,"Silicosis",2,"Female",27,"Age-standardized",2008,"Rate",0.00287032872446463,0.00139610394480544,0.00523190089938032
1,"Deaths",544,"Massachusetts",25,511,"Silicosis",2,"Female",27,"Age-standardized",2009,"Rate",0.00262602887738214,0.00128826743974411,0.00499488992053538
1,"Deaths",544,"Massachusetts",25,511,"Silicosis",2,"Female",27,"Age-standardized",2010,"Rate",0.0024991414042494,0.00116530653538134,0.00472973533792477
1,"Deaths",544,"Massachusetts",25,511,"Silicosis",2,"Female",27,"Age-standardized",2011,"Rate",0.00255199966379043,0.00116855734129554,0.00496197995808573
1,"Deaths",544,"Massachusetts",25,511,"Silicosis",2,"Female",27,"Age-standardized",2012,"Rate",0.00252520926345032,0.00116442099193739,0.00490251504545032
1,"Deaths",544,"Massachusetts",25,511,"Silicosis",2,"Female",27,"Age-standardized",2013,"Rate",0.00252917861989413,0.00116876229940194,0.00493176441783753
1,"Deaths",544,"Massachusetts",25,511,"Silicosis",2,"Female",27,"Age-standardized",2014,"Rate",0.0024896018608866,0.00111216292304174,0.00498928452703925
1,"Deaths",544,"Massachusetts",25,511,"Silicosis",3,"Both",27,"Age-standardized",1980,"Rate",0.0444903592314984,0.0258590117593206,0.0609597863442506
1,"Deaths",544,"Massachusetts",25,511,"Silicosis",3,"Both",27,"Age-standardized",1981,"Rate",0.0405364654376086,0.0230671388232797,0.0540068001942611
1,"Deaths",544,"Massachusetts",25,511,"Silicosis",3,"Both",27,"Age-standardized",1982,"Rate",0.0396024203756443,0.022269887705122,0.0528040153011677
1,"Deaths",544,"Massachusetts",25,511,"Silicosis",3,"Both",27,"Age-standardized",1983,"Rate",0.0391522327193947,0.0220196559993815,0.053004587934807
1,"Deaths",544,"Massachusetts",25,511,"Silicosis",3,"Both",27,"Age-standardized",1984,"Rate",0.0368266818411826,0.0213259729993623,0.0480467621915757
1,"Deaths",544,"Massachusetts",25,511,"Silicosis",3,"Both",27,"Age-standardized",1985,"Rate",0.0365363415197387,0.0215068600578835,0.0480446408372964
1,"Deaths",544,"Massachusetts",25,511,"Silicosis",3,"Both",27,"Age-standardized",1986,"Rate",0.0350997792089445,0.0215886128316127,0.045906505862584
1,"Deaths",544,"Massachusetts",25,511,"Silicosis",3,"Both",27,"Age-standardized",1987,"Rate",0.0344893578544686,0.0207412498455459,0.044674490866882
1,"Deaths",544,"Massachusetts",25,511,"Silicosis",3,"Both",27,"Age-standardized",1988,"Rate",0.0319025830330488,0.0210946732186424,0.0415937651358237
1,"Deaths",544,"Massachusetts",25,511,"Silicosis",3,"Both",27,"Age-standardized",1989,"Rate",0.0308288973566467,0.0204992063174308,0.0408743410928367
1,"Deaths",544,"Massachusetts",25,511,"Silicosis",3,"Both",27,"Age-standardized",1990,"Rate",0.028241614260864,0.0194301193773599,0.0365774985650918
1,"Deaths",544,"Massachusetts",25,511,"Silicosis",3,"Both",27,"Age-standardized",1991,"Rate",0.0275026790215583,0.0190956213753982,0.0357053406034861
1,"Deaths",544,"Massachusetts",25,511,"Silicosis",3,"Both",27,"Age-standardized",1992,"Rate",0.0267364462639021,0.0190140541755386,0.0354590652880412
1,"Deaths",544,"Massachusetts",25,511,"Silicosis",3,"Both",27,"Age-standardized",1993,"Rate",0.0255077429731833,0.0187116960765343,0.0344652196934019
1,"Deaths",544,"Massachusetts",25,511,"Silicosis",3,"Both",27,"Age-standardized",1994,"Rate",0.0250210888377258,0.0179804083903491,0.0346955793880433
1,"Deaths",544,"Massachusetts",25,511,"Silicosis",3,"Both",27,"Age-standardized",1995,"Rate",0.023965551982146,0.0177475440771875,0.0338245676751171
1,"Deaths",544,"Massachusetts",25,511,"Silicosis",3,"Both",27,"Age-standardized",1996,"Rate",0.0220276392174661,0.0159825992704412,0.0328216378730404
1,"Deaths",544,"Massachusetts",25,511,"Silicosis",3,"Both",27,"Age-standardized",1997,"Rate",0.021126260816573,0.0151415037944967,0.0327249347517003
1,"Deaths",544,"Massachusetts",25,511,"Silicosis",3,"Both",27,"Age-standardized",1998,"Rate",0.0201683016730759,0.0143980686005106,0.0325309842915412
1,"Deaths",544,"Massachusetts",25,511,"Silicosis",3,"Both",27,"Age-standardized",1999,"Rate",0.020016739562568,0.0142798122357064,0.0324984220431679
1,"Deaths",544,"Massachusetts",25,511,"Silicosis",3,"Both",27,"Age-standardized",2000,"Rate",0.0183650127800181,0.0128513287626568,0.0325517956734802
1,"Deaths",544,"Massachusetts",25,511,"Silicosis",3,"Both",27,"Age-standardized",2001,"Rate",0.0182028977415701,0.0129141064866969,0.0316752049659247
1,"Deaths",544,"Massachusetts",25,511,"Silicosis",3,"Both",27,"Age-standardized",2002,"Rate",0.0182239017640197,0.0128479414605161,0.0317558989326218
1,"Deaths",544,"Massachusetts",25,511,"Silicosis",3,"Both",27,"Age-standardized",2003,"Rate",0.0182606160089871,0.0126462757632414,0.0320131049741224
1,"Deaths",544,"Massachusetts",25,511,"Silicosis",3,"Both",27,"Age-standardized",2004,"Rate",0.016964037521984,0.0117763975271891,0.0296779901438198
1,"Deaths",544,"Massachusetts",25,511,"Silicosis",3,"Both",27,"Age-standardized",2005,"Rate",0.0164382410790433,0.0112332221656382,0.0287867488078718
1,"Deaths",544,"Massachusetts",25,511,"Silicosis",3,"Both",27,"Age-standardized",2006,"Rate",0.0158013753805353,0.0107877745008129,0.0269830094118633
1,"Deaths",544,"Massachusetts",25,511,"Silicosis",3,"Both",27,"Age-standardized",2007,"Rate",0.015496200154833,0.0104975477458506,0.0264222477919736
1,"Deaths",544,"Massachusetts",25,511,"Silicosis",3,"Both",27,"Age-standardized",2008,"Rate",0.0158087865117096,0.0105994890207065,0.0268314256553514
1,"Deaths",544,"Massachusetts",25,511,"Silicosis",3,"Both",27,"Age-standardized",2009,"Rate",0.0147278775320555,0.00969862924706752,0.023513832379835
1,"Deaths",544,"Massachusetts",25,511,"Silicosis",3,"Both",27,"Age-standardized",2010,"Rate",0.0144054924481762,0.00949704342306855,0.0228025357269423
1,"Deaths",544,"Massachusetts",25,511,"Silicosis",3,"Both",27,"Age-standardized",2011,"Rate",0.0142825488030904,0.00921561616911412,0.0229373759210467
1,"Deaths",544,"Massachusetts",25,511,"Silicosis",3,"Both",27,"Age-standardized",2012,"Rate",0.0140683493581321,0.00889753329025011,0.0221545811755566
1,"Deaths",544,"Massachusetts",25,511,"Silicosis",3,"Both",27,"Age-standardized",2013,"Rate",0.0144600393596767,0.00888371953041935,0.0233853606707881
1,"Deaths",544,"Massachusetts",25,511,"Silicosis",3,"Both",27,"Age-standardized",2014,"Rate",0.0146632243475063,0.00895321412813284,0.0245541069646866
1,"Deaths",1800,"Barnstable County",25001,511,"Silicosis",1,"Male",27,"Age-standardized",1980,"Rate",0.0987068414300822,0.0244261201322271,0.240814903113893
1,"Deaths",1800,"Barnstable County",25001,511,"Silicosis",1,"Male",27,"Age-standardized",1981,"Rate",0.0980185600823298,0.0239524574192609,0.241905322363081
1,"Deaths",1800,"Barnstable County",25001,511,"Silicosis",1,"Male",27,"Age-standardized",1982,"Rate",0.0963413453788013,0.0259536362633573,0.238670959444037
1,"Deaths",1800,"Barnstable County",25001,511,"Silicosis",1,"Male",27,"Age-standardized",1983,"Rate",0.0912739032812681,0.0245822657932406,0.210441869094177
1,"Deaths",1800,"Barnstable County",25001,511,"Silicosis",1,"Male",27,"Age-standardized",1984,"Rate",0.0902144932570196,0.0253694582243466,0.216449098744169
1,"Deaths",1800,"Barnstable County",25001,511,"Silicosis",1,"Male",27,"Age-standardized",1985,"Rate",0.0862401171567748,0.0243693310425722,0.203787068212663
1,"Deaths",1800,"Barnstable County",25001,511,"Silicosis",1,"Male",27,"Age-standardized",1986,"Rate",0.0842505423793031,0.0237099308631834,0.188870487282417
1,"Deaths",1800,"Barnstable County",25001,511,"Silicosis",1,"Male",27,"Age-standardized",1987,"Rate",0.0833449060568916,0.0242498362474694,0.193415626091203
1,"Deaths",1800,"Barnstable County",25001,511,"Silicosis",1,"Male",27,"Age-standardized",1988,"Rate",0.0772924753342313,0.0233694211123203,0.173939869423539
1,"Deaths",1800,"Barnstable County",25001,511,"Silicosis",1,"Male",27,"Age-standardized",1989,"Rate",0.0733699086795496,0.0233719838846689,0.161871549514555
1,"Deaths",1800,"Barnstable County",25001,511,"Silicosis",1,"Male",27,"Age-standardized",1990,"Rate",0.0685100930734512,0.0209604554564976,0.148761379884849
1,"Deaths",1800,"Barnstable County",25001,511,"Silicosis",1,"Male",27,"Age-standardized",1991,"Rate",0.0677457701255235,0.0205586491852712,0.15283584368697
1,"Deaths",1800,"Barnstable County",25001,511,"Silicosis",1,"Male",27,"Age-standardized",1992,"Rate",0.0657872728957703,0.0205893567099045,0.147468177439621
1,"Deaths",1800,"Barnstable County",25001,511,"Silicosis",1,"Male",27,"Age-standardized",1993,"Rate",0.0605658372278427,0.0188234860543568,0.132938347659822
1,"Deaths",1800,"Barnstable County",25001,511,"Silicosis",1,"Male",27,"Age-standardized",1994,"Rate",0.0593062335536496,0.0188353670872166,0.134113287196551
1,"Deaths",1800,"Barnstable County",25001,511,"Silicosis",1,"Male",27,"Age-standardized",1995,"Rate",0.0584640692739069,0.0172777688994174,0.133526237854978
1,"Deaths",1800,"Barnstable County",25001,511,"Silicosis",1,"Male",27,"Age-standardized",1996,"Rate",0.0491710196788417,0.0148015984234494,0.116104748872432
1,"Deaths",1800,"Barnstable County",25001,511,"Silicosis",1,"Male",27,"Age-standardized",1997,"Rate",0.0475889961732378,0.0144175394212141,0.111147907483938
1,"Deaths",1800,"Barnstable County",25001,511,"Silicosis",1,"Male",27,"Age-standardized",1998,"Rate",0.0452919121890979,0.0136830032817958,0.105878563518967
1,"Deaths",1800,"Barnstable County",25001,511,"Silicosis",1,"Male",27,"Age-standardized",1999,"Rate",0.0464453416720379,0.0132312529932719,0.110061476780409
1,"Deaths",1800,"Barnstable County",25001,511,"Silicosis",1,"Male",27,"Age-standardized",2000,"Rate",0.0406690984290144,0.0118028805521352,0.103192641630039
1,"Deaths",1800,"Barnstable County",25001,511,"Silicosis",1,"Male",27,"Age-standardized",2001,"Rate",0.0423349159133981,0.0128339751791346,0.108649857407272
1,"Deaths",1800,"Barnstable County",25001,511,"Silicosis",1,"Male",27,"Age-standardized",2002,"Rate",0.0423550683224915,0.0112484731360547,0.108930289982454
1,"Deaths",1800,"Barnstable County",25001,511,"Silicosis",1,"Male",27,"Age-standardized",2003,"Rate",0.0410472491004603,0.010209319145804,0.106449597856956
1,"Deaths",1800,"Barnstable County",25001,511,"Silicosis",1,"Male",27,"Age-standardized",2004,"Rate",0.0389986286079563,0.00942571324997253,0.100270635976756
1,"Deaths",1800,"Barnstable County",25001,511,"Silicosis",1,"Male",27,"Age-standardized",2005,"Rate",0.0384622105641667,0.00996788563714998,0.106386090749484
1,"Deaths",1800,"Barnstable County",25001,511,"Silicosis",1,"Male",27,"Age-standardized",2006,"Rate",0.0362932279086479,0.00880874778202654,0.0966868068914034
1,"Deaths",1800,"Barnstable County",25001,511,"Silicosis",1,"Male",27,"Age-standardized",2007,"Rate",0.0364758658011915,0.00802411726669103,0.0988220282568815
1,"Deaths",1800,"Barnstable County",25001,511,"Silicosis",1,"Male",27,"Age-standardized",2008,"Rate",0.0374069054592924,0.00873757955725613,0.105065720491499
1,"Deaths",1800,"Barnstable County",25001,511,"Silicosis",1,"Male",27,"Age-standardized",2009,"Rate",0.0363321970184991,0.00789067067901633,0.104574299122297
1,"Deaths",1800,"Barnstable County",25001,511,"Silicosis",1,"Male",27,"Age-standardized",2010,"Rate",0.0365092244183613,0.0081289486285037,0.101795224308011
1,"Deaths",1800,"Barnstable County",25001,511,"Silicosis",1,"Male",27,"Age-standardized",2011,"Rate",0.0360267598049476,0.0069054690795154,0.108223883953205
1,"Deaths",1800,"Barnstable County",25001,511,"Silicosis",1,"Male",27,"Age-standardized",2012,"Rate",0.0352413411530822,0.00706282397148824,0.106155801717826
1,"Deaths",1800,"Barnstable County",25001,511,"Silicosis",1,"Male",27,"Age-standardized",2013,"Rate",0.035660414780644,0.00641114027897217,0.103793298146829
1,"Deaths",1800,"Barnstable County",25001,511,"Silicosis",1,"Male",27,"Age-standardized",2014,"Rate",0.0366615474861551,0.00634331326705592,0.112657861933333
1,"Deaths",1800,"Barnstable County",25001,511,"Silicosis",2,"Female",27,"Age-standardized",1980,"Rate",0.00540618750378018,0.000576673153875683,0.0194479139711718
1,"Deaths",1800,"Barnstable County",25001,511,"Silicosis",2,"Female",27,"Age-standardized",1981,"Rate",0.00540380841461687,0.000589873066322235,0.0190089997333847
1,"Deaths",1800,"Barnstable County",25001,511,"Silicosis",2,"Female",27,"Age-standardized",1982,"Rate",0.00450952313247394,0.00047295370338067,0.0163970845883348
1,"Deaths",1800,"Barnstable County",25001,511,"Silicosis",2,"Female",27,"Age-standardized",1983,"Rate",0.00477153457089897,0.000528543644058212,0.0184560523858384
1,"Deaths",1800,"Barnstable County",25001,511,"Silicosis",2,"Female",27,"Age-standardized",1984,"Rate",0.0050856228715673,0.000545949764193634,0.0190021718049303
1,"Deaths",1800,"Barnstable County",25001,511,"Silicosis",2,"Female",27,"Age-standardized",1985,"Rate",0.00511873772067531,0.00057151527086454,0.0182786829912319
1,"Deaths",1800,"Barnstable County",25001,511,"Silicosis",2,"Female",27,"Age-standardized",1986,"Rate",0.00494525036904494,0.00056780067879505,0.0173966840869213
1,"Deaths",1800,"Barnstable County",25001,511,"Silicosis",2,"Female",27,"Age-standardized",1987,"Rate",0.00565678949041003,0.0006791755082537,0.0206685668845854
1,"Deaths",1800,"Barnstable County",25001,511,"Silicosis",2,"Female",27,"Age-standardized",1988,"Rate",0.00571631041733079,0.000652093251369474,0.0203967431909069
1,"Deaths",1800,"Barnstable County",25001,511,"Silicosis",2,"Female",27,"Age-standardized",1989,"Rate",0.00558844108740622,0.00065016640788627,0.0208667874281975
1,"Deaths",1800,"Barnstable County",25001,511,"Silicosis",2,"Female",27,"Age-standardized",1990,"Rate",0.00509337622784763,0.000576649435034459,0.0188225324717628
1,"Deaths",1800,"Barnstable County",25001,511,"Silicosis",2,"Female",27,"Age-standardized",1991,"Rate",0.00488231480895479,0.000558788050751854,0.0188528902735015
1,"Deaths",1800,"Barnstable County",25001,511,"Silicosis",2,"Female",27,"Age-standardized",1992,"Rate",0.0050799235383375,0.000596586031802966,0.0191950529823802
1,"Deaths",1800,"Barnstable County",25001,511,"Silicosis",2,"Female",27,"Age-standardized",1993,"Rate",0.0049628418565347,0.000544963420775972,0.0181735069941729
1,"Deaths",1800,"Barnstable County",25001,511,"Silicosis",2,"Female",27,"Age-standardized",1994,"Rate",0.00500278043769716,0.000599900465737509,0.0180680189142209
1,"Deaths",1800,"Barnstable County",25001,511,"Silicosis",2,"Female",27,"Age-standardized",1995,"Rate",0.00470272569102606,0.000583761385180757,0.0176881899851114
1,"Deaths",1800,"Barnstable County",25001,511,"Silicosis",2,"Female",27,"Age-standardized",1996,"Rate",0.00458510418915079,0.000523516280905405,0.0166495112289506
1,"Deaths",1800,"Barnstable County",25001,511,"Silicosis",2,"Female",27,"Age-standardized",1997,"Rate",0.00439312540802208,0.00052708925275163,0.0170659400240498
1,"Deaths",1800,"Barnstable County",25001,511,"Silicosis",2,"Female",27,"Age-standardized",1998,"Rate",0.00405653682154137,0.000465203125543546,0.0151596602830585
1,"Deaths",1800,"Barnstable County",25001,511,"Silicosis",2,"Female",27,"Age-standardized",1999,"Rate",0.00426343537261175,0.000464100009254933,0.0151352385634839
1,"Deaths",1800,"Barnstable County",25001,511,"Silicosis",2,"Female",27,"Age-standardized",2000,"Rate",0.00429812022901227,0.000500681726800855,0.0158155457476859
1,"Deaths",1800,"Barnstable County",25001,511,"Silicosis",2,"Female",27,"Age-standardized",2001,"Rate",0.00483260324482616,0.000556176433274536,0.018063523844791
1,"Deaths",1800,"Barnstable County",25001,511,"Silicosis",2,"Female",27,"Age-standardized",2002,"Rate",0.00521183987520936,0.000582990513474295,0.0190606646954528
1,"Deaths",1800,"Barnstable County",25001,511,"Silicosis",2,"Female",27,"Age-standardized",2003,"Rate",0.00533052282630558,0.000595891397834562,0.0199356777670119
1,"Deaths",1800,"Barnstable County",25001,511,"Silicosis",2,"Female",27,"Age-standardized",2004,"Rate",0.00479386452454472,0.000536880638967674,0.0184027026083008
1,"Deaths",1800,"Barnstable County",25001,511,"Silicosis",2,"Female",27,"Age-standardized",2005,"Rate",0.00424390237893601,0.000455077192052673,0.016274285494906
1,"Deaths",1800,"Barnstable County",25001,511,"Silicosis",2,"Female",27,"Age-standardized",2006,"Rate",0.0044943174325868,0.000510607162047418,0.0175040604499
1,"Deaths",1800,"Barnstable County",25001,511,"Silicosis",2,"Female",27,"Age-standardized",2007,"Rate",0.00460103971637251,0.000507080902813306,0.0179174061479029
1,"Deaths",1800,"Barnstable County",25001,511,"Silicosis",2,"Female",27,"Age-standardized",2008,"Rate",0.00467352902285841,0.000467662248408688,0.0174804201894566
1,"Deaths",1800,"Barnstable County",25001,511,"Silicosis",2,"Female",27,"Age-standardized",2009,"Rate",0.00429413658486209,0.000448144136892612,0.016523672561254
1,"Deaths",1800,"Barnstable County",25001,511,"Silicosis",2,"Female",27,"Age-standardized",2010,"Rate",0.00412671304979282,0.000438940664318377,0.0165129379753228
1,"Deaths",1800,"Barnstable County",25001,511,"Silicosis",2,"Female",27,"Age-standardized",2011,"Rate",0.00429599261882249,0.000423738431197778,0.0178043762037754
1,"Deaths",1800,"Barnstable County",25001,511,"Silicosis",2,"Female",27,"Age-standardized",2012,"Rate",0.00421964223028224,0.00040334852128261,0.0164668111090066
1,"Deaths",1800,"Barnstable County",25001,511,"Silicosis",2,"Female",27,"Age-standardized",2013,"Rate",0.00432561674942881,0.00042683454472615,0.0175222987856229
1,"Deaths",1800,"Barnstable County",25001,511,"Silicosis",2,"Female",27,"Age-standardized",2014,"Rate",0.00415976920698402,0.000385703872954538,0.0174776385931549
1,"Deaths",1800,"Barnstable County",25001,511,"Silicosis",3,"Both",27,"Age-standardized",1980,"Rate",0.042402033865055,0.0118252664812073,0.0978256177974677
1,"Deaths",1800,"Barnstable County",25001,511,"Silicosis",3,"Both",27,"Age-standardized",1981,"Rate",0.0418924785526329,0.0116143172787109,0.098451391103681
1,"Deaths",1800,"Barnstable County",25001,511,"Silicosis",3,"Both",27,"Age-standardized",1982,"Rate",0.0406375319229791,0.0121317928988431,0.0964523227577224
1,"Deaths",1800,"Barnstable County",25001,511,"Silicosis",3,"Both",27,"Age-standardized",1983,"Rate",0.0386916201542844,0.0118181626049745,0.08516349816129
1,"Deaths",1800,"Barnstable County",25001,511,"Silicosis",3,"Both",27,"Age-standardized",1984,"Rate",0.0384453511159102,0.0123004531968921,0.0893142776351423
1,"Deaths",1800,"Barnstable County",25001,511,"Silicosis",3,"Both",27,"Age-standardized",1985,"Rate",0.0367330629953535,0.0119191901743309,0.083650695983959
1,"Deaths",1800,"Barnstable County",25001,511,"Silicosis",3,"Both",27,"Age-standardized",1986,"Rate",0.0357183774920683,0.0115496597908805,0.0767180195140256
1,"Deaths",1800,"Barnstable County",25001,511,"Silicosis",3,"Both",27,"Age-standardized",1987,"Rate",0.0358064801683986,0.0119263057863125,0.0799462320482332
1,"Deaths",1800,"Barnstable County",25001,511,"Silicosis",3,"Both",27,"Age-standardized",1988,"Rate",0.0335054979591001,0.0117482724849345,0.0730380284860132
1,"Deaths",1800,"Barnstable County",25001,511,"Silicosis",3,"Both",27,"Age-standardized",1989,"Rate",0.0318749161845475,0.0118063306127439,0.0660860162632591
1,"Deaths",1800,"Barnstable County",25001,511,"Silicosis",3,"Both",27,"Age-standardized",1990,"Rate",0.02974427837143,0.0106823504399936,0.0607707851076367
1,"Deaths",1800,"Barnstable County",25001,511,"Silicosis",3,"Both",27,"Age-standardized",1991,"Rate",0.0293077918694024,0.0103528365591644,0.0637736121787137
1,"Deaths",1800,"Barnstable County",25001,511,"Silicosis",3,"Both",27,"Age-standardized",1992,"Rate",0.0286539353782405,0.0100550939065118,0.0613950785842975
1,"Deaths",1800,"Barnstable County",25001,511,"Silicosis",3,"Both",27,"Age-standardized",1993,"Rate",0.0266072991479425,0.0096828486937709,0.0571644040513585
1,"Deaths",1800,"Barnstable County",25001,511,"Silicosis",3,"Both",27,"Age-standardized",1994,"Rate",0.0262233707277843,0.00967526429085574,0.0574019397137568
1,"Deaths",1800,"Barnstable County",25001,511,"Silicosis",3,"Both",27,"Age-standardized",1995,"Rate",0.0258256989432312,0.00916683063473328,0.0565634360307311
1,"Deaths",1800,"Barnstable County",25001,511,"Silicosis",3,"Both",27,"Age-standardized",1996,"Rate",0.0221714364815943,0.00780426863824897,0.0490641565815241
1,"Deaths",1800,"Barnstable County",25001,511,"Silicosis",3,"Both",27,"Age-standardized",1997,"Rate",0.0215703715138699,0.00734251596350013,0.0492996871275242
1,"Deaths",1800,"Barnstable County",25001,511,"Silicosis",3,"Both",27,"Age-standardized",1998,"Rate",0.020456654001815,0.00698591004150473,0.0461712055066863
1,"Deaths",1800,"Barnstable County",25001,511,"Silicosis",3,"Both",27,"Age-standardized",1999,"Rate",0.0212020046210754,0.00716132441366475,0.0486839236241983
1,"Deaths",1800,"Barnstable County",25001,511,"Silicosis",3,"Both",27,"Age-standardized",2000,"Rate",0.0190114342201289,0.00651249590694249,0.0450819967627336
1,"Deaths",1800,"Barnstable County",25001,511,"Silicosis",3,"Both",27,"Age-standardized",2001,"Rate",0.0201270969655439,0.00669783570567307,0.0478608837824397
1,"Deaths",1800,"Barnstable County",25001,511,"Silicosis",3,"Both",27,"Age-standardized",2002,"Rate",0.0204393615080211,0.00648552362079775,0.0480776125978603
1,"Deaths",1800,"Barnstable County",25001,511,"Silicosis",3,"Both",27,"Age-standardized",2003,"Rate",0.0199738217492699,0.00623249264195675,0.0475777009341334
1,"Deaths",1800,"Barnstable County",25001,511,"Silicosis",3,"Both",27,"Age-standardized",2004,"Rate",0.0189298892013677,0.00554465624780575,0.0468591657906248
1,"Deaths",1800,"Barnstable County",25001,511,"Silicosis",3,"Both",27,"Age-standardized",2005,"Rate",0.0183596231462663,0.00565776898718808,0.0466016477214792
1,"Deaths",1800,"Barnstable County",25001,511,"Silicosis",3,"Both",27,"Age-standardized",2006,"Rate",0.01767048927199,0.00521834750356185,0.0426683844101727
1,"Deaths",1800,"Barnstable County",25001,511,"Silicosis",3,"Both",27,"Age-standardized",2007,"Rate",0.0178456765168687,0.0051713005234158,0.0437689185192498
1,"Deaths",1800,"Barnstable County",25001,511,"Silicosis",3,"Both",27,"Age-standardized",2008,"Rate",0.0182984119827945,0.00506906174340636,0.0469899031369602
1,"Deaths",1800,"Barnstable County",25001,511,"Silicosis",3,"Both",27,"Age-standardized",2009,"Rate",0.0177540745608807,0.00496789717921269,0.0457394691756746
1,"Deaths",1800,"Barnstable County",25001,511,"Silicosis",3,"Both",27,"Age-standardized",2010,"Rate",0.0177360278564935,0.00474715739073256,0.0448097469427809
1,"Deaths",1800,"Barnstable County",25001,511,"Silicosis",3,"Both",27,"Age-standardized",2011,"Rate",0.0175732772592217,0.00428308407287124,0.047454153825137
1,"Deaths",1800,"Barnstable County",25001,511,"Silicosis",3,"Both",27,"Age-standardized",2012,"Rate",0.0172599886251011,0.00421087576544522,0.0464934252591419
1,"Deaths",1800,"Barnstable County",25001,511,"Silicosis",3,"Both",27,"Age-standardized",2013,"Rate",0.0175325733827263,0.00414171249737199,0.0468739003502995
1,"Deaths",1800,"Barnstable County",25001,511,"Silicosis",3,"Both",27,"Age-standardized",2014,"Rate",0.0177517806269452,0.00401122544493299,0.0504633593756266
1,"Deaths",1790,"Berkshire County",25003,511,"Silicosis",1,"Male",27,"Age-standardized",1980,"Rate",0.103495202598653,0.0366793418558332,0.213459304757618
1,"Deaths",1790,"Berkshire County",25003,511,"Silicosis",1,"Male",27,"Age-standardized",1981,"Rate",0.0998634315321899,0.0332428679855841,0.205005040507273
1,"Deaths",1790,"Berkshire County",25003,511,"Silicosis",1,"Male",27,"Age-standardized",1982,"Rate",0.0955597629689659,0.0322419331099836,0.193002882702928
1,"Deaths",1790,"Berkshire County",25003,511,"Silicosis",1,"Male",27,"Age-standardized",1983,"Rate",0.0952102864372453,0.0329897511079885,0.189314052662675
1,"Deaths",1790,"Berkshire County",25003,511,"Silicosis",1,"Male",27,"Age-standardized",1984,"Rate",0.0908012267113955,0.0329770323480237,0.179436384193166
1,"Deaths",1790,"Berkshire County",25003,511,"Silicosis",1,"Male",27,"Age-standardized",1985,"Rate",0.0893809848394579,0.0309133235512973,0.18301980939611
1,"Deaths",1790,"Berkshire County",25003,511,"Silicosis",1,"Male",27,"Age-standardized",1986,"Rate",0.0870169987603517,0.0300795595641758,0.175822600509664
1,"Deaths",1790,"Berkshire County",25003,511,"Silicosis",1,"Male",27,"Age-standardized",1987,"Rate",0.0845137324509443,0.0282316855411418,0.167186789895382
1,"Deaths",1790,"Berkshire County",25003,511,"Silicosis",1,"Male",27,"Age-standardized",1988,"Rate",0.0792365006972243,0.0267609544091389,0.157776158294521
1,"Deaths",1790,"Berkshire County",25003,511,"Silicosis",1,"Male",27,"Age-standardized",1989,"Rate",0.0767950850179729,0.0263781207600232,0.153409042961751
1,"Deaths",1790,"Berkshire County",25003,511,"Silicosis",1,"Male",27,"Age-standardized",1990,"Rate",0.0708333649606168,0.0247013046532376,0.140209449606523
1,"Deaths",1790,"Berkshire County",25003,511,"Silicosis",1,"Male",27,"Age-standardized",1991,"Rate",0.0680459055662554,0.0235266592327386,0.137020311112311
1,"Deaths",1790,"Berkshire County",25003,511,"Silicosis",1,"Male",27,"Age-standardized",1992,"Rate",0.0639635874269813,0.0218075899823848,0.125166279947058
1,"Deaths",1790,"Berkshire County",25003,511,"Silicosis",1,"Male",27,"Age-standardized",1993,"Rate",0.0620059911080655,0.0212520067587315,0.124754380308318
1,"Deaths",1790,"Berkshire County",25003,511,"Silicosis",1,"Male",27,"Age-standardized",1994,"Rate",0.0573933489417583,0.0202085629500927,0.117218402180633
1,"Deaths",1790,"Berkshire County",25003,511,"Silicosis",1,"Male",27,"Age-standardized",1995,"Rate",0.0545051035177232,0.0191326045083071,0.113046326564073
1,"Deaths",1790,"Berkshire County",25003,511,"Silicosis",1,"Male",27,"Age-standardized",1996,"Rate",0.0490557992868781,0.016957616541956,0.104750981593791
1,"Deaths",1790,"Berkshire County",25003,511,"Silicosis",1,"Male",27,"Age-standardized",1997,"Rate",0.045720385090597,0.0152438417955047,0.0999263867456602
1,"Deaths",1790,"Berkshire County",25003,511,"Silicosis",1,"Male",27,"Age-standardized",1998,"Rate",0.0432841193845508,0.01382213736345,0.0976993606037864
1,"Deaths",1790,"Berkshire County",25003,511,"Silicosis",1,"Male",27,"Age-standardized",1999,"Rate",0.0442572882650814,0.0143599727072464,0.102261213838128
1,"Deaths",1790,"Berkshire County",25003,511,"Silicosis",1,"Male",27,"Age-standardized",2000,"Rate",0.0379078036868288,0.0121709450446876,0.0904745159565776
1,"Deaths",1790,"Berkshire County",25003,511,"Silicosis",1,"Male",27,"Age-standardized",2001,"Rate",0.0373918269687726,0.0117693566071328,0.0922311025261916
1,"Deaths",1790,"Berkshire County",25003,511,"Silicosis",1,"Male",27,"Age-standardized",2002,"Rate",0.0355991573525029,0.0109444195632809,0.0856035408116253
1,"Deaths",1790,"Berkshire County",25003,511,"Silicosis",1,"Male",27,"Age-standardized",2003,"Rate",0.035166031545931,0.0101548341408329,0.0848928070149167
1,"Deaths",1790,"Berkshire County",25003,511,"Silicosis",1,"Male",27,"Age-standardized",2004,"Rate",0.0323042565592846,0.00940510437266868,0.0822833229062048
1,"Deaths",1790,"Berkshire County",25003,511,"Silicosis",1,"Male",27,"Age-standardized",2005,"Rate",0.0302355523324337,0.0090626195368715,0.0723365820057799
1,"Deaths",1790,"Berkshire County",25003,511,"Silicosis",1,"Male",27,"Age-standardized",2006,"Rate",0.0281680216591397,0.00809178401495445,0.0745372427364867
1,"Deaths",1790,"Berkshire County",25003,511,"Silicosis",1,"Male",27,"Age-standardized",2007,"Rate",0.0266728780783198,0.00815468807134473,0.0668416183752134
1,"Deaths",1790,"Berkshire County",25003,511,"Silicosis",1,"Male",27,"Age-standardized",2008,"Rate",0.0270866903235924,0.00767325080456648,0.0720132138002325
1,"Deaths",1790,"Berkshire County",25003,511,"Silicosis",1,"Male",27,"Age-standardized",2009,"Rate",0.02487496859006,0.00649703838890929,0.0646986990659904
1,"Deaths",1790,"Berkshire County",25003,511,"Silicosis",1,"Male",27,"Age-standardized",2010,"Rate",0.0236584034299852,0.00603974493518072,0.0623294708335888
1,"Deaths",1790,"Berkshire County",25003,511,"Silicosis",1,"Male",27,"Age-standardized",2011,"Rate",0.0241692870256617,0.00648216207749777,0.0656877755729203
1,"Deaths",1790,"Berkshire County",25003,511,"Silicosis",1,"Male",27,"Age-standardized",2012,"Rate",0.0225920936385973,0.00587934127993132,0.0598650195885685
1,"Deaths",1790,"Berkshire County",25003,511,"Silicosis",1,"Male",27,"Age-standardized",2013,"Rate",0.0225941706904637,0.0056864262504529,0.0631780268303364
1,"Deaths",1790,"Berkshire County",25003,511,"Silicosis",1,"Male",27,"Age-standardized",2014,"Rate",0.0229131804727077,0.00578972729215412,0.0647485523354251
1,"Deaths",1790,"Berkshire County",25003,511,"Silicosis",2,"Female",27,"Age-standardized",1980,"Rate",0.00538694736103731,0.0013851215384163,0.015651684953672
1,"Deaths",1790,"Berkshire County",25003,511,"Silicosis",2,"Female",27,"Age-standardized",1981,"Rate",0.00530415361104064,0.00127611951180185,0.0161375151217031
1,"Deaths",1790,"Berkshire County",25003,511,"Silicosis",2,"Female",27,"Age-standardized",1982,"Rate",0.00444583045462835,0.0010446731811988,0.0132064259894747
1,"Deaths",1790,"Berkshire County",25003,511,"Silicosis",2,"Female",27,"Age-standardized",1983,"Rate",0.00472711100973453,0.0011924522685241,0.0140464099580412
1,"Deaths",1790,"Berkshire County",25003,511,"Silicosis",2,"Female",27,"Age-standardized",1984,"Rate",0.0050240343059948,0.00123861712037381,0.0144331111008058
1,"Deaths",1790,"Berkshire County",25003,511,"Silicosis",2,"Female",27,"Age-standardized",1985,"Rate",0.00496401736105424,0.00118137837154712,0.014297016467324
1,"Deaths",1790,"Berkshire County",25003,511,"Silicosis",2,"Female",27,"Age-standardized",1986,"Rate",0.00472465021892744,0.00126530022357984,0.0132759562083202
1,"Deaths",1790,"Berkshire County",25003,511,"Silicosis",2,"Female",27,"Age-standardized",1987,"Rate",0.00544858674813478,0.00138417638577451,0.0153768375042586
1,"Deaths",1790,"Berkshire County",25003,511,"Silicosis",2,"Female",27,"Age-standardized",1988,"Rate",0.00532481958959232,0.0013897735625327,0.0151143167866656
1,"Deaths",1790,"Berkshire County",25003,511,"Silicosis",2,"Female",27,"Age-standardized",1989,"Rate",0.00523627720794941,0.00138083140833216,0.014978439929374
1,"Deaths",1790,"Berkshire County",25003,511,"Silicosis",2,"Female",27,"Age-standardized",1990,"Rate",0.00471341947554519,0.00124609112007318,0.0131575166774551
1,"Deaths",1790,"Berkshire County",25003,511,"Silicosis",2,"Female",27,"Age-standardized",1991,"Rate",0.00454418818222398,0.00114791365715945,0.0128775932748963
1,"Deaths",1790,"Berkshire County",25003,511,"Silicosis",2,"Female",27,"Age-standardized",1992,"Rate",0.00469798325181092,0.00121805174064161,0.0133894001961021
1,"Deaths",1790,"Berkshire County",25003,511,"Silicosis",2,"Female",27,"Age-standardized",1993,"Rate",0.00454379554493103,0.00119033962290082,0.0126317051344144
1,"Deaths",1790,"Berkshire County",25003,511,"Silicosis",2,"Female",27,"Age-standardized",1994,"Rate",0.00469641427220772,0.00120146413489218,0.0130568444775933
1,"Deaths",1790,"Berkshire County",25003,511,"Silicosis",2,"Female",27,"Age-standardized",1995,"Rate",0.0043968910645567,0.00111832965026216,0.0120248068702919
1,"Deaths",1790,"Berkshire County",25003,511,"Silicosis",2,"Female",27,"Age-standardized",1996,"Rate",0.00430041973784262,0.0010997938956887,0.0119600619782643
1,"Deaths",1790,"Berkshire County",25003,511,"Silicosis",2,"Female",27,"Age-standardized",1997,"Rate",0.0040907045588307,0.000997361418130936,0.0118160200622054
1,"Deaths",1790,"Berkshire County",25003,511,"Silicosis",2,"Female",27,"Age-standardized",1998,"Rate",0.00361829533317086,0.000913668666973461,0.010186335614079
1,"Deaths",1790,"Berkshire County",25003,511,"Silicosis",2,"Female",27,"Age-standardized",1999,"Rate",0.00374480175293726,0.000926456365440985,0.01070767762617
1,"Deaths",1790,"Berkshire County",25003,511,"Silicosis",2,"Female",27,"Age-standardized",2000,"Rate",0.0037840796203164,0.000918555098646642,0.0107845519903507
1,"Deaths",1790,"Berkshire County",25003,511,"Silicosis",2,"Female",27,"Age-standardized",2001,"Rate",0.00434348204436006,0.00101238962363756,0.012452937484789
1,"Deaths",1790,"Berkshire County",25003,511,"Silicosis",2,"Female",27,"Age-standardized",2002,"Rate",0.00483399954006406,0.00114164867897889,0.0140975266237506
1,"Deaths",1790,"Berkshire County",25003,511,"Silicosis",2,"Female",27,"Age-standardized",2003,"Rate",0.00472529324687428,0.00110988592135261,0.0136342122443751
1,"Deaths",1790,"Berkshire County",25003,511,"Silicosis",2,"Female",27,"Age-standardized",2004,"Rate",0.00420802718965839,0.000950361117731535,0.0119345762060537
1,"Deaths",1790,"Berkshire County",25003,511,"Silicosis",2,"Female",27,"Age-standardized",2005,"Rate",0.00376678006227277,0.000825633745661918,0.0107476649980609
1,"Deaths",1790,"Berkshire County",25003,511,"Silicosis",2,"Female",27,"Age-standardized",2006,"Rate",0.00389774878779829,0.000847596448229343,0.0111268190848993
1,"Deaths",1790,"Berkshire County",25003,511,"Silicosis",2,"Female",27,"Age-standardized",2007,"Rate",0.00404680553333478,0.000913222091494901,0.0116851037679505
1,"Deaths",1790,"Berkshire County",25003,511,"Silicosis",2,"Female",27,"Age-standardized",2008,"Rate",0.00398128950844483,0.00086760679933139,0.011146646756329
1,"Deaths",1790,"Berkshire County",25003,511,"Silicosis",2,"Female",27,"Age-standardized",2009,"Rate",0.0036492518626975,0.000776926253255951,0.0110226666527323
1,"Deaths",1790,"Berkshire County",25003,511,"Silicosis",2,"Female",27,"Age-standardized",2010,"Rate",0.00346440867001398,0.000733952904669059,0.00992576162459322
1,"Deaths",1790,"Berkshire County",25003,511,"Silicosis",2,"Female",27,"Age-standardized",2011,"Rate",0.00354068401050911,0.000721170828947375,0.0105582905857201
1,"Deaths",1790,"Berkshire County",25003,511,"Silicosis",2,"Female",27,"Age-standardized",2012,"Rate",0.0035205699874531,0.000725735570481517,0.0104467446104116
1,"Deaths",1790,"Berkshire County",25003,511,"Silicosis",2,"Female",27,"Age-standardized",2013,"Rate",0.00352819917730854,0.000756087447011744,0.011243177663339
1,"Deaths",1790,"Berkshire County",25003,511,"Silicosis",2,"Female",27,"Age-standardized",2014,"Rate",0.00349165891666221,0.000657722683977734,0.0110839660077082
1,"Deaths",1790,"Berkshire County",25003,511,"Silicosis",3,"Both",27,"Age-standardized",1980,"Rate",0.0424180732803387,0.0167209614873657,0.082167313261256
1,"Deaths",1790,"Berkshire County",25003,511,"Silicosis",3,"Both",27,"Age-standardized",1981,"Rate",0.0406449917891309,0.0159144627714499,0.0785757107145725
1,"Deaths",1790,"Berkshire County",25003,511,"Silicosis",3,"Both",27,"Age-standardized",1982,"Rate",0.0383216815692708,0.0147549973820525,0.0746824937027077
1,"Deaths",1790,"Berkshire County",25003,511,"Silicosis",3,"Both",27,"Age-standardized",1983,"Rate",0.0381075039264625,0.0146153121134472,0.071645604324021
1,"Deaths",1790,"Berkshire County",25003,511,"Silicosis",3,"Both",27,"Age-standardized",1984,"Rate",0.0365281857674882,0.0151869417483418,0.0696093643242657
1,"Deaths",1790,"Berkshire County",25003,511,"Silicosis",3,"Both",27,"Age-standardized",1985,"Rate",0.0356765798133961,0.0142338201108642,0.0692951237932908
1,"Deaths",1790,"Berkshire County",25003,511,"Silicosis",3,"Both",27,"Age-standardized",1986,"Rate",0.0344448783925469,0.0133148211952614,0.0659640121589029
1,"Deaths",1790,"Berkshire County",25003,511,"Silicosis",3,"Both",27,"Age-standardized",1987,"Rate",0.0338842538573764,0.0138011246560346,0.0635457503060166
1,"Deaths",1790,"Berkshire County",25003,511,"Silicosis",3,"Both",27,"Age-standardized",1988,"Rate",0.031845611433155,0.0126474734654674,0.0607521778950448
1,"Deaths",1790,"Berkshire County",25003,511,"Silicosis",3,"Both",27,"Age-standardized",1989,"Rate",0.0308011034046326,0.0126029405729328,0.0583562270598464
1,"Deaths",1790,"Berkshire County",25003,511,"Silicosis",3,"Both",27,"Age-standardized",1990,"Rate",0.028350752200075,0.0112951038722844,0.0528908987742583
1,"Deaths",1790,"Berkshire County",25003,511,"Silicosis",3,"Both",27,"Age-standardized",1991,"Rate",0.0272263967345979,0.0108626317752385,0.0520892792193449
1,"Deaths",1790,"Berkshire County",25003,511,"Silicosis",3,"Both",27,"Age-standardized",1992,"Rate",0.0258694656202972,0.0100673468773776,0.0476986220640615
1,"Deaths",1790,"Berkshire County",25003,511,"Silicosis",3,"Both",27,"Age-standardized",1993,"Rate",0.0251776813213998,0.010126769651016,0.0481201952429247
1,"Deaths",1790,"Berkshire County",25003,511,"Silicosis",3,"Both",27,"Age-standardized",1994,"Rate",0.023678332429075,0.00977583108299802,0.044616471496875
1,"Deaths",1790,"Berkshire County",25003,511,"Silicosis",3,"Both",27,"Age-standardized",1995,"Rate",0.0225906958635507,0.00898200033295105,0.043931874836814
1,"Deaths",1790,"Berkshire County",25003,511,"Silicosis",3,"Both",27,"Age-standardized",1996,"Rate",0.0206436570826429,0.00832275884652098,0.0411390515038258
1,"Deaths",1790,"Berkshire County",25003,511,"Silicosis",3,"Both",27,"Age-standardized",1997,"Rate",0.0194606933068603,0.00768168005177516,0.0395350153487895
1,"Deaths",1790,"Berkshire County",25003,511,"Silicosis",3,"Both",27,"Age-standardized",1998,"Rate",0.018270613529032,0.00695030139278268,0.0382441610578345
1,"Deaths",1790,"Berkshire County",25003,511,"Silicosis",3,"Both",27,"Age-standardized",1999,"Rate",0.0188542784465114,0.00695078325735388,0.0401263946718536
1,"Deaths",1790,"Berkshire County",25003,511,"Silicosis",3,"Both",27,"Age-standardized",2000,"Rate",0.0166399584029128,0.00625934353038272,0.0355744388219465
1,"Deaths",1790,"Berkshire County",25003,511,"Silicosis",3,"Both",27,"Age-standardized",2001,"Rate",0.0168081163022982,0.00639140462355062,0.0353560390044678
1,"Deaths",1790,"Berkshire County",25003,511,"Silicosis",3,"Both",27,"Age-standardized",2002,"Rate",0.0165514556768045,0.00621429652308231,0.0355366862819269
1,"Deaths",1790,"Berkshire County",25003,511,"Silicosis",3,"Both",27,"Age-standardized",2003,"Rate",0.0163193067912174,0.00594759405472616,0.0350873971194436
1,"Deaths",1790,"Berkshire County",25003,511,"Silicosis",3,"Both",27,"Age-standardized",2004,"Rate",0.0150613630633466,0.00515125779540853,0.0344570374631669
1,"Deaths",1790,"Berkshire County",25003,511,"Silicosis",3,"Both",27,"Age-standardized",2005,"Rate",0.0140293359202321,0.00497426096234943,0.0300100735673148
1,"Deaths",1790,"Berkshire County",25003,511,"Silicosis",3,"Both",27,"Age-standardized",2006,"Rate",0.013513587557708,0.00488452909413131,0.0309235235442644
1,"Deaths",1790,"Berkshire County",25003,511,"Silicosis",3,"Both",27,"Age-standardized",2007,"Rate",0.0130633859090474,0.004722793688647,0.0286965202672251
1,"Deaths",1790,"Berkshire County",25003,511,"Silicosis",3,"Both",27,"Age-standardized",2008,"Rate",0.0132446906656103,0.00452137377554482,0.0305618488254975
1,"Deaths",1790,"Berkshire County",25003,511,"Silicosis",3,"Both",27,"Age-standardized",2009,"Rate",0.0122600698659972,0.00419232316866311,0.0283084089553032
1,"Deaths",1790,"Berkshire County",25003,511,"Silicosis",3,"Both",27,"Age-standardized",2010,"Rate",0.0116598938499589,0.00373422593472695,0.0275788522731
1,"Deaths",1790,"Berkshire County",25003,511,"Silicosis",3,"Both",27,"Age-standardized",2011,"Rate",0.0119387729869479,0.00389007696010883,0.0284902075392084
1,"Deaths",1790,"Berkshire County",25003,511,"Silicosis",3,"Both",27,"Age-standardized",2012,"Rate",0.0113367586185047,0.00379249262862042,0.0271674190085118
1,"Deaths",1790,"Berkshire County",25003,511,"Silicosis",3,"Both",27,"Age-standardized",2013,"Rate",0.0114130643640106,0.00357571953650548,0.0292034885228009
1,"Deaths",1790,"Berkshire County",25003,511,"Silicosis",3,"Both",27,"Age-standardized",2014,"Rate",0.0114971805174342,0.00361901773859571,0.0285141365009366
1,"Deaths",1799,"Bristol County",25005,511,"Silicosis",1,"Male",27,"Age-standardized",1980,"Rate",0.0696659430438999,0.0255779641126259,0.149971356554195
1,"Deaths",1799,"Bristol County",25005,511,"Silicosis",1,"Male",27,"Age-standardized",1981,"Rate",0.0642987257786695,0.0226460016397915,0.133827861840643
1,"Deaths",1799,"Bristol County",25005,511,"Silicosis",1,"Male",27,"Age-standardized",1982,"Rate",0.0654805323096186,0.0235911348253274,0.135239969030003
1,"Deaths",1799,"Bristol County",25005,511,"Silicosis",1,"Male",27,"Age-standardized",1983,"Rate",0.0652644895181025,0.0258598969640056,0.132121746065785
1,"Deaths",1799,"Bristol County",25005,511,"Silicosis",1,"Male",27,"Age-standardized",1984,"Rate",0.062000858685157,0.0244510703498928,0.127612260272237
1,"Deaths",1799,"Bristol County",25005,511,"Silicosis",1,"Male",27,"Age-standardized",1985,"Rate",0.060447569987996,0.0219674727387407,0.122011649894872
1,"Deaths",1799,"Bristol County",25005,511,"Silicosis",1,"Male",27,"Age-standardized",1986,"Rate",0.0557570359160006,0.021647668028869,0.112386004201728
1,"Deaths",1799,"Bristol County",25005,511,"Silicosis",1,"Male",27,"Age-standardized",1987,"Rate",0.0550528998514678,0.0221643153027362,0.110838952151174
1,"Deaths",1799,"Bristol County",25005,511,"Silicosis",1,"Male",27,"Age-standardized",1988,"Rate",0.0528148075258114,0.0204508906654806,0.107709741879338
1,"Deaths",1799,"Bristol County",25005,511,"Silicosis",1,"Male",27,"Age-standardized",1989,"Rate",0.0503776608888236,0.0201741794977501,0.102467142468194
1,"Deaths",1799,"Bristol County",25005,511,"Silicosis",1,"Male",27,"Age-standardized",1990,"Rate",0.0462002461616131,0.0194413938302821,0.0919017434267086
1,"Deaths",1799,"Bristol County",25005,511,"Silicosis",1,"Male",27,"Age-standardized",1991,"Rate",0.0450812959413701,0.0182238918127409,0.0884598736810132
1,"Deaths",1799,"Bristol County",25005,511,"Silicosis",1,"Male",27,"Age-standardized",1992,"Rate",0.0435791387529305,0.0179299710356032,0.0857635073784872
1,"Deaths",1799,"Bristol County",25005,511,"Silicosis",1,"Male",27,"Age-standardized",1993,"Rate",0.042600933325531,0.0177886790760355,0.0843941684772488
1,"Deaths",1799,"Bristol County",25005,511,"Silicosis",1,"Male",27,"Age-standardized",1994,"Rate",0.0395099453302507,0.0159197276918679,0.0800063991573091
1,"Deaths",1799,"Bristol County",25005,511,"Silicosis",1,"Male",27,"Age-standardized",1995,"Rate",0.0386977204727632,0.0163762119500529,0.0801602450159332
1,"Deaths",1799,"Bristol County",25005,511,"Silicosis",1,"Male",27,"Age-standardized",1996,"Rate",0.0368998050300116,0.0153873408012876,0.0765168896322718
1,"Deaths",1799,"Bristol County",25005,511,"Silicosis",1,"Male",27,"Age-standardized",1997,"Rate",0.0321535091032552,0.013022946005314,0.0678368350463061
1,"Deaths",1799,"Bristol County",25005,511,"Silicosis",1,"Male",27,"Age-standardized",1998,"Rate",0.0305640213236609,0.0114502856449321,0.0644296290294424
1,"Deaths",1799,"Bristol County",25005,511,"Silicosis",1,"Male",27,"Age-standardized",1999,"Rate",0.0313102736141589,0.0119572096595988,0.0682886052470668
1,"Deaths",1799,"Bristol County",25005,511,"Silicosis",1,"Male",27,"Age-standardized",2000,"Rate",0.0305716424017583,0.0111526596545313,0.0718766406503646
1,"Deaths",1799,"Bristol County",25005,511,"Silicosis",1,"Male",27,"Age-standardized",2001,"Rate",0.0279720166690481,0.00993211972066234,0.0675572364446901
1,"Deaths",1799,"Bristol County",25005,511,"Silicosis",1,"Male",27,"Age-standardized",2002,"Rate",0.028818413443963,0.0102978819667276,0.0694569977566927
1,"Deaths",1799,"Bristol County",25005,511,"Silicosis",1,"Male",27,"Age-standardized",2003,"Rate",0.0280097212059657,0.00971474437788879,0.0687769628597426
1,"Deaths",1799,"Bristol County",25005,511,"Silicosis",1,"Male",27,"Age-standardized",2004,"Rate",0.0258722497799469,0.00901597418790166,0.0607907657371092
1,"Deaths",1799,"Bristol County",25005,511,"Silicosis",1,"Male",27,"Age-standardized",2005,"Rate",0.0248603917868103,0.00826712855027567,0.0630500790765261
1,"Deaths",1799,"Bristol County",25005,511,"Silicosis",1,"Male",27,"Age-standardized",2006,"Rate",0.0235229474008534,0.00773315043683734,0.0553460686396545
1,"Deaths",1799,"Bristol County",25005,511,"Silicosis",1,"Male",27,"Age-standardized",2007,"Rate",0.0225924907369555,0.00713209970330899,0.0531085194121023
1,"Deaths",1799,"Bristol County",25005,511,"Silicosis",1,"Male",27,"Age-standardized",2008,"Rate",0.0242743113604191,0.0079738826164342,0.0589935666614363
1,"Deaths",1799,"Bristol County",25005,511,"Silicosis",1,"Male",27,"Age-standardized",2009,"Rate",0.022749704883638,0.00683249678531417,0.0552251843155638
1,"Deaths",1799,"Bristol County",25005,511,"Silicosis",1,"Male",27,"Age-standardized",2010,"Rate",0.0214836679158126,0.00622959280090932,0.052563362039254
1,"Deaths",1799,"Bristol County",25005,511,"Silicosis",1,"Male",27,"Age-standardized",2011,"Rate",0.0221761621711799,0.0063517013213843,0.0554003349535704
1,"Deaths",1799,"Bristol County",25005,511,"Silicosis",1,"Male",27,"Age-standardized",2012,"Rate",0.0207516480863985,0.00557328129158843,0.0543462028106117
1,"Deaths",1799,"Bristol County",25005,511,"Silicosis",1,"Male",27,"Age-standardized",2013,"Rate",0.0216352387344386,0.0058184716808254,0.0557538525134628
1,"Deaths",1799,"Bristol County",25005,511,"Silicosis",1,"Male",27,"Age-standardized",2014,"Rate",0.0215419823092,0.00589070812328881,0.0572373733502388
1,"Deaths",1799,"Bristol County",25005,511,"Silicosis",2,"Female",27,"Age-standardized",1980,"Rate",0.00729433883360039,0.0018041071192118,0.0196043326994468
1,"Deaths",1799,"Bristol County",25005,511,"Silicosis",2,"Female",27,"Age-standardized",1981,"Rate",0.00727063539687427,0.00182677741012904,0.0190245270156588
1,"Deaths",1799,"Bristol County",25005,511,"Silicosis",2,"Female",27,"Age-standardized",1982,"Rate",0.00614838708441954,0.00154967873327868,0.0166794898186385
1,"Deaths",1799,"Bristol County",25005,511,"Silicosis",2,"Female",27,"Age-standardized",1983,"Rate",0.00639737205258756,0.00162565875907455,0.0170696261003709
1,"Deaths",1799,"Bristol County",25005,511,"Silicosis",2,"Female",27,"Age-standardized",1984,"Rate",0.00672596764934967,0.00182498442610425,0.0179043630948705
1,"Deaths",1799,"Bristol County",25005,511,"Silicosis",2,"Female",27,"Age-standardized",1985,"Rate",0.00684424353836849,0.00178015132304958,0.0181898742808722
1,"Deaths",1799,"Bristol County",25005,511,"Silicosis",2,"Female",27,"Age-standardized",1986,"Rate",0.00643030013743698,0.00176405771098193,0.016532239923245
1,"Deaths",1799,"Bristol County",25005,511,"Silicosis",2,"Female",27,"Age-standardized",1987,"Rate",0.0073335681538591,0.00202960370634722,0.0187641249454047
1,"Deaths",1799,"Bristol County",25005,511,"Silicosis",2,"Female",27,"Age-standardized",1988,"Rate",0.00747328651651406,0.0020866635074884,0.0196395281566882
1,"Deaths",1799,"Bristol County",25005,511,"Silicosis",2,"Female",27,"Age-standardized",1989,"Rate",0.00711363781260956,0.00195437394839112,0.0186708846378924
1,"Deaths",1799,"Bristol County",25005,511,"Silicosis",2,"Female",27,"Age-standardized",1990,"Rate",0.00644185684665655,0.00179731923772224,0.0164379261623082
1,"Deaths",1799,"Bristol County",25005,511,"Silicosis",2,"Female",27,"Age-standardized",1991,"Rate",0.00632577515999845,0.00177835068587349,0.0155496287387172
1,"Deaths",1799,"Bristol County",25005,511,"Silicosis",2,"Female",27,"Age-standardized",1992,"Rate",0.00666782221408628,0.00187000342431979,0.0172805894488579
1,"Deaths",1799,"Bristol County",25005,511,"Silicosis",2,"Female",27,"Age-standardized",1993,"Rate",0.00641652394321728,0.00176210783252237,0.0162466216760173
1,"Deaths",1799,"Bristol County",25005,511,"Silicosis",2,"Female",27,"Age-standardized",1994,"Rate",0.00652080224174439,0.00189859310902688,0.0163996105783741
1,"Deaths",1799,"Bristol County",25005,511,"Silicosis",2,"Female",27,"Age-standardized",1995,"Rate",0.00605241516649821,0.00167301734309877,0.0159735183085745
1,"Deaths",1799,"Bristol County",25005,511,"Silicosis",2,"Female",27,"Age-standardized",1996,"Rate",0.00576772938578341,0.0016469289450344,0.0143251692324128
1,"Deaths",1799,"Bristol County",25005,511,"Silicosis",2,"Female",27,"Age-standardized",1997,"Rate",0.00569935544881684,0.00155974973567585,0.0139578880280623
1,"Deaths",1799,"Bristol County",25005,511,"Silicosis",2,"Female",27,"Age-standardized",1998,"Rate",0.00505153856983985,0.00141899148624541,0.0129700304800287
1,"Deaths",1799,"Bristol County",25005,511,"Silicosis",2,"Female",27,"Age-standardized",1999,"Rate",0.0053598076551864,0.0014145689936977,0.0138656184791479
1,"Deaths",1799,"Bristol County",25005,511,"Silicosis",2,"Female",27,"Age-standardized",2000,"Rate",0.00536952076325589,0.0014631203250092,0.0140106597662425
1,"Deaths",1799,"Bristol County",25005,511,"Silicosis",2,"Female",27,"Age-standardized",2001,"Rate",0.00619873080290143,0.00170778341388026,0.0155581797697333
1,"Deaths",1799,"Bristol County",25005,511,"Silicosis",2,"Female",27,"Age-standardized",2002,"Rate",0.00668890158549954,0.00180979100837629,0.0169543284327848
1,"Deaths",1799,"Bristol County",25005,511,"Silicosis",2,"Female",27,"Age-standardized",2003,"Rate",0.00665309925261182,0.00180320466483172,0.0164057730595452
1,"Deaths",1799,"Bristol County",25005,511,"Silicosis",2,"Female",27,"Age-standardized",2004,"Rate",0.00591843160553457,0.00157383470591939,0.0157012197799964
1,"Deaths",1799,"Bristol County",25005,511,"Silicosis",2,"Female",27,"Age-standardized",2005,"Rate",0.00525149943524133,0.0014219622453533,0.0137510629761312
1,"Deaths",1799,"Bristol County",25005,511,"Silicosis",2,"Female",27,"Age-standardized",2006,"Rate",0.005465564814975,0.00134109091280272,0.0141319143223261
1,"Deaths",1799,"Bristol County",25005,511,"Silicosis",2,"Female",27,"Age-standardized",2007,"Rate",0.00542866804119232,0.00148767840732672,0.0139369560852368
1,"Deaths",1799,"Bristol County",25005,511,"Silicosis",2,"Female",27,"Age-standardized",2008,"Rate",0.00550004683408871,0.00143401289121637,0.0143641223353982
1,"Deaths",1799,"Bristol County",25005,511,"Silicosis",2,"Female",27,"Age-standardized",2009,"Rate",0.00505791977333803,0.00128703761270907,0.0133697908154433
1,"Deaths",1799,"Bristol County",25005,511,"Silicosis",2,"Female",27,"Age-standardized",2010,"Rate",0.00486105416951985,0.00122456053993921,0.0131430777047317
1,"Deaths",1799,"Bristol County",25005,511,"Silicosis",2,"Female",27,"Age-standardized",2011,"Rate",0.00494393701856601,0.00120499554262273,0.0133547618928452
1,"Deaths",1799,"Bristol County",25005,511,"Silicosis",2,"Female",27,"Age-standardized",2012,"Rate",0.00489781775295669,0.00117250528656747,0.0137333700005816
1,"Deaths",1799,"Bristol County",25005,511,"Silicosis",2,"Female",27,"Age-standardized",2013,"Rate",0.00485525390036102,0.00118679962226847,0.0127813406193103
1,"Deaths",1799,"Bristol County",25005,511,"Silicosis",2,"Female",27,"Age-standardized",2014,"Rate",0.00488980951114644,0.00113783956309305,0.0136440365832181
1,"Deaths",1799,"Bristol County",25005,511,"Silicosis",3,"Both",27,"Age-standardized",1980,"Rate",0.0307139471236855,0.0133458062319698,0.0605495365280833
1,"Deaths",1799,"Bristol County",25005,511,"Silicosis",3,"Both",27,"Age-standardized",1981,"Rate",0.0284776793398215,0.0125445018321557,0.0537395156000668
1,"Deaths",1799,"Bristol County",25005,511,"Silicosis",3,"Both",27,"Age-standardized",1982,"Rate",0.028120595502602,0.0124254636831183,0.0538395684063191
1,"Deaths",1799,"Bristol County",25005,511,"Silicosis",3,"Both",27,"Age-standardized",1983,"Rate",0.0280442414441594,0.0128606902477343,0.0529099111493236
1,"Deaths",1799,"Bristol County",25005,511,"Silicosis",3,"Both",27,"Age-standardized",1984,"Rate",0.0269974760919371,0.0123359115981061,0.0510714348473999
1,"Deaths",1799,"Bristol County",25005,511,"Silicosis",3,"Both",27,"Age-standardized",1985,"Rate",0.0263229489653008,0.0118905480564468,0.0483709726422873
1,"Deaths",1799,"Bristol County",25005,511,"Silicosis",3,"Both",27,"Age-standardized",1986,"Rate",0.024247578360676,0.0111067711394386,0.0452703028462482
1,"Deaths",1799,"Bristol County",25005,511,"Silicosis",3,"Both",27,"Age-standardized",1987,"Rate",0.024526318523955,0.0116017199775384,0.0445692460838508
1,"Deaths",1799,"Bristol County",25005,511,"Silicosis",3,"Both",27,"Age-standardized",1988,"Rate",0.023765972026903,0.0113071497972816,0.0433135308451226
1,"Deaths",1799,"Bristol County",25005,511,"Silicosis",3,"Both",27,"Age-standardized",1989,"Rate",0.022618930692891,0.0109437611074076,0.0416055946063428
1,"Deaths",1799,"Bristol County",25005,511,"Silicosis",3,"Both",27,"Age-standardized",1990,"Rate",0.0207683676647035,0.0103039853140335,0.0367853900850678
1,"Deaths",1799,"Bristol County",25005,511,"Silicosis",3,"Both",27,"Age-standardized",1991,"Rate",0.0202296049938998,0.00995616008761087,0.0368894160101611
1,"Deaths",1799,"Bristol County",25005,511,"Silicosis",3,"Both",27,"Age-standardized",1992,"Rate",0.0199023282128421,0.00986110153345967,0.0364578573854146
1,"Deaths",1799,"Bristol County",25005,511,"Silicosis",3,"Both",27,"Age-standardized",1993,"Rate",0.0194511530900368,0.0097670296491714,0.0361544085747901
1,"Deaths",1799,"Bristol County",25005,511,"Silicosis",3,"Both",27,"Age-standardized",1994,"Rate",0.0184162116051306,0.00914788579340385,0.0342903822790556
1,"Deaths",1799,"Bristol County",25005,511,"Silicosis",3,"Both",27,"Age-standardized",1995,"Rate",0.0178969597086946,0.00861539255382634,0.0337025171019871
1,"Deaths",1799,"Bristol County",25005,511,"Silicosis",3,"Both",27,"Age-standardized",1996,"Rate",0.0171448559131605,0.00850868933739532,0.0324433243929816
1,"Deaths",1799,"Bristol County",25005,511,"Silicosis",3,"Both",27,"Age-standardized",1997,"Rate",0.015440479552384,0.00758786664371853,0.0295963998530544
1,"Deaths",1799,"Bristol County",25005,511,"Silicosis",3,"Both",27,"Age-standardized",1998,"Rate",0.014442294948135,0.0064956643289791,0.0287542965106044
1,"Deaths",1799,"Bristol County",25005,511,"Silicosis",3,"Both",27,"Age-standardized",1999,"Rate",0.0150047146203849,0.00688376383385023,0.0290969084304914
1,"Deaths",1799,"Bristol County",25005,511,"Silicosis",3,"Both",27,"Age-standardized",2000,"Rate",0.0148154509536,0.00654326625945927,0.0305322967289288
1,"Deaths",1799,"Bristol County",25005,511,"Silicosis",3,"Both",27,"Age-standardized",2001,"Rate",0.0144144191964477,0.00648423671966225,0.030514817342852
1,"Deaths",1799,"Bristol County",25005,511,"Silicosis",3,"Both",27,"Age-standardized",2002,"Rate",0.0150685896964254,0.00669089724683411,0.0311793214087243
1,"Deaths",1799,"Bristol County",25005,511,"Silicosis",3,"Both",27,"Age-standardized",2003,"Rate",0.0147320311793191,0.00629643019965615,0.0304604119180407
1,"Deaths",1799,"Bristol County",25005,511,"Silicosis",3,"Both",27,"Age-standardized",2004,"Rate",0.0135273098501489,0.0058942683107443,0.0280915717842978
1,"Deaths",1799,"Bristol County",25005,511,"Silicosis",3,"Both",27,"Age-standardized",2005,"Rate",0.0127595738398035,0.00546796093396529,0.0270990295489867
1,"Deaths",1799,"Bristol County",25005,511,"Silicosis",3,"Both",27,"Age-standardized",2006,"Rate",0.0124877935360194,0.00528286600208444,0.0248931762805702
1,"Deaths",1799,"Bristol County",25005,511,"Silicosis",3,"Both",27,"Age-standardized",2007,"Rate",0.0121099016260318,0.00489212538834403,0.0253724905990747
1,"Deaths",1799,"Bristol County",25005,511,"Silicosis",3,"Both",27,"Age-standardized",2008,"Rate",0.0128825287551466,0.00533057058355887,0.0278153798599742
1,"Deaths",1799,"Bristol County",25005,511,"Silicosis",3,"Both",27,"Age-standardized",2009,"Rate",0.0120967615577535,0.00493066876470766,0.0255039588311823
1,"Deaths",1799,"Bristol County",25005,511,"Silicosis",3,"Both",27,"Age-standardized",2010,"Rate",0.0114714590065778,0.00454325258111907,0.0249706271326851
1,"Deaths",1799,"Bristol County",25005,511,"Silicosis",3,"Both",27,"Age-standardized",2011,"Rate",0.0117911424014151,0.00447669169237523,0.0261285256072382
1,"Deaths",1799,"Bristol County",25005,511,"Silicosis",3,"Both",27,"Age-standardized",2012,"Rate",0.0112302515559289,0.00398200992133103,0.0251715790444062
1,"Deaths",1799,"Bristol County",25005,511,"Silicosis",3,"Both",27,"Age-standardized",2013,"Rate",0.0116047178471822,0.0041960422109094,0.0262159929611067
1,"Deaths",1799,"Bristol County",25005,511,"Silicosis",3,"Both",27,"Age-standardized",2014,"Rate",0.0115023486272127,0.00421267510225037,0.0264303570909513
1,"Deaths",1801,"Dukes County",25007,511,"Silicosis",1,"Male",27,"Age-standardized",1980,"Rate",0.0693033803263808,0.00410193123177665,0.303670249700442
1,"Deaths",1801,"Dukes County",25007,511,"Silicosis",1,"Male",27,"Age-standardized",1981,"Rate",0.0660070896435431,0.00403831499972833,0.292220335977157
1,"Deaths",1801,"Dukes County",25007,511,"Silicosis",1,"Male",27,"Age-standardized",1982,"Rate",0.0639498924942453,0.00367839591881193,0.281755897296807
1,"Deaths",1801,"Dukes County",25007,511,"Silicosis",1,"Male",27,"Age-standardized",1983,"Rate",0.0621579542324344,0.00386922169260974,0.271006888819621
1,"Deaths",1801,"Dukes County",25007,511,"Silicosis",1,"Male",27,"Age-standardized",1984,"Rate",0.0583801811880421,0.00379930645417381,0.26400971452372
1,"Deaths",1801,"Dukes County",25007,511,"Silicosis",1,"Male",27,"Age-standardized",1985,"Rate",0.0580405564854761,0.00355089102893025,0.256050586317175
1,"Deaths",1801,"Dukes County",25007,511,"Silicosis",1,"Male",27,"Age-standardized",1986,"Rate",0.0564644876151557,0.00346801657098368,0.246307634247293
1,"Deaths",1801,"Dukes County",25007,511,"Silicosis",1,"Male",27,"Age-standardized",1987,"Rate",0.0539005363965749,0.00298312595704911,0.231649503279797
1,"Deaths",1801,"Dukes County",25007,511,"Silicosis",1,"Male",27,"Age-standardized",1988,"Rate",0.05044174454126,0.00281612986537758,0.210507678114174
1,"Deaths",1801,"Dukes County",25007,511,"Silicosis",1,"Male",27,"Age-standardized",1989,"Rate",0.0487427485825054,0.00287311762787095,0.20548725980537
1,"Deaths",1801,"Dukes County",25007,511,"Silicosis",1,"Male",27,"Age-standardized",1990,"Rate",0.0454368585366205,0.00245358739691001,0.191587636275986
1,"Deaths",1801,"Dukes County",25007,511,"Silicosis",1,"Male",27,"Age-standardized",1991,"Rate",0.0455892140389873,0.00274374690963724,0.209458400814008
1,"Deaths",1801,"Dukes County",25007,511,"Silicosis",1,"Male",27,"Age-standardized",1992,"Rate",0.0431720275168565,0.00262058643868749,0.180016846598936
1,"Deaths",1801,"Dukes County",25007,511,"Silicosis",1,"Male",27,"Age-standardized",1993,"Rate",0.0424660360631198,0.00242703641661313,0.17279786550361
1,"Deaths",1801,"Dukes County",25007,511,"Silicosis",1,"Male",27,"Age-standardized",1994,"Rate",0.0412646385639514,0.00236726363232525,0.185666297632197
1,"Deaths",1801,"Dukes County",25007,511,"Silicosis",1,"Male",27,"Age-standardized",1995,"Rate",0.0399234685449375,0.00228210784021447,0.189693237622968
1,"Deaths",1801,"Dukes County",25007,511,"Silicosis",1,"Male",27,"Age-standardized",1996,"Rate",0.0366633106783328,0.00191021555230728,0.15644023372471
1,"Deaths",1801,"Dukes County",25007,511,"Silicosis",1,"Male",27,"Age-standardized",1997,"Rate",0.035329812198835,0.00199329273943907,0.153174219604511
1,"Deaths",1801,"Dukes County",25007,511,"Silicosis",1,"Male",27,"Age-standardized",1998,"Rate",0.033964015790996,0.00160937254102464,0.152519220453955
1,"Deaths",1801,"Dukes County",25007,511,"Silicosis",1,"Male",27,"Age-standardized",1999,"Rate",0.0348632468925156,0.00173671458805402,0.164761300690236
1,"Deaths",1801,"Dukes County",25007,511,"Silicosis",1,"Male",27,"Age-standardized",2000,"Rate",0.0320458205834228,0.00167554697775885,0.150329083650711
1,"Deaths",1801,"Dukes County",25007,511,"Silicosis",1,"Male",27,"Age-standardized",2001,"Rate",0.0325589983686831,0.00149467242591057,0.151181169364319
1,"Deaths",1801,"Dukes County",25007,511,"Silicosis",1,"Male",27,"Age-standardized",2002,"Rate",0.0324311636097517,0.00142360768171319,0.154871254243228
1,"Deaths",1801,"Dukes County",25007,511,"Silicosis",1,"Male",27,"Age-standardized",2003,"Rate",0.0330754704715257,0.0013360278754409,0.155566032976791
1,"Deaths",1801,"Dukes County",25007,511,"Silicosis",1,"Male",27,"Age-standardized",2004,"Rate",0.0307250799524208,0.00127571495167568,0.150594692240827
1,"Deaths",1801,"Dukes County",25007,511,"Silicosis",1,"Male",27,"Age-standardized",2005,"Rate",0.0311784031778645,0.00128802405785125,0.15456304690249
1,"Deaths",1801,"Dukes County",25007,511,"Silicosis",1,"Male",27,"Age-standardized",2006,"Rate",0.0307575854746301,0.0013784604074004,0.151721560802421
1,"Deaths",1801,"Dukes County",25007,511,"Silicosis",1,"Male",27,"Age-standardized",2007,"Rate",0.0291916126526632,0.00116197414903544,0.149192586224922
1,"Deaths",1801,"Dukes County",25007,511,"Silicosis",1,"Male",27,"Age-standardized",2008,"Rate",0.0286264354253308,0.0010689763733816,0.148902036139012
1,"Deaths",1801,"Dukes County",25007,511,"Silicosis",1,"Male",27,"Age-standardized",2009,"Rate",0.0277838196352185,0.000976708110234686,0.145467358910689
1,"Deaths",1801,"Dukes County",25007,511,"Silicosis",1,"Male",27,"Age-standardized",2010,"Rate",0.0278910754027009,0.00101641177422817,0.147897578920995
1,"Deaths",1801,"Dukes County",25007,511,"Silicosis",1,"Male",27,"Age-standardized",2011,"Rate",0.02732580524018,0.000821366278231894,0.16204975948843
1,"Deaths",1801,"Dukes County",25007,511,"Silicosis",1,"Male",27,"Age-standardized",2012,"Rate",0.0285175731660145,0.000924720167343471,0.165075547167026
1,"Deaths",1801,"Dukes County",25007,511,"Silicosis",1,"Male",27,"Age-standardized",2013,"Rate",0.0292621896008015,0.000779928202952835,0.166327184160616
1,"Deaths",1801,"Dukes County",25007,511,"Silicosis",1,"Male",27,"Age-standardized",2014,"Rate",0.0300264292123316,0.000753699591436313,0.169448771202197
1,"Deaths",1801,"Dukes County",25007,511,"Silicosis",2,"Female",27,"Age-standardized",1980,"Rate",0.00886364338352708,0.000430078990139073,0.0453893797880378
1,"Deaths",1801,"Dukes County",25007,511,"Silicosis",2,"Female",27,"Age-standardized",1981,"Rate",0.00876381531928556,0.000407795901851528,0.0451778013001772
1,"Deaths",1801,"Dukes County",25007,511,"Silicosis",2,"Female",27,"Age-standardized",1982,"Rate",0.00766693865991509,0.000324051508429992,0.0420563438726557
1,"Deaths",1801,"Dukes County",25007,511,"Silicosis",2,"Female",27,"Age-standardized",1983,"Rate",0.00783751521061712,0.000368145795208859,0.0417537378299706
1,"Deaths",1801,"Dukes County",25007,511,"Silicosis",2,"Female",27,"Age-standardized",1984,"Rate",0.00827921621561576,0.000378319024292435,0.0450632454158469
1,"Deaths",1801,"Dukes County",25007,511,"Silicosis",2,"Female",27,"Age-standardized",1985,"Rate",0.00823943533245747,0.000373891117714318,0.0464192393891191
1,"Deaths",1801,"Dukes County",25007,511,"Silicosis",2,"Female",27,"Age-standardized",1986,"Rate",0.0080262151825783,0.000375377608945353,0.0417274942714498
1,"Deaths",1801,"Dukes County",25007,511,"Silicosis",2,"Female",27,"Age-standardized",1987,"Rate",0.00884830111341248,0.0004338792783848,0.0464972660272129
1,"Deaths",1801,"Dukes County",25007,511,"Silicosis",2,"Female",27,"Age-standardized",1988,"Rate",0.00895858159354595,0.000439988638292657,0.0491515233759565
1,"Deaths",1801,"Dukes County",25007,511,"Silicosis",2,"Female",27,"Age-standardized",1989,"Rate",0.0086954475316618,0.000413998277947925,0.0445993090336767
1,"Deaths",1801,"Dukes County",25007,511,"Silicosis",2,"Female",27,"Age-standardized",1990,"Rate",0.00775367733576784,0.000380832476104504,0.0439279174606453
1,"Deaths",1801,"Dukes County",25007,511,"Silicosis",2,"Female",27,"Age-standardized",1991,"Rate",0.00766803213040423,0.000380805830320182,0.0381246899902944
1,"Deaths",1801,"Dukes County",25007,511,"Silicosis",2,"Female",27,"Age-standardized",1992,"Rate",0.00779793834333265,0.000386393617033562,0.0431285376756495
1,"Deaths",1801,"Dukes County",25007,511,"Silicosis",2,"Female",27,"Age-standardized",1993,"Rate",0.00768104218391578,0.000396682009479264,0.0435230246407791
1,"Deaths",1801,"Dukes County",25007,511,"Silicosis",2,"Female",27,"Age-standardized",1994,"Rate",0.00779119846998118,0.000371913995189479,0.042442648746721
1,"Deaths",1801,"Dukes County",25007,511,"Silicosis",2,"Female",27,"Age-standardized",1995,"Rate",0.0074132287214108,0.000375730309755212,0.0407046031854975
1,"Deaths",1801,"Dukes County",25007,511,"Silicosis",2,"Female",27,"Age-standardized",1996,"Rate",0.0069431806952433,0.000377815494640172,0.0380588125831882
1,"Deaths",1801,"Dukes County",25007,511,"Silicosis",2,"Female",27,"Age-standardized",1997,"Rate",0.00684086543847444,0.000352791267061609,0.0389013985831909
1,"Deaths",1801,"Dukes County",25007,511,"Silicosis",2,"Female",27,"Age-standardized",1998,"Rate",0.0062139599214519,0.00031989851046869,0.0331843781538621
1,"Deaths",1801,"Dukes County",25007,511,"Silicosis",2,"Female",27,"Age-standardized",1999,"Rate",0.0066132334813992,0.000327990300897146,0.0363898295781718
1,"Deaths",1801,"Dukes County",25007,511,"Silicosis",2,"Female",27,"Age-standardized",2000,"Rate",0.00664979432088799,0.000347715281566854,0.0387958693506426
1,"Deaths",1801,"Dukes County",25007,511,"Silicosis",2,"Female",27,"Age-standardized",2001,"Rate",0.00746908245372389,0.000363935405542696,0.0426802516883592
1,"Deaths",1801,"Dukes County",25007,511,"Silicosis",2,"Female",27,"Age-standardized",2002,"Rate",0.00823855912122474,0.00041766646822402,0.0449113505629308
1,"Deaths",1801,"Dukes County",25007,511,"Silicosis",2,"Female",27,"Age-standardized",2003,"Rate",0.00832353620013792,0.000396269373132422,0.049083454971507
1,"Deaths",1801,"Dukes County",25007,511,"Silicosis",2,"Female",27,"Age-standardized",2004,"Rate",0.00745926510460414,0.000342709490386522,0.0451976640182393
1,"Deaths",1801,"Dukes County",25007,511,"Silicosis",2,"Female",27,"Age-standardized",2005,"Rate",0.00686487561123474,0.000320498118301576,0.0426257959173233
1,"Deaths",1801,"Dukes County",25007,511,"Silicosis",2,"Female",27,"Age-standardized",2006,"Rate",0.0072265349272584,0.000326404592291804,0.0430001061363929
1,"Deaths",1801,"Dukes County",25007,511,"Silicosis",2,"Female",27,"Age-standardized",2007,"Rate",0.00714827504646428,0.000321311660543122,0.041591619342827
1,"Deaths",1801,"Dukes County",25007,511,"Silicosis",2,"Female",27,"Age-standardized",2008,"Rate",0.00719798523028118,0.000330569371550729,0.0414055239997619
1,"Deaths",1801,"Dukes County",25007,511,"Silicosis",2,"Female",27,"Age-standardized",2009,"Rate",0.0066777812730913,0.000294265427976789,0.0391317067967576
1,"Deaths",1801,"Dukes County",25007,511,"Silicosis",2,"Female",27,"Age-standardized",2010,"Rate",0.0067586205262184,0.000279236551371294,0.0380942391720854
1,"Deaths",1801,"Dukes County",25007,511,"Silicosis",2,"Female",27,"Age-standardized",2011,"Rate",0.00679935181153651,0.000265568479878246,0.0402004338057889
1,"Deaths",1801,"Dukes County",25007,511,"Silicosis",2,"Female",27,"Age-standardized",2012,"Rate",0.00678650845462115,0.000265904390170684,0.0412858101863703
1,"Deaths",1801,"Dukes County",25007,511,"Silicosis",2,"Female",27,"Age-standardized",2013,"Rate",0.00680109513941553,0.000258425863610137,0.0418466403894917
1,"Deaths",1801,"Dukes County",25007,511,"Silicosis",2,"Female",27,"Age-standardized",2014,"Rate",0.00690301279210091,0.000233529919806972,0.0434877959958413
1,"Deaths",1801,"Dukes County",25007,511,"Silicosis",3,"Both",27,"Age-standardized",1980,"Rate",0.0310054725804981,0.00349507777451016,0.116873836453294
1,"Deaths",1801,"Dukes County",25007,511,"Silicosis",3,"Both",27,"Age-standardized",1981,"Rate",0.0297503321501199,0.00328435857230892,0.113069162363856
1,"Deaths",1801,"Dukes County",25007,511,"Silicosis",3,"Both",27,"Age-standardized",1982,"Rate",0.0282854962349899,0.00310692319174055,0.110121400075195
1,"Deaths",1801,"Dukes County",25007,511,"Silicosis",3,"Both",27,"Age-standardized",1983,"Rate",0.027665708642254,0.00316385521160522,0.103953708501875
1,"Deaths",1801,"Dukes County",25007,511,"Silicosis",3,"Both",27,"Age-standardized",1984,"Rate",0.026708231534637,0.00318992952250253,0.101519155508223
1,"Deaths",1801,"Dukes County",25007,511,"Silicosis",3,"Both",27,"Age-standardized",1985,"Rate",0.0266411994858702,0.00306977558511103,0.102564772382846
1,"Deaths",1801,"Dukes County",25007,511,"Silicosis",3,"Both",27,"Age-standardized",1986,"Rate",0.0259843092149082,0.00293535075734122,0.0965669263389759
1,"Deaths",1801,"Dukes County",25007,511,"Silicosis",3,"Both",27,"Age-standardized",1987,"Rate",0.025602454343723,0.00299452825521957,0.0930257604050559
1,"Deaths",1801,"Dukes County",25007,511,"Silicosis",3,"Both",27,"Age-standardized",1988,"Rate",0.0244957983500564,0.00263130169770853,0.0890368072210169
1,"Deaths",1801,"Dukes County",25007,511,"Silicosis",3,"Both",27,"Age-standardized",1989,"Rate",0.0237200483175159,0.00265148645031534,0.0920943583786188
1,"Deaths",1801,"Dukes County",25007,511,"Silicosis",3,"Both",27,"Age-standardized",1990,"Rate",0.0219349301484279,0.00247409618733623,0.0817832476369897
1,"Deaths",1801,"Dukes County",25007,511,"Silicosis",3,"Both",27,"Age-standardized",1991,"Rate",0.0218199359876924,0.00237446700508589,0.0833597054523654
1,"Deaths",1801,"Dukes County",25007,511,"Silicosis",3,"Both",27,"Age-standardized",1992,"Rate",0.0208576013090515,0.00224386607395905,0.0758012113148023
1,"Deaths",1801,"Dukes County",25007,511,"Silicosis",3,"Both",27,"Age-standardized",1993,"Rate",0.0205326069074342,0.00211916585887639,0.0771180669874943
1,"Deaths",1801,"Dukes County",25007,511,"Silicosis",3,"Both",27,"Age-standardized",1994,"Rate",0.0200911324836036,0.00210738425892503,0.0775981479900081
1,"Deaths",1801,"Dukes County",25007,511,"Silicosis",3,"Both",27,"Age-standardized",1995,"Rate",0.0193275389006683,0.00213107349923466,0.0776779353799057
1,"Deaths",1801,"Dukes County",25007,511,"Silicosis",3,"Both",27,"Age-standardized",1996,"Rate",0.017850180361351,0.00182776789669274,0.0631163913292065
1,"Deaths",1801,"Dukes County",25007,511,"Silicosis",3,"Both",27,"Age-standardized",1997,"Rate",0.017373194335405,0.00175368741848084,0.063843304504798
1,"Deaths",1801,"Dukes County",25007,511,"Silicosis",3,"Both",27,"Age-standardized",1998,"Rate",0.0163605638067168,0.00171751474407371,0.0646904544516236
1,"Deaths",1801,"Dukes County",25007,511,"Silicosis",3,"Both",27,"Age-standardized",1999,"Rate",0.0169969909216632,0.00178281778646739,0.0673704103125919
1,"Deaths",1801,"Dukes County",25007,511,"Silicosis",3,"Both",27,"Age-standardized",2000,"Rate",0.0160277428616146,0.00165336903255056,0.0647968107489493
1,"Deaths",1801,"Dukes County",25007,511,"Silicosis",3,"Both",27,"Age-standardized",2001,"Rate",0.0168939691883308,0.00169975525666603,0.0695035240916229
1,"Deaths",1801,"Dukes County",25007,511,"Silicosis",3,"Both",27,"Age-standardized",2002,"Rate",0.0176795388287771,0.00176728691294571,0.0700389123923046
1,"Deaths",1801,"Dukes County",25007,511,"Silicosis",3,"Both",27,"Age-standardized",2003,"Rate",0.0178773160558341,0.00167096802017656,0.0740445169331242
1,"Deaths",1801,"Dukes County",25007,511,"Silicosis",3,"Both",27,"Age-standardized",2004,"Rate",0.0168194503390785,0.00154648983482815,0.0703976103494768
1,"Deaths",1801,"Dukes County",25007,511,"Silicosis",3,"Both",27,"Age-standardized",2005,"Rate",0.0165903556206632,0.00144387179569292,0.0679610185258475
1,"Deaths",1801,"Dukes County",25007,511,"Silicosis",3,"Both",27,"Age-standardized",2006,"Rate",0.0167484398519727,0.00147693756214164,0.069228536587405
1,"Deaths",1801,"Dukes County",25007,511,"Silicosis",3,"Both",27,"Age-standardized",2007,"Rate",0.0161647550022352,0.00148160871336024,0.0685243740223981
1,"Deaths",1801,"Dukes County",25007,511,"Silicosis",3,"Both",27,"Age-standardized",2008,"Rate",0.0159176644106772,0.00126904670763063,0.0675227563400052
1,"Deaths",1801,"Dukes County",25007,511,"Silicosis",3,"Both",27,"Age-standardized",2009,"Rate",0.0154211796020433,0.00117726080601647,0.0664794719339938
1,"Deaths",1801,"Dukes County",25007,511,"Silicosis",3,"Both",27,"Age-standardized",2010,"Rate",0.0155403026823971,0.00115670525434293,0.0679645475799795
1,"Deaths",1801,"Dukes County",25007,511,"Silicosis",3,"Both",27,"Age-standardized",2011,"Rate",0.0155183836502788,0.00111625612669956,0.0708558276626112
1,"Deaths",1801,"Dukes County",25007,511,"Silicosis",3,"Both",27,"Age-standardized",2012,"Rate",0.0159409454996903,0.001212707705248,0.0730081228301439
1,"Deaths",1801,"Dukes County",25007,511,"Silicosis",3,"Both",27,"Age-standardized",2013,"Rate",0.0163761000825648,0.00106043294879757,0.0751631246154947
1,"Deaths",1801,"Dukes County",25007,511,"Silicosis",3,"Both",27,"Age-standardized",2014,"Rate",0.0169166394008198,0.00110258319380335,0.0753520179852686
1,"Deaths",1789,"Essex County",25009,511,"Silicosis",1,"Male",27,"Age-standardized",1980,"Rate",0.0311597293326177,0.0091694315869904,0.0706079304104205
1,"Deaths",1789,"Essex County",25009,511,"Silicosis",1,"Male",27,"Age-standardized",1981,"Rate",0.0290569783889391,0.00855104439140533,0.0655858480846939
1,"Deaths",1789,"Essex County",25009,511,"Silicosis",1,"Male",27,"Age-standardized",1982,"Rate",0.0284157019838636,0.00858470837558776,0.0643756075956951
1,"Deaths",1789,"Essex County",25009,511,"Silicosis",1,"Male",27,"Age-standardized",1983,"Rate",0.0288672578586157,0.00869856815192963,0.062477055263507
1,"Deaths",1789,"Essex County",25009,511,"Silicosis",1,"Male",27,"Age-standardized",1984,"Rate",0.02649370272349,0.00803899817619535,0.0586659699809826
1,"Deaths",1789,"Essex County",25009,511,"Silicosis",1,"Male",27,"Age-standardized",1985,"Rate",0.0254557223467759,0.00750458755104354,0.0581193695149329
1,"Deaths",1789,"Essex County",25009,511,"Silicosis",1,"Male",27,"Age-standardized",1986,"Rate",0.0258347808160243,0.00761209636626655,0.0586233122446634
1,"Deaths",1789,"Essex County",25009,511,"Silicosis",1,"Male",27,"Age-standardized",1987,"Rate",0.0239317980758341,0.00757152936695695,0.0517560500673293
1,"Deaths",1789,"Essex County",25009,511,"Silicosis",1,"Male",27,"Age-standardized",1988,"Rate",0.0230769214282395,0.00711561851666205,0.0500562912343705
1,"Deaths",1789,"Essex County",25009,511,"Silicosis",1,"Male",27,"Age-standardized",1989,"Rate",0.021649221763231,0.00627834900428886,0.0480640047130892
1,"Deaths",1789,"Essex County",25009,511,"Silicosis",1,"Male",27,"Age-standardized",1990,"Rate",0.0205573305632071,0.00615020377285451,0.0443540666681163
1,"Deaths",1789,"Essex County",25009,511,"Silicosis",1,"Male",27,"Age-standardized",1991,"Rate",0.0200099688839754,0.00565814201068616,0.0456754325894496
1,"Deaths",1789,"Essex County",25009,511,"Silicosis",1,"Male",27,"Age-standardized",1992,"Rate",0.0199128837424895,0.00522202275366459,0.0460957851229434
1,"Deaths",1789,"Essex County",25009,511,"Silicosis",1,"Male",27,"Age-standardized",1993,"Rate",0.0192243098098248,0.0057700156416412,0.0444449082791164
1,"Deaths",1789,"Essex County",25009,511,"Silicosis",1,"Male",27,"Age-standardized",1994,"Rate",0.0189812227252183,0.00540908503961945,0.0434199860000411
1,"Deaths",1789,"Essex County",25009,511,"Silicosis",1,"Male",27,"Age-standardized",1995,"Rate",0.0180524999591818,0.00519836096354407,0.0423056294491944
1,"Deaths",1789,"Essex County",25009,511,"Silicosis",1,"Male",27,"Age-standardized",1996,"Rate",0.0164123459016563,0.00469698299537798,0.0386423399156121
1,"Deaths",1789,"Essex County",25009,511,"Silicosis",1,"Male",27,"Age-standardized",1997,"Rate",0.0150736159394212,0.00450196001420119,0.0357623469094194
1,"Deaths",1789,"Essex County",25009,511,"Silicosis",1,"Male",27,"Age-standardized",1998,"Rate",0.0153119587595055,0.00405694656071902,0.0368196415877292
1,"Deaths",1789,"Essex County",25009,511,"Silicosis",1,"Male",27,"Age-standardized",1999,"Rate",0.0150432549008777,0.00415915708941938,0.0390392496487489
1,"Deaths",1789,"Essex County",25009,511,"Silicosis",1,"Male",27,"Age-standardized",2000,"Rate",0.0135828158166239,0.00366309411099795,0.0359019903473512
1,"Deaths",1789,"Essex County",25009,511,"Silicosis",1,"Male",27,"Age-standardized",2001,"Rate",0.0129535737487164,0.00331823205094874,0.0326134800444081
1,"Deaths",1789,"Essex County",25009,511,"Silicosis",1,"Male",27,"Age-standardized",2002,"Rate",0.0137777411193158,0.00368105961303485,0.0368346328198873
1,"Deaths",1789,"Essex County",25009,511,"Silicosis",1,"Male",27,"Age-standardized",2003,"Rate",0.0133811334864315,0.00338507717608299,0.0370406992016832
1,"Deaths",1789,"Essex County",25009,511,"Silicosis",1,"Male",27,"Age-standardized",2004,"Rate",0.0132777155178165,0.0032711366110207,0.0355030624979614
1,"Deaths",1789,"Essex County",25009,511,"Silicosis",1,"Male",27,"Age-standardized",2005,"Rate",0.0120861813476063,0.00290399651873793,0.0316168763724345
1,"Deaths",1789,"Essex County",25009,511,"Silicosis",1,"Male",27,"Age-standardized",2006,"Rate",0.0112853912028541,0.00271262152900682,0.0297678911718975
1,"Deaths",1789,"Essex County",25009,511,"Silicosis",1,"Male",27,"Age-standardized",2007,"Rate",0.0116130019166903,0.00267540826920797,0.0316879549558821
1,"Deaths",1789,"Essex County",25009,511,"Silicosis",1,"Male",27,"Age-standardized",2008,"Rate",0.0114878782702484,0.00255983736116025,0.0320043300241851
1,"Deaths",1789,"Essex County",25009,511,"Silicosis",1,"Male",27,"Age-standardized",2009,"Rate",0.0107425467818539,0.00232357294117547,0.0313869252902478
1,"Deaths",1789,"Essex County",25009,511,"Silicosis",1,"Male",27,"Age-standardized",2010,"Rate",0.0101473783345226,0.0022864872253612,0.0294147489667631
1,"Deaths",1789,"Essex County",25009,511,"Silicosis",1,"Male",27,"Age-standardized",2011,"Rate",0.0101923662237544,0.00214820805694122,0.0287569292209951
1,"Deaths",1789,"Essex County",25009,511,"Silicosis",1,"Male",27,"Age-standardized",2012,"Rate",0.0104111212109215,0.00207784110611624,0.0311064512878048
1,"Deaths",1789,"Essex County",25009,511,"Silicosis",1,"Male",27,"Age-standardized",2013,"Rate",0.0104248606981518,0.00204022536952028,0.0319777838235363
1,"Deaths",1789,"Essex County",25009,511,"Silicosis",1,"Male",27,"Age-standardized",2014,"Rate",0.0104829731974006,0.00197099808291653,0.0329067042511278
1,"Deaths",1789,"Essex County",25009,511,"Silicosis",2,"Female",27,"Age-standardized",1980,"Rate",0.00261848944005819,0.000473269784797703,0.00837247053482507
1,"Deaths",1789,"Essex County",25009,511,"Silicosis",2,"Female",27,"Age-standardized",1981,"Rate",0.00258002205655488,0.000489223262821942,0.00835800151746993
1,"Deaths",1789,"Essex County",25009,511,"Silicosis",2,"Female",27,"Age-standardized",1982,"Rate",0.00204666290688853,0.000364970019578586,0.00703370238157894
1,"Deaths",1789,"Essex County",25009,511,"Silicosis",2,"Female",27,"Age-standardized",1983,"Rate",0.00225369615437464,0.000405992188284198,0.00747962570297266
1,"Deaths",1789,"Essex County",25009,511,"Silicosis",2,"Female",27,"Age-standardized",1984,"Rate",0.00237470206374803,0.000453232432389257,0.00762657144810469
1,"Deaths",1789,"Essex County",25009,511,"Silicosis",2,"Female",27,"Age-standardized",1985,"Rate",0.00232240774568468,0.000438528492593026,0.00754439870864735
1,"Deaths",1789,"Essex County",25009,511,"Silicosis",2,"Female",27,"Age-standardized",1986,"Rate",0.00224786138666805,0.000451642437201736,0.00737557230715676
1,"Deaths",1789,"Essex County",25009,511,"Silicosis",2,"Female",27,"Age-standardized",1987,"Rate",0.00255972936023362,0.000512436047798954,0.00870428853447834
1,"Deaths",1789,"Essex County",25009,511,"Silicosis",2,"Female",27,"Age-standardized",1988,"Rate",0.00256725779753661,0.000495713013055424,0.00856504846748945
1,"Deaths",1789,"Essex County",25009,511,"Silicosis",2,"Female",27,"Age-standardized",1989,"Rate",0.00248807279403599,0.00048499626316425,0.00848617067425279
1,"Deaths",1789,"Essex County",25009,511,"Silicosis",2,"Female",27,"Age-standardized",1990,"Rate",0.00223431007721487,0.000433538646636544,0.00747456384124549
1,"Deaths",1789,"Essex County",25009,511,"Silicosis",2,"Female",27,"Age-standardized",1991,"Rate",0.00212788677688647,0.000420902215951373,0.00737096305988113
1,"Deaths",1789,"Essex County",25009,511,"Silicosis",2,"Female",27,"Age-standardized",1992,"Rate",0.00223690616360757,0.000438433201604726,0.00748146148641233
1,"Deaths",1789,"Essex County",25009,511,"Silicosis",2,"Female",27,"Age-standardized",1993,"Rate",0.00211322552013107,0.000427457148659407,0.00717644216541032
1,"Deaths",1789,"Essex County",25009,511,"Silicosis",2,"Female",27,"Age-standardized",1994,"Rate",0.00216178367947223,0.00042980548821257,0.00732366357451084
1,"Deaths",1789,"Essex County",25009,511,"Silicosis",2,"Female",27,"Age-standardized",1995,"Rate",0.00202751345614529,0.000392209514990779,0.00684475588157352
1,"Deaths",1789,"Essex County",25009,511,"Silicosis",2,"Female",27,"Age-standardized",1996,"Rate",0.00196689277200194,0.000383891884084174,0.0070276194139171
1,"Deaths",1789,"Essex County",25009,511,"Silicosis",2,"Female",27,"Age-standardized",1997,"Rate",0.00187479326792579,0.000375521478012655,0.00626226026537369
1,"Deaths",1789,"Essex County",25009,511,"Silicosis",2,"Female",27,"Age-standardized",1998,"Rate",0.00167443192648856,0.000327094681992814,0.00583430543165253
1,"Deaths",1789,"Essex County",25009,511,"Silicosis",2,"Female",27,"Age-standardized",1999,"Rate",0.00171761421879867,0.000322967255762384,0.0059992389871361
1,"Deaths",1789,"Essex County",25009,511,"Silicosis",2,"Female",27,"Age-standardized",2000,"Rate",0.00172113766142662,0.000335892741937337,0.00573418936583023
1,"Deaths",1789,"Essex County",25009,511,"Silicosis",2,"Female",27,"Age-standardized",2001,"Rate",0.00193124306492148,0.00035435643087074,0.00653899495788314
1,"Deaths",1789,"Essex County",25009,511,"Silicosis",2,"Female",27,"Age-standardized",2002,"Rate",0.00210668079624123,0.000403827487972376,0.00768188333609389
1,"Deaths",1789,"Essex County",25009,511,"Silicosis",2,"Female",27,"Age-standardized",2003,"Rate",0.00211753812602106,0.000407758657290946,0.00739512193598497
1,"Deaths",1789,"Essex County",25009,511,"Silicosis",2,"Female",27,"Age-standardized",2004,"Rate",0.0018685630618561,0.000354132489264572,0.00674426710796824
1,"Deaths",1789,"Essex County",25009,511,"Silicosis",2,"Female",27,"Age-standardized",2005,"Rate",0.00162118721752526,0.000284823682797662,0.00582975790604813
1,"Deaths",1789,"Essex County",25009,511,"Silicosis",2,"Female",27,"Age-standardized",2006,"Rate",0.00175162699953805,0.000308532625483052,0.00668115230482889
1,"Deaths",1789,"Essex County",25009,511,"Silicosis",2,"Female",27,"Age-standardized",2007,"Rate",0.00169901780174002,0.000310384563479398,0.00622071596894546
1,"Deaths",1789,"Essex County",25009,511,"Silicosis",2,"Female",27,"Age-standardized",2008,"Rate",0.00174664524377209,0.000298124689962894,0.00652213660648278
1,"Deaths",1789,"Essex County",25009,511,"Silicosis",2,"Female",27,"Age-standardized",2009,"Rate",0.00158805462566621,0.000268885356092386,0.00605419535441249
1,"Deaths",1789,"Essex County",25009,511,"Silicosis",2,"Female",27,"Age-standardized",2010,"Rate",0.00148385274883346,0.000252804582960209,0.00521045290424859
1,"Deaths",1789,"Essex County",25009,511,"Silicosis",2,"Female",27,"Age-standardized",2011,"Rate",0.00152348546031785,0.000237006555586262,0.00576428450537628
1,"Deaths",1789,"Essex County",25009,511,"Silicosis",2,"Female",27,"Age-standardized",2012,"Rate",0.00148503541309373,0.000230743981014571,0.00577073627458222
1,"Deaths",1789,"Essex County",25009,511,"Silicosis",2,"Female",27,"Age-standardized",2013,"Rate",0.00146296902365639,0.000218382349175638,0.00601302687519498
1,"Deaths",1789,"Essex County",25009,511,"Silicosis",2,"Female",27,"Age-standardized",2014,"Rate",0.0014332361822085,0.000207381068024207,0.00560401998933484
1,"Deaths",1789,"Essex County",25009,511,"Silicosis",3,"Both",27,"Age-standardized",1980,"Rate",0.0133202764042905,0.00461394280365145,0.0274948032800775
1,"Deaths",1789,"Essex County",25009,511,"Silicosis",3,"Both",27,"Age-standardized",1981,"Rate",0.0124235447034949,0.00420017926710144,0.0267826834406679
1,"Deaths",1789,"Essex County",25009,511,"Silicosis",3,"Both",27,"Age-standardized",1982,"Rate",0.0118049953614598,0.0041352291433019,0.0251839965187953
1,"Deaths",1789,"Essex County",25009,511,"Silicosis",3,"Both",27,"Age-standardized",1983,"Rate",0.0120403675017272,0.00430802434869889,0.0247459707798012
1,"Deaths",1789,"Essex County",25009,511,"Silicosis",3,"Both",27,"Age-standardized",1984,"Rate",0.011212344451837,0.00412268945283666,0.0235296145237207
1,"Deaths",1789,"Essex County",25009,511,"Silicosis",3,"Both",27,"Age-standardized",1985,"Rate",0.0107216377711061,0.00400064035849779,0.0232726858103396
1,"Deaths",1789,"Essex County",25009,511,"Silicosis",3,"Both",27,"Age-standardized",1986,"Rate",0.0107507064881832,0.00390850080383967,0.0230596704369742
1,"Deaths",1789,"Essex County",25009,511,"Silicosis",3,"Both",27,"Age-standardized",1987,"Rate",0.0102384244470685,0.00384665637125094,0.0208514739948044
1,"Deaths",1789,"Essex County",25009,511,"Silicosis",3,"Both",27,"Age-standardized",1988,"Rate",0.0099287070231454,0.00383051794814043,0.0206537401482941
1,"Deaths",1789,"Essex County",25009,511,"Silicosis",3,"Both",27,"Age-standardized",1989,"Rate",0.00934480190105841,0.00342004065264452,0.0191950083063313
1,"Deaths",1789,"Essex County",25009,511,"Silicosis",3,"Both",27,"Age-standardized",1990,"Rate",0.00882134838585724,0.00318063576250141,0.017760289797427
1,"Deaths",1789,"Essex County",25009,511,"Silicosis",3,"Both",27,"Age-standardized",1991,"Rate",0.00854489429703285,0.00310871837987766,0.0179194129287471
1,"Deaths",1789,"Essex County",25009,511,"Silicosis",3,"Both",27,"Age-standardized",1992,"Rate",0.00856222528116845,0.00311711592662811,0.0188032294269802
1,"Deaths",1789,"Essex County",25009,511,"Silicosis",3,"Both",27,"Age-standardized",1993,"Rate",0.00827109177228737,0.00306453718068204,0.0174907731856764
1,"Deaths",1789,"Essex County",25009,511,"Silicosis",3,"Both",27,"Age-standardized",1994,"Rate",0.00823570321151045,0.00303562286444901,0.0178568576024523
1,"Deaths",1789,"Essex County",25009,511,"Silicosis",3,"Both",27,"Age-standardized",1995,"Rate",0.0078487482796876,0.00280901079755808,0.016727910691717
1,"Deaths",1789,"Essex County",25009,511,"Silicosis",3,"Both",27,"Age-standardized",1996,"Rate",0.00725862372150278,0.00254578223035055,0.0156945461091652
1,"Deaths",1789,"Essex County",25009,511,"Silicosis",3,"Both",27,"Age-standardized",1997,"Rate",0.00676172702123043,0.00241826869473749,0.0146613656624835
1,"Deaths",1789,"Essex County",25009,511,"Silicosis",3,"Both",27,"Age-standardized",1998,"Rate",0.00672584557450125,0.00230221653511772,0.0147169963331744
1,"Deaths",1789,"Essex County",25009,511,"Silicosis",3,"Both",27,"Age-standardized",1999,"Rate",0.00670636385684878,0.00230824132580495,0.01567834334379
1,"Deaths",1789,"Essex County",25009,511,"Silicosis",3,"Both",27,"Age-standardized",2000,"Rate",0.00620357853639549,0.00208637625962753,0.0143877815471102
1,"Deaths",1789,"Essex County",25009,511,"Silicosis",3,"Both",27,"Age-standardized",2001,"Rate",0.00610318903866976,0.00203833481508636,0.0141109527346504
1,"Deaths",1789,"Essex County",25009,511,"Silicosis",3,"Both",27,"Age-standardized",2002,"Rate",0.006535098979371,0.00225183853776911,0.0155860271649833
1,"Deaths",1789,"Essex County",25009,511,"Silicosis",3,"Both",27,"Age-standardized",2003,"Rate",0.0063986282749876,0.00211858517107956,0.0154303849963638
1,"Deaths",1789,"Essex County",25009,511,"Silicosis",3,"Both",27,"Age-standardized",2004,"Rate",0.00626160236773471,0.00200359014557117,0.015566525552128
1,"Deaths",1789,"Essex County",25009,511,"Silicosis",3,"Both",27,"Age-standardized",2005,"Rate",0.00567143971258051,0.00175802991535917,0.0142072223305204
1,"Deaths",1789,"Essex County",25009,511,"Silicosis",3,"Both",27,"Age-standardized",2006,"Rate",0.00547112932714365,0.00171305017720571,0.0126155246449899
1,"Deaths",1789,"Essex County",25009,511,"Silicosis",3,"Both",27,"Age-standardized",2007,"Rate",0.00559041172647102,0.0017715216674319,0.0131736238469632
1,"Deaths",1789,"Essex County",25009,511,"Silicosis",3,"Both",27,"Age-standardized",2008,"Rate",0.00558674438172146,0.00162069029669103,0.0136994727233419
1,"Deaths",1789,"Essex County",25009,511,"Silicosis",3,"Both",27,"Age-standardized",2009,"Rate",0.00522892707038625,0.00157915221029941,0.013551199275884
1,"Deaths",1789,"Essex County",25009,511,"Silicosis",3,"Both",27,"Age-standardized",2010,"Rate",0.004920265720335,0.00149237206635254,0.0127002819665731
1,"Deaths",1789,"Essex County",25009,511,"Silicosis",3,"Both",27,"Age-standardized",2011,"Rate",0.00496770418589151,0.00151161369377644,0.012791598742963
1,"Deaths",1789,"Essex County",25009,511,"Silicosis",3,"Both",27,"Age-standardized",2012,"Rate",0.00505347860338489,0.00140942178350989,0.0137778118645831
1,"Deaths",1789,"Essex County",25009,511,"Silicosis",3,"Both",27,"Age-standardized",2013,"Rate",0.00506587424042523,0.00138097346735435,0.0139532504908713
1,"Deaths",1789,"Essex County",25009,511,"Silicosis",3,"Both",27,"Age-standardized",2014,"Rate",0.00502871831426543,0.00134955153287448,0.0140732188582656
1,"Deaths",1791,"Franklin County",25011,511,"Silicosis",1,"Male",27,"Age-standardized",1980,"Rate",0.128914206545498,0.0367545452369417,0.298835706652295
1,"Deaths",1791,"Franklin County",25011,511,"Silicosis",1,"Male",27,"Age-standardized",1981,"Rate",0.124210715530364,0.0376259347098518,0.280737680367376
1,"Deaths",1791,"Franklin County",25011,511,"Silicosis",1,"Male",27,"Age-standardized",1982,"Rate",0.126479855365028,0.037036041085415,0.301059551819623
1,"Deaths",1791,"Franklin County",25011,511,"Silicosis",1,"Male",27,"Age-standardized",1983,"Rate",0.126423670998738,0.0353152748540682,0.292375850689037
1,"Deaths",1791,"Franklin County",25011,511,"Silicosis",1,"Male",27,"Age-standardized",1984,"Rate",0.119336029096602,0.0357298096878083,0.278658861498825
1,"Deaths",1791,"Franklin County",25011,511,"Silicosis",1,"Male",27,"Age-standardized",1985,"Rate",0.122866995366802,0.0353064454618798,0.285361142983389
1,"Deaths",1791,"Franklin County",25011,511,"Silicosis",1,"Male",27,"Age-standardized",1986,"Rate",0.121940126144538,0.0360935603708756,0.264008603140093
1,"Deaths",1791,"Franklin County",25011,511,"Silicosis",1,"Male",27,"Age-standardized",1987,"Rate",0.119517975817756,0.0364712923438844,0.278954144583051
1,"Deaths",1791,"Franklin County",25011,511,"Silicosis",1,"Male",27,"Age-standardized",1988,"Rate",0.115752284735569,0.0353206035556731,0.260117006587344
1,"Deaths",1791,"Franklin County",25011,511,"Silicosis",1,"Male",27,"Age-standardized",1989,"Rate",0.11313249575185,0.0343297646846097,0.256174040593153
1,"Deaths",1791,"Franklin County",25011,511,"Silicosis",1,"Male",27,"Age-standardized",1990,"Rate",0.104445616973767,0.0308934615581848,0.246857530363059
1,"Deaths",1791,"Franklin County",25011,511,"Silicosis",1,"Male",27,"Age-standardized",1991,"Rate",0.103220701496451,0.0307531717928031,0.252547900413975
1,"Deaths",1791,"Franklin County",25011,511,"Silicosis",1,"Male",27,"Age-standardized",1992,"Rate",0.101025172661123,0.0304533967541131,0.231497156317475
1,"Deaths",1791,"Franklin County",25011,511,"Silicosis",1,"Male",27,"Age-standardized",1993,"Rate",0.0964464191387714,0.0296202507559917,0.234438809347126
1,"Deaths",1791,"Franklin County",25011,511,"Silicosis",1,"Male",27,"Age-standardized",1994,"Rate",0.0933837037791156,0.0280111340447317,0.227501174772694
1,"Deaths",1791,"Franklin County",25011,511,"Silicosis",1,"Male",27,"Age-standardized",1995,"Rate",0.0923524815131674,0.0269522627116915,0.216729642295095
1,"Deaths",1791,"Franklin County",25011,511,"Silicosis",1,"Male",27,"Age-standardized",1996,"Rate",0.0840249753268187,0.0238037905860779,0.201118466570126
1,"Deaths",1791,"Franklin County",25011,511,"Silicosis",1,"Male",27,"Age-standardized",1997,"Rate",0.0801940078923339,0.022216581037816,0.200340401716534
1,"Deaths",1791,"Franklin County",25011,511,"Silicosis",1,"Male",27,"Age-standardized",1998,"Rate",0.0777799233091143,0.0211702205040445,0.199408491112585
1,"Deaths",1791,"Franklin County",25011,511,"Silicosis",1,"Male",27,"Age-standardized",1999,"Rate",0.0792687892422261,0.0194849744583407,0.202178131905493
1,"Deaths",1791,"Franklin County",25011,511,"Silicosis",1,"Male",27,"Age-standardized",2000,"Rate",0.0715993311991038,0.0180005962799203,0.188955639663362
1,"Deaths",1791,"Franklin County",25011,511,"Silicosis",1,"Male",27,"Age-standardized",2001,"Rate",0.0717250322091017,0.0180583857460162,0.194346139391222
1,"Deaths",1791,"Franklin County",25011,511,"Silicosis",1,"Male",27,"Age-standardized",2002,"Rate",0.0719950331672057,0.0169227793991656,0.202253781945055
1,"Deaths",1791,"Franklin County",25011,511,"Silicosis",1,"Male",27,"Age-standardized",2003,"Rate",0.0705983959340161,0.015964520697763,0.193395844317475
1,"Deaths",1791,"Franklin County",25011,511,"Silicosis",1,"Male",27,"Age-standardized",2004,"Rate",0.0677027764617856,0.0150740932283555,0.191482966591262
1,"Deaths",1791,"Franklin County",25011,511,"Silicosis",1,"Male",27,"Age-standardized",2005,"Rate",0.0664464778959004,0.014954164264927,0.179880668418725
1,"Deaths",1791,"Franklin County",25011,511,"Silicosis",1,"Male",27,"Age-standardized",2006,"Rate",0.0625363723543743,0.013812810128112,0.178076097637978
1,"Deaths",1791,"Franklin County",25011,511,"Silicosis",1,"Male",27,"Age-standardized",2007,"Rate",0.0626635648580987,0.0138870559535481,0.178858756558782
1,"Deaths",1791,"Franklin County",25011,511,"Silicosis",1,"Male",27,"Age-standardized",2008,"Rate",0.0629922645745271,0.0128594838742362,0.182637189450292
1,"Deaths",1791,"Franklin County",25011,511,"Silicosis",1,"Male",27,"Age-standardized",2009,"Rate",0.0620218641519587,0.0136614549471664,0.177483821139639
1,"Deaths",1791,"Franklin County",25011,511,"Silicosis",1,"Male",27,"Age-standardized",2010,"Rate",0.0580796373731249,0.0114485577337508,0.165708255296184
1,"Deaths",1791,"Franklin County",25011,511,"Silicosis",1,"Male",27,"Age-standardized",2011,"Rate",0.0590025004259018,0.0118601262138047,0.173927260528573
1,"Deaths",1791,"Franklin County",25011,511,"Silicosis",1,"Male",27,"Age-standardized",2012,"Rate",0.0572143041158492,0.0110179111693685,0.169617527241406
1,"Deaths",1791,"Franklin County",25011,511,"Silicosis",1,"Male",27,"Age-standardized",2013,"Rate",0.0610426588806118,0.011172375091699,0.185258562744589
1,"Deaths",1791,"Franklin County",25011,511,"Silicosis",1,"Male",27,"Age-standardized",2014,"Rate",0.0602595385533892,0.0106716908025171,0.188760673049257
1,"Deaths",1791,"Franklin County",25011,511,"Silicosis",2,"Female",27,"Age-standardized",1980,"Rate",0.00413402835500724,0.000778175714278596,0.013546489219277
1,"Deaths",1791,"Franklin County",25011,511,"Silicosis",2,"Female",27,"Age-standardized",1981,"Rate",0.00410106901777421,0.000766250662184062,0.0144400581740371
1,"Deaths",1791,"Franklin County",25011,511,"Silicosis",2,"Female",27,"Age-standardized",1982,"Rate",0.00342065270721583,0.000636744163532136,0.0118117880753166
1,"Deaths",1791,"Franklin County",25011,511,"Silicosis",2,"Female",27,"Age-standardized",1983,"Rate",0.00367783069206495,0.000677943170667369,0.012574018268406
1,"Deaths",1791,"Franklin County",25011,511,"Silicosis",2,"Female",27,"Age-standardized",1984,"Rate",0.0038682644961656,0.000736373868014425,0.0133407668151337
1,"Deaths",1791,"Franklin County",25011,511,"Silicosis",2,"Female",27,"Age-standardized",1985,"Rate",0.00384438658756496,0.000755956777978005,0.0126389954519885
1,"Deaths",1791,"Franklin County",25011,511,"Silicosis",2,"Female",27,"Age-standardized",1986,"Rate",0.0037869755231598,0.000735639462535977,0.012554228233948
1,"Deaths",1791,"Franklin County",25011,511,"Silicosis",2,"Female",27,"Age-standardized",1987,"Rate",0.00423444874304426,0.000849794746854372,0.0140864130231692
1,"Deaths",1791,"Franklin County",25011,511,"Silicosis",2,"Female",27,"Age-standardized",1988,"Rate",0.00420114430564111,0.000807295857623895,0.0140926201044978
1,"Deaths",1791,"Franklin County",25011,511,"Silicosis",2,"Female",27,"Age-standardized",1989,"Rate",0.004121356142769,0.00080184540732076,0.0141644568055498
1,"Deaths",1791,"Franklin County",25011,511,"Silicosis",2,"Female",27,"Age-standardized",1990,"Rate",0.00370196168865668,0.00075955304572377,0.0122473322018106
1,"Deaths",1791,"Franklin County",25011,511,"Silicosis",2,"Female",27,"Age-standardized",1991,"Rate",0.00358551424601567,0.000711380909596649,0.0121083879938323
1,"Deaths",1791,"Franklin County",25011,511,"Silicosis",2,"Female",27,"Age-standardized",1992,"Rate",0.00368747419939444,0.000730904946600613,0.0125347364880004
1,"Deaths",1791,"Franklin County",25011,511,"Silicosis",2,"Female",27,"Age-standardized",1993,"Rate",0.00357247627188327,0.000711859355897606,0.011776061539001
1,"Deaths",1791,"Franklin County",25011,511,"Silicosis",2,"Female",27,"Age-standardized",1994,"Rate",0.00362040138744473,0.000748019510255166,0.0122652351673913
1,"Deaths",1791,"Franklin County",25011,511,"Silicosis",2,"Female",27,"Age-standardized",1995,"Rate",0.00341619937862629,0.000670894210409403,0.0114293718851557
1,"Deaths",1791,"Franklin County",25011,511,"Silicosis",2,"Female",27,"Age-standardized",1996,"Rate",0.00331725803455048,0.000664825797920961,0.0111993562608045
1,"Deaths",1791,"Franklin County",25011,511,"Silicosis",2,"Female",27,"Age-standardized",1997,"Rate",0.00321585713136666,0.000627482933021721,0.010649793155072
1,"Deaths",1791,"Franklin County",25011,511,"Silicosis",2,"Female",27,"Age-standardized",1998,"Rate",0.00289184605645501,0.000550307611134918,0.00986326151931745
1,"Deaths",1791,"Franklin County",25011,511,"Silicosis",2,"Female",27,"Age-standardized",1999,"Rate",0.00308618206334131,0.00058469657764572,0.0102998812753258
1,"Deaths",1791,"Franklin County",25011,511,"Silicosis",2,"Female",27,"Age-standardized",2000,"Rate",0.00306145393847638,0.00059868557680227,0.0105456228618279
1,"Deaths",1791,"Franklin County",25011,511,"Silicosis",2,"Female",27,"Age-standardized",2001,"Rate",0.00345443384289183,0.000653476032722494,0.0118011739812973
1,"Deaths",1791,"Franklin County",25011,511,"Silicosis",2,"Female",27,"Age-standardized",2002,"Rate",0.00386197364869812,0.000732411393644089,0.0137555146075047
1,"Deaths",1791,"Franklin County",25011,511,"Silicosis",2,"Female",27,"Age-standardized",2003,"Rate",0.00384007356199944,0.000691222969120708,0.0134588457427373
1,"Deaths",1791,"Franklin County",25011,511,"Silicosis",2,"Female",27,"Age-standardized",2004,"Rate",0.0034318019372711,0.000631620581057673,0.0117268691944639
1,"Deaths",1791,"Franklin County",25011,511,"Silicosis",2,"Female",27,"Age-standardized",2005,"Rate",0.00309466329325813,0.000557862060537992,0.0109676528791672
1,"Deaths",1791,"Franklin County",25011,511,"Silicosis",2,"Female",27,"Age-standardized",2006,"Rate",0.00324669453255935,0.000603982258066146,0.0115927841503156
1,"Deaths",1791,"Franklin County",25011,511,"Silicosis",2,"Female",27,"Age-standardized",2007,"Rate",0.00332028394793695,0.000593667011848833,0.0115315074765037
1,"Deaths",1791,"Franklin County",25011,511,"Silicosis",2,"Female",27,"Age-standardized",2008,"Rate",0.00335244306358921,0.000583621451429228,0.0122046642577437
1,"Deaths",1791,"Franklin County",25011,511,"Silicosis",2,"Female",27,"Age-standardized",2009,"Rate",0.00303681546013978,0.00051225641962969,0.0106859457848694
1,"Deaths",1791,"Franklin County",25011,511,"Silicosis",2,"Female",27,"Age-standardized",2010,"Rate",0.00289886621152206,0.000462014401649265,0.00985886144937446
1,"Deaths",1791,"Franklin County",25011,511,"Silicosis",2,"Female",27,"Age-standardized",2011,"Rate",0.0029117782452193,0.000456758190588346,0.0108451900331002
1,"Deaths",1791,"Franklin County",25011,511,"Silicosis",2,"Female",27,"Age-standardized",2012,"Rate",0.00298125898480181,0.000479354834225151,0.0111259212352223
1,"Deaths",1791,"Franklin County",25011,511,"Silicosis",2,"Female",27,"Age-standardized",2013,"Rate",0.00299297040431689,0.000456433779708368,0.0113947487719444
1,"Deaths",1791,"Franklin County",25011,511,"Silicosis",2,"Female",27,"Age-standardized",2014,"Rate",0.00298958696071665,0.0004668614867793,0.0107322963237469
1,"Deaths",1791,"Franklin County",25011,511,"Silicosis",3,"Both",27,"Age-standardized",1980,"Rate",0.0528411977898118,0.0166357877375549,0.119171652157162
1,"Deaths",1791,"Franklin County",25011,511,"Silicosis",3,"Both",27,"Age-standardized",1981,"Rate",0.050585865393698,0.0165097338883381,0.111199237013522
1,"Deaths",1791,"Franklin County",25011,511,"Silicosis",3,"Both",27,"Age-standardized",1982,"Rate",0.0507439912179839,0.0159039939502922,0.116709362670774
1,"Deaths",1791,"Franklin County",25011,511,"Silicosis",3,"Both",27,"Age-standardized",1983,"Rate",0.0505990071688551,0.0153392751530226,0.1131281354492
1,"Deaths",1791,"Franklin County",25011,511,"Silicosis",3,"Both",27,"Age-standardized",1984,"Rate",0.0478087196450619,0.01543055005494,0.108716017627596
1,"Deaths",1791,"Franklin County",25011,511,"Silicosis",3,"Both",27,"Age-standardized",1985,"Rate",0.0486976993389697,0.0147552194168487,0.110665385708153
1,"Deaths",1791,"Franklin County",25011,511,"Silicosis",3,"Both",27,"Age-standardized",1986,"Rate",0.0480120786536722,0.0162348884550584,0.102286741646097
1,"Deaths",1791,"Franklin County",25011,511,"Silicosis",3,"Both",27,"Age-standardized",1987,"Rate",0.0472723636326397,0.01552861890285,0.105684067850725
1,"Deaths",1791,"Franklin County",25011,511,"Silicosis",3,"Both",27,"Age-standardized",1988,"Rate",0.0456970847115967,0.0150888282949871,0.100246941923608
1,"Deaths",1791,"Franklin County",25011,511,"Silicosis",3,"Both",27,"Age-standardized",1989,"Rate",0.0445133944615348,0.0145832860852045,0.0976778980685852
1,"Deaths",1791,"Franklin County",25011,511,"Silicosis",3,"Both",27,"Age-standardized",1990,"Rate",0.0410299746244178,0.0128579903800411,0.0924506310394287
1,"Deaths",1791,"Franklin County",25011,511,"Silicosis",3,"Both",27,"Age-standardized",1991,"Rate",0.0404341925012375,0.0129185934986272,0.096259054004083
1,"Deaths",1791,"Franklin County",25011,511,"Silicosis",3,"Both",27,"Age-standardized",1992,"Rate",0.0396100225616976,0.0128449201303733,0.0878209128464711
1,"Deaths",1791,"Franklin County",25011,511,"Silicosis",3,"Both",27,"Age-standardized",1993,"Rate",0.0379220246171631,0.012520605264209,0.0877522531889751
1,"Deaths",1791,"Franklin County",25011,511,"Silicosis",3,"Both",27,"Age-standardized",1994,"Rate",0.0369025264397371,0.0117162312523544,0.0854326896892612
1,"Deaths",1791,"Franklin County",25011,511,"Silicosis",3,"Both",27,"Age-standardized",1995,"Rate",0.0365357577386426,0.0117634360746049,0.0816518052282987
1,"Deaths",1791,"Franklin County",25011,511,"Silicosis",3,"Both",27,"Age-standardized",1996,"Rate",0.0334752013539295,0.010360095677411,0.0772811457692422
1,"Deaths",1791,"Franklin County",25011,511,"Silicosis",3,"Both",27,"Age-standardized",1997,"Rate",0.03213920805331,0.00957900050603625,0.0767242980916488
1,"Deaths",1791,"Franklin County",25011,511,"Silicosis",3,"Both",27,"Age-standardized",1998,"Rate",0.0309792778206846,0.00956724156993838,0.0755398884035638
1,"Deaths",1791,"Franklin County",25011,511,"Silicosis",3,"Both",27,"Age-standardized",1999,"Rate",0.0318924101246277,0.00906215260507972,0.0791227738187875
1,"Deaths",1791,"Franklin County",25011,511,"Silicosis",3,"Both",27,"Age-standardized",2000,"Rate",0.0291742362276519,0.00848082779403916,0.0739455151651846
1,"Deaths",1791,"Franklin County",25011,511,"Silicosis",3,"Both",27,"Age-standardized",2001,"Rate",0.029626673564039,0.00866417708995256,0.0754781523674564
1,"Deaths",1791,"Franklin County",25011,511,"Silicosis",3,"Both",27,"Age-standardized",2002,"Rate",0.0303087068422068,0.00839923445236046,0.0797021319895553
1,"Deaths",1791,"Franklin County",25011,511,"Silicosis",3,"Both",27,"Age-standardized",2003,"Rate",0.0300018119361276,0.00844587164349803,0.0760092106681148
1,"Deaths",1791,"Franklin County",25011,511,"Silicosis",3,"Both",27,"Age-standardized",2004,"Rate",0.0289313692862536,0.00798414864727209,0.0759855423354574
1,"Deaths",1791,"Franklin County",25011,511,"Silicosis",3,"Both",27,"Age-standardized",2005,"Rate",0.0284300854190242,0.00743343071105565,0.0730946820736523
1,"Deaths",1791,"Franklin County",25011,511,"Silicosis",3,"Both",27,"Age-standardized",2006,"Rate",0.0271074232280266,0.00716557782939076,0.0715703168319033
1,"Deaths",1791,"Franklin County",25011,511,"Silicosis",3,"Both",27,"Age-standardized",2007,"Rate",0.02729162217867,0.00731668961312911,0.0741871597745686
1,"Deaths",1791,"Franklin County",25011,511,"Silicosis",3,"Both",27,"Age-standardized",2008,"Rate",0.0276666060526617,0.00674356817644596,0.0758846708782326
1,"Deaths",1791,"Franklin County",25011,511,"Silicosis",3,"Both",27,"Age-standardized",2009,"Rate",0.0272106801719144,0.0067718922004366,0.0743693683678743
1,"Deaths",1791,"Franklin County",25011,511,"Silicosis",3,"Both",27,"Age-standardized",2010,"Rate",0.0255320024447827,0.00619431544577574,0.0699035524329407
1,"Deaths",1791,"Franklin County",25011,511,"Silicosis",3,"Both",27,"Age-standardized",2011,"Rate",0.0259013970095967,0.00580053380501888,0.0720637864844484
1,"Deaths",1791,"Franklin County",25011,511,"Silicosis",3,"Both",27,"Age-standardized",2012,"Rate",0.0253402392257391,0.00615220132543602,0.0714308297743204
1,"Deaths",1791,"Franklin County",25011,511,"Silicosis",3,"Both",27,"Age-standardized",2013,"Rate",0.0270925572769252,0.00605571760024557,0.0772995393190945
1,"Deaths",1791,"Franklin County",25011,511,"Silicosis",3,"Both",27,"Age-standardized",2014,"Rate",0.0263898007074163,0.00558293120481791,0.0780958820567911
1,"Deaths",1796,"Hampden County",25013,511,"Silicosis",1,"Male",27,"Age-standardized",1980,"Rate",0.171298769640274,0.0790515796992192,0.295070249417435
1,"Deaths",1796,"Hampden County",25013,511,"Silicosis",1,"Male",27,"Age-standardized",1981,"Rate",0.162506074183338,0.0748313605923968,0.285500961961934
1,"Deaths",1796,"Hampden County",25013,511,"Silicosis",1,"Male",27,"Age-standardized",1982,"Rate",0.168543129655726,0.0809749821003399,0.284069461323473
1,"Deaths",1796,"Hampden County",25013,511,"Silicosis",1,"Male",27,"Age-standardized",1983,"Rate",0.160509747701674,0.0736093683095453,0.278156599456361
1,"Deaths",1796,"Hampden County",25013,511,"Silicosis",1,"Male",27,"Age-standardized",1984,"Rate",0.148210186765786,0.0729813544793486,0.241529754357285
1,"Deaths",1796,"Hampden County",25013,511,"Silicosis",1,"Male",27,"Age-standardized",1985,"Rate",0.154712934645938,0.0716279807872398,0.256283181750734
1,"Deaths",1796,"Hampden County",25013,511,"Silicosis",1,"Male",27,"Age-standardized",1986,"Rate",0.146238693746332,0.0688479739904864,0.24975062085749
1,"Deaths",1796,"Hampden County",25013,511,"Silicosis",1,"Male",27,"Age-standardized",1987,"Rate",0.142116394620427,0.0683336585724909,0.243349028056242
1,"Deaths",1796,"Hampden County",25013,511,"Silicosis",1,"Male",27,"Age-standardized",1988,"Rate",0.132322120984433,0.0636633175581899,0.218948796155791
1,"Deaths",1796,"Hampden County",25013,511,"Silicosis",1,"Male",27,"Age-standardized",1989,"Rate",0.126138739796603,0.0631014934919207,0.213088431498659
1,"Deaths",1796,"Hampden County",25013,511,"Silicosis",1,"Male",27,"Age-standardized",1990,"Rate",0.112097238537874,0.0546130751491571,0.187052717150713
1,"Deaths",1796,"Hampden County",25013,511,"Silicosis",1,"Male",27,"Age-standardized",1991,"Rate",0.113778721503674,0.0582406024069382,0.193757272646006
1,"Deaths",1796,"Hampden County",25013,511,"Silicosis",1,"Male",27,"Age-standardized",1992,"Rate",0.103131820514747,0.0534264954150202,0.176596115733777
1,"Deaths",1796,"Hampden County",25013,511,"Silicosis",1,"Male",27,"Age-standardized",1993,"Rate",0.101516657807706,0.0500996964648618,0.180958989283855
1,"Deaths",1796,"Hampden County",25013,511,"Silicosis",1,"Male",27,"Age-standardized",1994,"Rate",0.099464814913412,0.0461294382545527,0.180725627019922
1,"Deaths",1796,"Hampden County",25013,511,"Silicosis",1,"Male",27,"Age-standardized",1995,"Rate",0.092375712513532,0.0445378348184592,0.164607558437304
1,"Deaths",1796,"Hampden County",25013,511,"Silicosis",1,"Male",27,"Age-standardized",1996,"Rate",0.08260443396849,0.0404877684305917,0.149826138028024
1,"Deaths",1796,"Hampden County",25013,511,"Silicosis",1,"Male",27,"Age-standardized",1997,"Rate",0.0777826691340232,0.0375705584203209,0.145476970451106
1,"Deaths",1796,"Hampden County",25013,511,"Silicosis",1,"Male",27,"Age-standardized",1998,"Rate",0.0746194820409625,0.0357560717224033,0.144564805089067
1,"Deaths",1796,"Hampden County",25013,511,"Silicosis",1,"Male",27,"Age-standardized",1999,"Rate",0.0723109183126213,0.0346389023973283,0.140979221198474
1,"Deaths",1796,"Hampden County",25013,511,"Silicosis",1,"Male",27,"Age-standardized",2000,"Rate",0.0643469067341624,0.0293599073342031,0.132662191335796
1,"Deaths",1796,"Hampden County",25013,511,"Silicosis",1,"Male",27,"Age-standardized",2001,"Rate",0.0604894642596181,0.0264133648977393,0.129145172240076
1,"Deaths",1796,"Hampden County",25013,511,"Silicosis",1,"Male",27,"Age-standardized",2002,"Rate",0.059509593086228,0.0266215659275282,0.125641434704952
1,"Deaths",1796,"Hampden County",25013,511,"Silicosis",1,"Male",27,"Age-standardized",2003,"Rate",0.0583726451028129,0.0251499810479092,0.125378039459596
1,"Deaths",1796,"Hampden County",25013,511,"Silicosis",1,"Male",27,"Age-standardized",2004,"Rate",0.0565231428491765,0.0241357713173296,0.119913477600738
1,"Deaths",1796,"Hampden County",25013,511,"Silicosis",1,"Male",27,"Age-standardized",2005,"Rate",0.0543390673161874,0.0222909288354319,0.116002786480822
1,"Deaths",1796,"Hampden County",25013,511,"Silicosis",1,"Male",27,"Age-standardized",2006,"Rate",0.0484544094557609,0.0206607744091188,0.102124011163446
1,"Deaths",1796,"Hampden County",25013,511,"Silicosis",1,"Male",27,"Age-standardized",2007,"Rate",0.0463258493379965,0.018934611252666,0.0960979859389658
1,"Deaths",1796,"Hampden County",25013,511,"Silicosis",1,"Male",27,"Age-standardized",2008,"Rate",0.0458034430038278,0.0186388744218059,0.098989505417496
1,"Deaths",1796,"Hampden County",25013,511,"Silicosis",1,"Male",27,"Age-standardized",2009,"Rate",0.0429394123026747,0.0176222141372732,0.0945103163808791
1,"Deaths",1796,"Hampden County",25013,511,"Silicosis",1,"Male",27,"Age-standardized",2010,"Rate",0.0409097000387102,0.0168936490934829,0.0888819620229118
1,"Deaths",1796,"Hampden County",25013,511,"Silicosis",1,"Male",27,"Age-standardized",2011,"Rate",0.0403753459812014,0.0152333302082515,0.0889609660961433
1,"Deaths",1796,"Hampden County",25013,511,"Silicosis",1,"Male",27,"Age-standardized",2012,"Rate",0.0408827181599268,0.0147839187529296,0.0891881817062354
1,"Deaths",1796,"Hampden County",25013,511,"Silicosis",1,"Male",27,"Age-standardized",2013,"Rate",0.0409463133486917,0.0145873636967434,0.0912960919790367
1,"Deaths",1796,"Hampden County",25013,511,"Silicosis",1,"Male",27,"Age-standardized",2014,"Rate",0.0392790370060441,0.0136573252744392,0.0976407256501253
1,"Deaths",1796,"Hampden County",25013,511,"Silicosis",2,"Female",27,"Age-standardized",1980,"Rate",0.00417884415198477,0.000980624195014116,0.0130389631957556
1,"Deaths",1796,"Hampden County",25013,511,"Silicosis",2,"Female",27,"Age-standardized",1981,"Rate",0.00413076547794293,0.000922158530254799,0.0129089417072287
1,"Deaths",1796,"Hampden County",25013,511,"Silicosis",2,"Female",27,"Age-standardized",1982,"Rate",0.00336456779363322,0.000765077609303143,0.0103392801778872
1,"Deaths",1796,"Hampden County",25013,511,"Silicosis",2,"Female",27,"Age-standardized",1983,"Rate",0.00361209457211896,0.000837496960681314,0.0111070487808113
1,"Deaths",1796,"Hampden County",25013,511,"Silicosis",2,"Female",27,"Age-standardized",1984,"Rate",0.00387580718122852,0.000884354226317935,0.0119338198437579
1,"Deaths",1796,"Hampden County",25013,511,"Silicosis",2,"Female",27,"Age-standardized",1985,"Rate",0.00379766365805278,0.000894945201269104,0.0119356752428148
1,"Deaths",1796,"Hampden County",25013,511,"Silicosis",2,"Female",27,"Age-standardized",1986,"Rate",0.00373924825276889,0.000872977554884392,0.0114633437997299
1,"Deaths",1796,"Hampden County",25013,511,"Silicosis",2,"Female",27,"Age-standardized",1987,"Rate",0.00419758352429607,0.00099687421347616,0.0127256418246142
1,"Deaths",1796,"Hampden County",25013,511,"Silicosis",2,"Female",27,"Age-standardized",1988,"Rate",0.00420660541887766,0.000975957847445821,0.0129324126901401
1,"Deaths",1796,"Hampden County",25013,511,"Silicosis",2,"Female",27,"Age-standardized",1989,"Rate",0.00398755711608406,0.000922640700432197,0.0125316198280334
1,"Deaths",1796,"Hampden County",25013,511,"Silicosis",2,"Female",27,"Age-standardized",1990,"Rate",0.00358651695983489,0.000836735414256764,0.0114085619318032
1,"Deaths",1796,"Hampden County",25013,511,"Silicosis",2,"Female",27,"Age-standardized",1991,"Rate",0.00347751591101637,0.000808092005647534,0.0106601005918446
1,"Deaths",1796,"Hampden County",25013,511,"Silicosis",2,"Female",27,"Age-standardized",1992,"Rate",0.00365719042415619,0.000885957076950036,0.01121402388801
1,"Deaths",1796,"Hampden County",25013,511,"Silicosis",2,"Female",27,"Age-standardized",1993,"Rate",0.00346200319410911,0.000805852455344174,0.0111912884510051
1,"Deaths",1796,"Hampden County",25013,511,"Silicosis",2,"Female",27,"Age-standardized",1994,"Rate",0.00352414900889076,0.000849527421267419,0.0110582481745653
1,"Deaths",1796,"Hampden County",25013,511,"Silicosis",2,"Female",27,"Age-standardized",1995,"Rate",0.00330282277670364,0.000761061949198655,0.0106517172070164
1,"Deaths",1796,"Hampden County",25013,511,"Silicosis",2,"Female",27,"Age-standardized",1996,"Rate",0.00315927114341239,0.000710900537985447,0.0100247700667522
1,"Deaths",1796,"Hampden County",25013,511,"Silicosis",2,"Female",27,"Age-standardized",1997,"Rate",0.00308006959950318,0.000697646780373721,0.00971864784732035
1,"Deaths",1796,"Hampden County",25013,511,"Silicosis",2,"Female",27,"Age-standardized",1998,"Rate",0.00273545035468868,0.000620633172275596,0.00836870395601725
1,"Deaths",1796,"Hampden County",25013,511,"Silicosis",2,"Female",27,"Age-standardized",1999,"Rate",0.0028742804415847,0.000649603132728653,0.00920668947055959
1,"Deaths",1796,"Hampden County",25013,511,"Silicosis",2,"Female",27,"Age-standardized",2000,"Rate",0.00288930767636518,0.000623824217265965,0.00918766103310801
1,"Deaths",1796,"Hampden County",25013,511,"Silicosis",2,"Female",27,"Age-standardized",2001,"Rate",0.00323225627618525,0.000699345218327445,0.0105705689201786
1,"Deaths",1796,"Hampden County",25013,511,"Silicosis",2,"Female",27,"Age-standardized",2002,"Rate",0.00358536247619417,0.000756319491330643,0.0118268674344704
1,"Deaths",1796,"Hampden County",25013,511,"Silicosis",2,"Female",27,"Age-standardized",2003,"Rate",0.00350953131119411,0.00074504157914419,0.0110338999415916
1,"Deaths",1796,"Hampden County",25013,511,"Silicosis",2,"Female",27,"Age-standardized",2004,"Rate",0.00306790463892003,0.000626972562147083,0.00985265676686685
1,"Deaths",1796,"Hampden County",25013,511,"Silicosis",2,"Female",27,"Age-standardized",2005,"Rate",0.00270253466992027,0.00053188891894843,0.00890343804083214
1,"Deaths",1796,"Hampden County",25013,511,"Silicosis",2,"Female",27,"Age-standardized",2006,"Rate",0.00283465047444521,0.000577223391063157,0.00945213728703454
1,"Deaths",1796,"Hampden County",25013,511,"Silicosis",2,"Female",27,"Age-standardized",2007,"Rate",0.00284632798993305,0.00055632547528908,0.00919527392928527
1,"Deaths",1796,"Hampden County",25013,511,"Silicosis",2,"Female",27,"Age-standardized",2008,"Rate",0.00283885004133349,0.000554697095139039,0.00875010770290938
1,"Deaths",1796,"Hampden County",25013,511,"Silicosis",2,"Female",27,"Age-standardized",2009,"Rate",0.00256390771650394,0.000484487419241358,0.00864892007379584
1,"Deaths",1796,"Hampden County",25013,511,"Silicosis",2,"Female",27,"Age-standardized",2010,"Rate",0.00242753604643028,0.000473001955107751,0.00771011555460616
1,"Deaths",1796,"Hampden County",25013,511,"Silicosis",2,"Female",27,"Age-standardized",2011,"Rate",0.00249076462734873,0.000470629710647431,0.00836964443748356
1,"Deaths",1796,"Hampden County",25013,511,"Silicosis",2,"Female",27,"Age-standardized",2012,"Rate",0.0024676211997869,0.000444189309738835,0.00805522451496136
1,"Deaths",1796,"Hampden County",25013,511,"Silicosis",2,"Female",27,"Age-standardized",2013,"Rate",0.0024646086660516,0.000425295154353254,0.00812415211040915
1,"Deaths",1796,"Hampden County",25013,511,"Silicosis",2,"Female",27,"Age-standardized",2014,"Rate",0.00244165937166059,0.000431208262725412,0.00824416243380758
1,"Deaths",1796,"Hampden County",25013,511,"Silicosis",3,"Both",27,"Age-standardized",1980,"Rate",0.0657315532435076,0.0319970927209284,0.112407499401179
1,"Deaths",1796,"Hampden County",25013,511,"Silicosis",3,"Both",27,"Age-standardized",1981,"Rate",0.0619068960224881,0.0295114011394751,0.10786447803337
1,"Deaths",1796,"Hampden County",25013,511,"Silicosis",3,"Both",27,"Age-standardized",1982,"Rate",0.0633697405777611,0.0319615179382203,0.105369845070909
1,"Deaths",1796,"Hampden County",25013,511,"Silicosis",3,"Both",27,"Age-standardized",1983,"Rate",0.0602202257409339,0.0298198612073348,0.101042465777516
1,"Deaths",1796,"Hampden County",25013,511,"Silicosis",3,"Both",27,"Age-standardized",1984,"Rate",0.0558041049337492,0.0288229436104718,0.0895074494141313
1,"Deaths",1796,"Hampden County",25013,511,"Silicosis",3,"Both",27,"Age-standardized",1985,"Rate",0.0576211379753589,0.0294337514352297,0.0926187121130077
1,"Deaths",1796,"Hampden County",25013,511,"Silicosis",3,"Both",27,"Age-standardized",1986,"Rate",0.0542250594641205,0.0273510895838062,0.0900687675062971
1,"Deaths",1796,"Hampden County",25013,511,"Silicosis",3,"Both",27,"Age-standardized",1987,"Rate",0.0529304752750291,0.0272817016509984,0.0868029262543929
1,"Deaths",1796,"Hampden County",25013,511,"Silicosis",3,"Both",27,"Age-standardized",1988,"Rate",0.0494482168302715,0.0252345015127428,0.0794602060488998
1,"Deaths",1796,"Hampden County",25013,511,"Silicosis",3,"Both",27,"Age-standardized",1989,"Rate",0.0469876617553967,0.024303346339142,0.0779567868595443
1,"Deaths",1796,"Hampden County",25013,511,"Silicosis",3,"Both",27,"Age-standardized",1990,"Rate",0.0418840644398669,0.0214297897163714,0.0680635202317052
1,"Deaths",1796,"Hampden County",25013,511,"Silicosis",3,"Both",27,"Age-standardized",1991,"Rate",0.0424365179910067,0.0223380900251614,0.0706326533996007
1,"Deaths",1796,"Hampden County",25013,511,"Silicosis",3,"Both",27,"Age-standardized",1992,"Rate",0.0388771352550381,0.0213053340413805,0.0642151203600483
1,"Deaths",1796,"Hampden County",25013,511,"Silicosis",3,"Both",27,"Age-standardized",1993,"Rate",0.038397139981348,0.0198192780503829,0.0672657259705668
1,"Deaths",1796,"Hampden County",25013,511,"Silicosis",3,"Both",27,"Age-standardized",1994,"Rate",0.0378817644390467,0.0190675845759575,0.0668274660478015
1,"Deaths",1796,"Hampden County",25013,511,"Silicosis",3,"Both",27,"Age-standardized",1995,"Rate",0.0355190500983241,0.0179835058308666,0.0618941077757265
1,"Deaths",1796,"Hampden County",25013,511,"Silicosis",3,"Both",27,"Age-standardized",1996,"Rate",0.0321249609970629,0.0166324105511025,0.0563208284835415
1,"Deaths",1796,"Hampden County",25013,511,"Silicosis",3,"Both",27,"Age-standardized",1997,"Rate",0.0306083116010459,0.015368760910705,0.0567577374485997
1,"Deaths",1796,"Hampden County",25013,511,"Silicosis",3,"Both",27,"Age-standardized",1998,"Rate",0.0293016647848959,0.0146376753556757,0.056094018974394
1,"Deaths",1796,"Hampden County",25013,511,"Silicosis",3,"Both",27,"Age-standardized",1999,"Rate",0.0288329424555848,0.0145143062814299,0.0539946922532933
1,"Deaths",1796,"Hampden County",25013,511,"Silicosis",3,"Both",27,"Age-standardized",2000,"Rate",0.0260990278580536,0.0131361925915484,0.0509082806796236
1,"Deaths",1796,"Hampden County",25013,511,"Silicosis",3,"Both",27,"Age-standardized",2001,"Rate",0.0250480240364409,0.0121238215338934,0.0516192429593792
1,"Deaths",1796,"Hampden County",25013,511,"Silicosis",3,"Both",27,"Age-standardized",2002,"Rate",0.0249901511839092,0.012346931031089,0.0506706362646165
1,"Deaths",1796,"Hampden County",25013,511,"Silicosis",3,"Both",27,"Age-standardized",2003,"Rate",0.0244148095035222,0.0115531630026638,0.0494658247719593
1,"Deaths",1796,"Hampden County",25013,511,"Silicosis",3,"Both",27,"Age-standardized",2004,"Rate",0.0236956109676202,0.0110244878443991,0.0478250086152891
1,"Deaths",1796,"Hampden County",25013,511,"Silicosis",3,"Both",27,"Age-standardized",2005,"Rate",0.0226357713483188,0.0100482185894356,0.04650471754525
1,"Deaths",1796,"Hampden County",25013,511,"Silicosis",3,"Both",27,"Age-standardized",2006,"Rate",0.0206181642009724,0.00968267868804742,0.0423186351563684
1,"Deaths",1796,"Hampden County",25013,511,"Silicosis",3,"Both",27,"Age-standardized",2007,"Rate",0.0199015161734674,0.00869367936789228,0.0404793570615233
1,"Deaths",1796,"Hampden County",25013,511,"Silicosis",3,"Both",27,"Age-standardized",2008,"Rate",0.0197499565249091,0.00882518098552112,0.0420499281942349
1,"Deaths",1796,"Hampden County",25013,511,"Silicosis",3,"Both",27,"Age-standardized",2009,"Rate",0.0185631004840392,0.00813859286370476,0.0377944209255957
1,"Deaths",1796,"Hampden County",25013,511,"Silicosis",3,"Both",27,"Age-standardized",2010,"Rate",0.0176338288288671,0.00753753217127121,0.0365298866494732
1,"Deaths",1796,"Hampden County",25013,511,"Silicosis",3,"Both",27,"Age-standardized",2011,"Rate",0.0174463895804915,0.00721921016962008,0.0376734640679104
1,"Deaths",1796,"Hampden County",25013,511,"Silicosis",3,"Both",27,"Age-standardized",2012,"Rate",0.0177098852365325,0.0072067846250894,0.0381620319968535
1,"Deaths",1796,"Hampden County",25013,511,"Silicosis",3,"Both",27,"Age-standardized",2013,"Rate",0.0178387500697558,0.00694502205879538,0.0370370245979613
1,"Deaths",1796,"Hampden County",25013,511,"Silicosis",3,"Both",27,"Age-standardized",2014,"Rate",0.0170340157224128,0.00653831306356824,0.0397557504161477
1,"Deaths",1794,"Hampshire County",25015,511,"Silicosis",1,"Male",27,"Age-standardized",1980,"Rate",0.225703509004651,0.0799309849820237,0.467724840597634
1,"Deaths",1794,"Hampshire County",25015,511,"Silicosis",1,"Male",27,"Age-standardized",1981,"Rate",0.223888237068595,0.0782197394844805,0.478528432695073
1,"Deaths",1794,"Hampshire County",25015,511,"Silicosis",1,"Male",27,"Age-standardized",1982,"Rate",0.215097460299591,0.0754604693128844,0.443737205280141
1,"Deaths",1794,"Hampshire County",25015,511,"Silicosis",1,"Male",27,"Age-standardized",1983,"Rate",0.216096781779753,0.0766423677735223,0.421500775888756
1,"Deaths",1794,"Hampshire County",25015,511,"Silicosis",1,"Male",27,"Age-standardized",1984,"Rate",0.206957488882109,0.0766105166421169,0.430180678771877
1,"Deaths",1794,"Hampshire County",25015,511,"Silicosis",1,"Male",27,"Age-standardized",1985,"Rate",0.200418889721452,0.0736243842547261,0.41342679792972
1,"Deaths",1794,"Hampshire County",25015,511,"Silicosis",1,"Male",27,"Age-standardized",1986,"Rate",0.193935462073598,0.0720242786342465,0.392699106196047
1,"Deaths",1794,"Hampshire County",25015,511,"Silicosis",1,"Male",27,"Age-standardized",1987,"Rate",0.189333344774964,0.0659403102017893,0.378738229624441
1,"Deaths",1794,"Hampshire County",25015,511,"Silicosis",1,"Male",27,"Age-standardized",1988,"Rate",0.176158748691172,0.0684667967949473,0.358396828608421
1,"Deaths",1794,"Hampshire County",25015,511,"Silicosis",1,"Male",27,"Age-standardized",1989,"Rate",0.168487479960698,0.0625291541071599,0.330893171441644
1,"Deaths",1794,"Hampshire County",25015,511,"Silicosis",1,"Male",27,"Age-standardized",1990,"Rate",0.152907419991231,0.0537821266435644,0.303197503318557
1,"Deaths",1794,"Hampshire County",25015,511,"Silicosis",1,"Male",27,"Age-standardized",1991,"Rate",0.157392592939351,0.0595260912574093,0.32691312796366
1,"Deaths",1794,"Hampshire County",25015,511,"Silicosis",1,"Male",27,"Age-standardized",1992,"Rate",0.144731586683711,0.0527403142658229,0.297014550957368
1,"Deaths",1794,"Hampshire County",25015,511,"Silicosis",1,"Male",27,"Age-standardized",1993,"Rate",0.13924688478914,0.0498535133676661,0.292688401635609
1,"Deaths",1794,"Hampshire County",25015,511,"Silicosis",1,"Male",27,"Age-standardized",1994,"Rate",0.132337716734562,0.0475644397634122,0.283744520127482
1,"Deaths",1794,"Hampshire County",25015,511,"Silicosis",1,"Male",27,"Age-standardized",1995,"Rate",0.125295009281579,0.0440123810537373,0.265452933971678
1,"Deaths",1794,"Hampshire County",25015,511,"Silicosis",1,"Male",27,"Age-standardized",1996,"Rate",0.112858261291975,0.0403973712233005,0.241914667184079
1,"Deaths",1794,"Hampshire County",25015,511,"Silicosis",1,"Male",27,"Age-standardized",1997,"Rate",0.103819507209761,0.0349281565222462,0.235947351562988
1,"Deaths",1794,"Hampshire County",25015,511,"Silicosis",1,"Male",27,"Age-standardized",1998,"Rate",0.0978306678519209,0.033161208357288,0.220723162030838
1,"Deaths",1794,"Hampshire County",25015,511,"Silicosis",1,"Male",27,"Age-standardized",1999,"Rate",0.0963691581177271,0.0339163956064991,0.226046934430764
1,"Deaths",1794,"Hampshire County",25015,511,"Silicosis",1,"Male",27,"Age-standardized",2000,"Rate",0.089776495625263,0.030737723413444,0.206981847545647
1,"Deaths",1794,"Hampshire County",25015,511,"Silicosis",1,"Male",27,"Age-standardized",2001,"Rate",0.0836239641489848,0.0268359899634093,0.195301500572612
1,"Deaths",1794,"Hampshire County",25015,511,"Silicosis",1,"Male",27,"Age-standardized",2002,"Rate",0.0858119940913279,0.0268763383272196,0.209941789076226
1,"Deaths",1794,"Hampshire County",25015,511,"Silicosis",1,"Male",27,"Age-standardized",2003,"Rate",0.0841333660487567,0.0262044393889347,0.214286125628986
1,"Deaths",1794,"Hampshire County",25015,511,"Silicosis",1,"Male",27,"Age-standardized",2004,"Rate",0.0774229933411927,0.023864646154325,0.184458593918521
1,"Deaths",1794,"Hampshire County",25015,511,"Silicosis",1,"Male",27,"Age-standardized",2005,"Rate",0.0777574213737915,0.0228425654533071,0.20018748960221
1,"Deaths",1794,"Hampshire County",25015,511,"Silicosis",1,"Male",27,"Age-standardized",2006,"Rate",0.0710238450565421,0.0218601297804163,0.172450920883436
1,"Deaths",1794,"Hampshire County",25015,511,"Silicosis",1,"Male",27,"Age-standardized",2007,"Rate",0.0721405451939843,0.0199741499649724,0.181061825648033
1,"Deaths",1794,"Hampshire County",25015,511,"Silicosis",1,"Male",27,"Age-standardized",2008,"Rate",0.0688921989687921,0.0196172419157162,0.180635076743767
1,"Deaths",1794,"Hampshire County",25015,511,"Silicosis",1,"Male",27,"Age-standardized",2009,"Rate",0.0658453498213443,0.0189895597488674,0.162757006753273
1,"Deaths",1794,"Hampshire County",25015,511,"Silicosis",1,"Male",27,"Age-standardized",2010,"Rate",0.0631671811362824,0.0170997682073649,0.170718799953984
1,"Deaths",1794,"Hampshire County",25015,511,"Silicosis",1,"Male",27,"Age-standardized",2011,"Rate",0.0606497482628864,0.0169258334503153,0.157070370702502
1,"Deaths",1794,"Hampshire County",25015,511,"Silicosis",1,"Male",27,"Age-standardized",2012,"Rate",0.0589921878104175,0.0152810591823186,0.154641976813527
1,"Deaths",1794,"Hampshire County",25015,511,"Silicosis",1,"Male",27,"Age-standardized",2013,"Rate",0.0593034452616256,0.0152742043860093,0.153389519219092
1,"Deaths",1794,"Hampshire County",25015,511,"Silicosis",1,"Male",27,"Age-standardized",2014,"Rate",0.0639700374518491,0.0143041425625682,0.187665448931563
1,"Deaths",1794,"Hampshire County",25015,511,"Silicosis",2,"Female",27,"Age-standardized",1980,"Rate",0.00459603251136466,0.000692492499733592,0.0162337267217312
1,"Deaths",1794,"Hampshire County",25015,511,"Silicosis",2,"Female",27,"Age-standardized",1981,"Rate",0.00443552579760888,0.000643211560765129,0.0170163054259155
1,"Deaths",1794,"Hampshire County",25015,511,"Silicosis",2,"Female",27,"Age-standardized",1982,"Rate",0.00375054020571857,0.000566745448647303,0.0133893679851946
1,"Deaths",1794,"Hampshire County",25015,511,"Silicosis",2,"Female",27,"Age-standardized",1983,"Rate",0.00387000018878193,0.00059422722956709,0.0140707223875532
1,"Deaths",1794,"Hampshire County",25015,511,"Silicosis",2,"Female",27,"Age-standardized",1984,"Rate",0.00407397848775863,0.000637549401407969,0.014702829412589
1,"Deaths",1794,"Hampshire County",25015,511,"Silicosis",2,"Female",27,"Age-standardized",1985,"Rate",0.00402487714497906,0.000600467690561937,0.0139456587219253
1,"Deaths",1794,"Hampshire County",25015,511,"Silicosis",2,"Female",27,"Age-standardized",1986,"Rate",0.00385653749529134,0.000554023797576428,0.0135073505499345
1,"Deaths",1794,"Hampshire County",25015,511,"Silicosis",2,"Female",27,"Age-standardized",1987,"Rate",0.00431588149226182,0.000636129790736809,0.0148712090746607
1,"Deaths",1794,"Hampshire County",25015,511,"Silicosis",2,"Female",27,"Age-standardized",1988,"Rate",0.00422651584008836,0.00060091832875469,0.0155014219375644
1,"Deaths",1794,"Hampshire County",25015,511,"Silicosis",2,"Female",27,"Age-standardized",1989,"Rate",0.00416987712257463,0.000586367481554937,0.0147983602958818
1,"Deaths",1794,"Hampshire County",25015,511,"Silicosis",2,"Female",27,"Age-standardized",1990,"Rate",0.00370372578720155,0.000536498868016088,0.0128235430900888
1,"Deaths",1794,"Hampshire County",25015,511,"Silicosis",2,"Female",27,"Age-standardized",1991,"Rate",0.00349312132023332,0.000518000885665152,0.0124392105126721
1,"Deaths",1794,"Hampshire County",25015,511,"Silicosis",2,"Female",27,"Age-standardized",1992,"Rate",0.00371488068713507,0.000513970500561374,0.0128006722792796
1,"Deaths",1794,"Hampshire County",25015,511,"Silicosis",2,"Female",27,"Age-standardized",1993,"Rate",0.0035296025028254,0.000468133789519771,0.012572484020754
1,"Deaths",1794,"Hampshire County",25015,511,"Silicosis",2,"Female",27,"Age-standardized",1994,"Rate",0.00356486390721452,0.000467651752482379,0.0125268898720206
1,"Deaths",1794,"Hampshire County",25015,511,"Silicosis",2,"Female",27,"Age-standardized",1995,"Rate",0.00335711042041768,0.000456654229300764,0.0118386688629695
1,"Deaths",1794,"Hampshire County",25015,511,"Silicosis",2,"Female",27,"Age-standardized",1996,"Rate",0.00319680796383054,0.000428439881908026,0.0116880234968131
1,"Deaths",1794,"Hampshire County",25015,511,"Silicosis",2,"Female",27,"Age-standardized",1997,"Rate",0.00308461382348814,0.000402492840606115,0.011618262114095
1,"Deaths",1794,"Hampshire County",25015,511,"Silicosis",2,"Female",27,"Age-standardized",1998,"Rate",0.00272239543151695,0.000355626697503713,0.00999008809507959
1,"Deaths",1794,"Hampshire County",25015,511,"Silicosis",2,"Female",27,"Age-standardized",1999,"Rate",0.00292468177200853,0.000374954647392928,0.0114082042859602
1,"Deaths",1794,"Hampshire County",25015,511,"Silicosis",2,"Female",27,"Age-standardized",2000,"Rate",0.00292544535114249,0.000372640270466205,0.0112091377727729
1,"Deaths",1794,"Hampshire County",25015,511,"Silicosis",2,"Female",27,"Age-standardized",2001,"Rate",0.00326051874387884,0.000425572477047266,0.0124325625400348
1,"Deaths",1794,"Hampshire County",25015,511,"Silicosis",2,"Female",27,"Age-standardized",2002,"Rate",0.00372888035419904,0.000464891817608427,0.0146641403649567
1,"Deaths",1794,"Hampshire County",25015,511,"Silicosis",2,"Female",27,"Age-standardized",2003,"Rate",0.00365149310398439,0.000437550177954519,0.0142347182123094
1,"Deaths",1794,"Hampshire County",25015,511,"Silicosis",2,"Female",27,"Age-standardized",2004,"Rate",0.00321424553620765,0.000375693529664227,0.0125622267322528
1,"Deaths",1794,"Hampshire County",25015,511,"Silicosis",2,"Female",27,"Age-standardized",2005,"Rate",0.00290794648713766,0.000351650954846663,0.011068650244807
1,"Deaths",1794,"Hampshire County",25015,511,"Silicosis",2,"Female",27,"Age-standardized",2006,"Rate",0.00298392197178273,0.000345886675122532,0.0119543521185518
1,"Deaths",1794,"Hampshire County",25015,511,"Silicosis",2,"Female",27,"Age-standardized",2007,"Rate",0.00305858219484992,0.000367840306421425,0.011124030615062
1,"Deaths",1794,"Hampshire County",25015,511,"Silicosis",2,"Female",27,"Age-standardized",2008,"Rate",0.00306703355010711,0.000343367784643806,0.011885087023319
1,"Deaths",1794,"Hampshire County",25015,511,"Silicosis",2,"Female",27,"Age-standardized",2009,"Rate",0.00277241107910672,0.000314540798946015,0.0104906999193699
1,"Deaths",1794,"Hampshire County",25015,511,"Silicosis",2,"Female",27,"Age-standardized",2010,"Rate",0.00264773087070207,0.000291631451124156,0.0109720273684517
1,"Deaths",1794,"Hampshire County",25015,511,"Silicosis",2,"Female",27,"Age-standardized",2011,"Rate",0.00269098379423097,0.000277461476508732,0.0109850473836988
1,"Deaths",1794,"Hampshire County",25015,511,"Silicosis",2,"Female",27,"Age-standardized",2012,"Rate",0.00265469481579903,0.000275223376006886,0.0110098956514401
1,"Deaths",1794,"Hampshire County",25015,511,"Silicosis",2,"Female",27,"Age-standardized",2013,"Rate",0.0026431216937777,0.000266196805309436,0.0103199213461489
1,"Deaths",1794,"Hampshire County",25015,511,"Silicosis",2,"Female",27,"Age-standardized",2014,"Rate",0.00263113709612458,0.000267333668094723,0.0105351072456193
1,"Deaths",1794,"Hampshire County",25015,511,"Silicosis",3,"Both",27,"Age-standardized",1980,"Rate",0.0882226810856968,0.0328989065119137,0.178455121319379
1,"Deaths",1794,"Hampshire County",25015,511,"Silicosis",3,"Both",27,"Age-standardized",1981,"Rate",0.0868298665524591,0.0316852688634994,0.180142218658212
1,"Deaths",1794,"Hampshire County",25015,511,"Silicosis",3,"Both",27,"Age-standardized",1982,"Rate",0.082795090417165,0.0306400705737128,0.167592205027599
1,"Deaths",1794,"Hampshire County",25015,511,"Silicosis",3,"Both",27,"Age-standardized",1983,"Rate",0.0827863519335953,0.0306878235148097,0.157366180683096
1,"Deaths",1794,"Hampshire County",25015,511,"Silicosis",3,"Both",27,"Age-standardized",1984,"Rate",0.0793964634818584,0.0311034451119887,0.158803189890873
1,"Deaths",1794,"Hampshire County",25015,511,"Silicosis",3,"Both",27,"Age-standardized",1985,"Rate",0.0764501617306454,0.0301086834300692,0.155930956269409
1,"Deaths",1794,"Hampshire County",25015,511,"Silicosis",3,"Both",27,"Age-standardized",1986,"Rate",0.0735178930762049,0.0286549332390089,0.145163692382344
1,"Deaths",1794,"Hampshire County",25015,511,"Silicosis",3,"Both",27,"Age-standardized",1987,"Rate",0.0720102524383925,0.0268778111917216,0.138981738003862
1,"Deaths",1794,"Hampshire County",25015,511,"Silicosis",3,"Both",27,"Age-standardized",1988,"Rate",0.0671631545557825,0.0273670121599913,0.13200981867755
1,"Deaths",1794,"Hampshire County",25015,511,"Silicosis",3,"Both",27,"Age-standardized",1989,"Rate",0.0641547700281896,0.0254588623047431,0.122017447725258
1,"Deaths",1794,"Hampshire County",25015,511,"Silicosis",3,"Both",27,"Age-standardized",1990,"Rate",0.058292930521283,0.0220810478814276,0.112775420377595
1,"Deaths",1794,"Hampshire County",25015,511,"Silicosis",3,"Both",27,"Age-standardized",1991,"Rate",0.059537853855338,0.0240528682590705,0.120910162254946
1,"Deaths",1794,"Hampshire County",25015,511,"Silicosis",3,"Both",27,"Age-standardized",1992,"Rate",0.0550101485620147,0.0214043537957238,0.113349341008613
1,"Deaths",1794,"Hampshire County",25015,511,"Silicosis",3,"Both",27,"Age-standardized",1993,"Rate",0.0530279684661496,0.0200565723269868,0.107743197390221
1,"Deaths",1794,"Hampshire County",25015,511,"Silicosis",3,"Both",27,"Age-standardized",1994,"Rate",0.050720314038574,0.0196751734545615,0.104756637631478
1,"Deaths",1794,"Hampshire County",25015,511,"Silicosis",3,"Both",27,"Age-standardized",1995,"Rate",0.0482285951738094,0.0182410668609395,0.0981890155821026
1,"Deaths",1794,"Hampshire County",25015,511,"Silicosis",3,"Both",27,"Age-standardized",1996,"Rate",0.0438026543028965,0.0168664712728294,0.0918120870129305
1,"Deaths",1794,"Hampshire County",25015,511,"Silicosis",3,"Both",27,"Age-standardized",1997,"Rate",0.0407067020516672,0.0145915875703971,0.0895665111910627
1,"Deaths",1794,"Hampshire County",25015,511,"Silicosis",3,"Both",27,"Age-standardized",1998,"Rate",0.0382920750043784,0.0144662297240613,0.0847183474961711
1,"Deaths",1794,"Hampshire County",25015,511,"Silicosis",3,"Both",27,"Age-standardized",1999,"Rate",0.0381958734879689,0.0143682017117492,0.0859192802086731
1,"Deaths",1794,"Hampshire County",25015,511,"Silicosis",3,"Both",27,"Age-standardized",2000,"Rate",0.0359697651139496,0.0129204653206889,0.0803748135473764
1,"Deaths",1794,"Hampshire County",25015,511,"Silicosis",3,"Both",27,"Age-standardized",2001,"Rate",0.0339330315589247,0.0121108164546227,0.0752134782113013
1,"Deaths",1794,"Hampshire County",25015,511,"Silicosis",3,"Both",27,"Age-standardized",2002,"Rate",0.0353423989429522,0.0125316048830387,0.08075452192556
1,"Deaths",1794,"Hampshire County",25015,511,"Silicosis",3,"Both",27,"Age-standardized",2003,"Rate",0.0347637731829757,0.0123414210934701,0.0832268627586581
1,"Deaths",1794,"Hampshire County",25015,511,"Silicosis",3,"Both",27,"Age-standardized",2004,"Rate",0.0321760429464706,0.0108235958603942,0.0765678602190504
1,"Deaths",1794,"Hampshire County",25015,511,"Silicosis",3,"Both",27,"Age-standardized",2005,"Rate",0.0321241515225245,0.0103888749506509,0.0792255842329331
1,"Deaths",1794,"Hampshire County",25015,511,"Silicosis",3,"Both",27,"Age-standardized",2006,"Rate",0.0297928950656561,0.0103244358902125,0.0704830504566594
1,"Deaths",1794,"Hampshire County",25015,511,"Silicosis",3,"Both",27,"Age-standardized",2007,"Rate",0.0304399078121586,0.00965018120190879,0.0755345265875211
1,"Deaths",1794,"Hampshire County",25015,511,"Silicosis",3,"Both",27,"Age-standardized",2008,"Rate",0.0291874126863068,0.00986061037566523,0.0725265372240755
1,"Deaths",1794,"Hampshire County",25015,511,"Silicosis",3,"Both",27,"Age-standardized",2009,"Rate",0.0279520814068194,0.00912621376385265,0.0680774959421052
1,"Deaths",1794,"Hampshire County",25015,511,"Silicosis",3,"Both",27,"Age-standardized",2010,"Rate",0.0269085484733923,0.00827166085515071,0.0704218699277547
1,"Deaths",1794,"Hampshire County",25015,511,"Silicosis",3,"Both",27,"Age-standardized",2011,"Rate",0.0259381054627062,0.008030348545881,0.0651701713247187
1,"Deaths",1794,"Hampshire County",25015,511,"Silicosis",3,"Both",27,"Age-standardized",2012,"Rate",0.0254154134654011,0.00776014732670693,0.0627696957685092
1,"Deaths",1794,"Hampshire County",25015,511,"Silicosis",3,"Both",27,"Age-standardized",2013,"Rate",0.0256700333550249,0.00732417236689755,0.0665710433421122
1,"Deaths",1794,"Hampshire County",25015,511,"Silicosis",3,"Both",27,"Age-standardized",2014,"Rate",0.0272716465472295,0.00717579462608612,0.0755208256751007
1,"Deaths",1792,"Middlesex County",25017,511,"Silicosis",1,"Male",27,"Age-standardized",1980,"Rate",0.114512466996673,0.0452346459176131,0.206624333744418
1,"Deaths",1792,"Middlesex County",25017,511,"Silicosis",1,"Male",27,"Age-standardized",1981,"Rate",0.100456746906756,0.0413922716054997,0.179063844698593
1,"Deaths",1792,"Middlesex County",25017,511,"Silicosis",1,"Male",27,"Age-standardized",1982,"Rate",0.0981217278291312,0.0429582155531067,0.174871749171465
1,"Deaths",1792,"Middlesex County",25017,511,"Silicosis",1,"Male",27,"Age-standardized",1983,"Rate",0.0975188321096223,0.0408349212789125,0.167939838474147
1,"Deaths",1792,"Middlesex County",25017,511,"Silicosis",1,"Male",27,"Age-standardized",1984,"Rate",0.0868799990963287,0.0365083641246869,0.154239479475124
1,"Deaths",1792,"Middlesex County",25017,511,"Silicosis",1,"Male",27,"Age-standardized",1985,"Rate",0.0847839306685304,0.0379001355990034,0.141396312872067
1,"Deaths",1792,"Middlesex County",25017,511,"Silicosis",1,"Male",27,"Age-standardized",1986,"Rate",0.0802940031273898,0.0357266600866993,0.139418261699167
1,"Deaths",1792,"Middlesex County",25017,511,"Silicosis",1,"Male",27,"Age-standardized",1987,"Rate",0.0795029508229926,0.0370560884688354,0.132824714431819
1,"Deaths",1792,"Middlesex County",25017,511,"Silicosis",1,"Male",27,"Age-standardized",1988,"Rate",0.0686235079587705,0.0318176739060498,0.116823163934945
1,"Deaths",1792,"Middlesex County",25017,511,"Silicosis",1,"Male",27,"Age-standardized",1989,"Rate",0.0688727175630982,0.032037049330883,0.119139404675351
1,"Deaths",1792,"Middlesex County",25017,511,"Silicosis",1,"Male",27,"Age-standardized",1990,"Rate",0.0609991601182469,0.0302115552419045,0.108799746276949
1,"Deaths",1792,"Middlesex County",25017,511,"Silicosis",1,"Male",27,"Age-standardized",1991,"Rate",0.0584377818899314,0.0305761721887269,0.0959793395564443
1,"Deaths",1792,"Middlesex County",25017,511,"Silicosis",1,"Male",27,"Age-standardized",1992,"Rate",0.0586314862776219,0.0294665133229583,0.105345934219132
1,"Deaths",1792,"Middlesex County",25017,511,"Silicosis",1,"Male",27,"Age-standardized",1993,"Rate",0.053409446765221,0.0278555500428627,0.093761483776051
1,"Deaths",1792,"Middlesex County",25017,511,"Silicosis",1,"Male",27,"Age-standardized",1994,"Rate",0.0529566606708583,0.0272051465485557,0.0968403036927352
1,"Deaths",1792,"Middlesex County",25017,511,"Silicosis",1,"Male",27,"Age-standardized",1995,"Rate",0.0480181410391108,0.0245432438209086,0.0895365523185396
1,"Deaths",1792,"Middlesex County",25017,511,"Silicosis",1,"Male",27,"Age-standardized",1996,"Rate",0.0450069826751359,0.0225822836128217,0.083548576425074
1,"Deaths",1792,"Middlesex County",25017,511,"Silicosis",1,"Male",27,"Age-standardized",1997,"Rate",0.0412904403929086,0.0205068762253038,0.0784264544900121
1,"Deaths",1792,"Middlesex County",25017,511,"Silicosis",1,"Male",27,"Age-standardized",1998,"Rate",0.0404541866712398,0.0194985061554423,0.0799605161766336
1,"Deaths",1792,"Middlesex County",25017,511,"Silicosis",1,"Male",27,"Age-standardized",1999,"Rate",0.0395015207768385,0.0194168813594145,0.0762572134577504
1,"Deaths",1792,"Middlesex County",25017,511,"Silicosis",1,"Male",27,"Age-standardized",2000,"Rate",0.0350643298295875,0.0169346482400676,0.0756814373153429
1,"Deaths",1792,"Middlesex County",25017,511,"Silicosis",1,"Male",27,"Age-standardized",2001,"Rate",0.0335462547087958,0.0156745381334355,0.0736739951863318
1,"Deaths",1792,"Middlesex County",25017,511,"Silicosis",1,"Male",27,"Age-standardized",2002,"Rate",0.0316130920935245,0.0144451382061153,0.0671277210562879
1,"Deaths",1792,"Middlesex County",25017,511,"Silicosis",1,"Male",27,"Age-standardized",2003,"Rate",0.0338568546070209,0.015898998537091,0.0736084500370836
1,"Deaths",1792,"Middlesex County",25017,511,"Silicosis",1,"Male",27,"Age-standardized",2004,"Rate",0.0306268772196495,0.0144330032095824,0.0651145724101034
1,"Deaths",1792,"Middlesex County",25017,511,"Silicosis",1,"Male",27,"Age-standardized",2005,"Rate",0.0301345844346405,0.013700125584886,0.0669885928119704
1,"Deaths",1792,"Middlesex County",25017,511,"Silicosis",1,"Male",27,"Age-standardized",2006,"Rate",0.0281919638727064,0.0124817428252374,0.062504749023863
1,"Deaths",1792,"Middlesex County",25017,511,"Silicosis",1,"Male",27,"Age-standardized",2007,"Rate",0.0280097507683859,0.0126456261616597,0.0601552525546348
1,"Deaths",1792,"Middlesex County",25017,511,"Silicosis",1,"Male",27,"Age-standardized",2008,"Rate",0.0287439521962087,0.0123868075342981,0.0638641828553261
1,"Deaths",1792,"Middlesex County",25017,511,"Silicosis",1,"Male",27,"Age-standardized",2009,"Rate",0.0248246716857813,0.0107228521832783,0.0533552203102486
1,"Deaths",1792,"Middlesex County",25017,511,"Silicosis",1,"Male",27,"Age-standardized",2010,"Rate",0.0247742381374104,0.00975293543328065,0.0545924895068918
1,"Deaths",1792,"Middlesex County",25017,511,"Silicosis",1,"Male",27,"Age-standardized",2011,"Rate",0.0245947729506501,0.009490593028119,0.0549835395778074
1,"Deaths",1792,"Middlesex County",25017,511,"Silicosis",1,"Male",27,"Age-standardized",2012,"Rate",0.0240851047926467,0.00964888491079428,0.0534896690667113
1,"Deaths",1792,"Middlesex County",25017,511,"Silicosis",1,"Male",27,"Age-standardized",2013,"Rate",0.0243173157704582,0.00945898586947748,0.0537757756419794
1,"Deaths",1792,"Middlesex County",25017,511,"Silicosis",1,"Male",27,"Age-standardized",2014,"Rate",0.0240640815337449,0.0088525566953761,0.0569768580801472
1,"Deaths",1792,"Middlesex County",25017,511,"Silicosis",2,"Female",27,"Age-standardized",1980,"Rate",0.00231509180032841,0.000533572011395182,0.00682226775025523
1,"Deaths",1792,"Middlesex County",25017,511,"Silicosis",2,"Female",27,"Age-standardized",1981,"Rate",0.00228273572136074,0.000469439273462312,0.00687450909888376
1,"Deaths",1792,"Middlesex County",25017,511,"Silicosis",2,"Female",27,"Age-standardized",1982,"Rate",0.00186457313654106,0.000406115698465174,0.00550781608832311
1,"Deaths",1792,"Middlesex County",25017,511,"Silicosis",2,"Female",27,"Age-standardized",1983,"Rate",0.00195421405148725,0.000432772456543632,0.00573305733467412
1,"Deaths",1792,"Middlesex County",25017,511,"Silicosis",2,"Female",27,"Age-standardized",1984,"Rate",0.00211121120772128,0.000491643290306252,0.00626180171227594
1,"Deaths",1792,"Middlesex County",25017,511,"Silicosis",2,"Female",27,"Age-standardized",1985,"Rate",0.00210242315611134,0.000476582656773694,0.00623707188857602
1,"Deaths",1792,"Middlesex County",25017,511,"Silicosis",2,"Female",27,"Age-standardized",1986,"Rate",0.00201624145482309,0.000460564910213016,0.00607605885608927
1,"Deaths",1792,"Middlesex County",25017,511,"Silicosis",2,"Female",27,"Age-standardized",1987,"Rate",0.00226000669603102,0.000562546165040047,0.00659129834812527
1,"Deaths",1792,"Middlesex County",25017,511,"Silicosis",2,"Female",27,"Age-standardized",1988,"Rate",0.00223715145378227,0.000518877870480827,0.00656595512408913
1,"Deaths",1792,"Middlesex County",25017,511,"Silicosis",2,"Female",27,"Age-standardized",1989,"Rate",0.00213761156901914,0.000493770620614745,0.00615353876268254
1,"Deaths",1792,"Middlesex County",25017,511,"Silicosis",2,"Female",27,"Age-standardized",1990,"Rate",0.00194658606902938,0.000460856150846964,0.00574838370671442
1,"Deaths",1792,"Middlesex County",25017,511,"Silicosis",2,"Female",27,"Age-standardized",1991,"Rate",0.00185371320384919,0.000430106073017005,0.0053705702086213
1,"Deaths",1792,"Middlesex County",25017,511,"Silicosis",2,"Female",27,"Age-standardized",1992,"Rate",0.00188592074430602,0.000416788671165947,0.00544852919178404
1,"Deaths",1792,"Middlesex County",25017,511,"Silicosis",2,"Female",27,"Age-standardized",1993,"Rate",0.00184649363514238,0.00041628151294587,0.00570407802243155
1,"Deaths",1792,"Middlesex County",25017,511,"Silicosis",2,"Female",27,"Age-standardized",1994,"Rate",0.00184753080940445,0.000418024706011497,0.00554008678039693
1,"Deaths",1792,"Middlesex County",25017,511,"Silicosis",2,"Female",27,"Age-standardized",1995,"Rate",0.00174889395311564,0.000389562957618497,0.00507496702357332
1,"Deaths",1792,"Middlesex County",25017,511,"Silicosis",2,"Female",27,"Age-standardized",1996,"Rate",0.00163041114961604,0.000376156280766309,0.00513488151799642
1,"Deaths",1792,"Middlesex County",25017,511,"Silicosis",2,"Female",27,"Age-standardized",1997,"Rate",0.00155700602675281,0.000346573384047164,0.00465392085997893
1,"Deaths",1792,"Middlesex County",25017,511,"Silicosis",2,"Female",27,"Age-standardized",1998,"Rate",0.00142445482629099,0.000317134583967307,0.00426470698048419
1,"Deaths",1792,"Middlesex County",25017,511,"Silicosis",2,"Female",27,"Age-standardized",1999,"Rate",0.00146111222780301,0.000311251350816222,0.00435935567573269
1,"Deaths",1792,"Middlesex County",25017,511,"Silicosis",2,"Female",27,"Age-standardized",2000,"Rate",0.00148864909569021,0.000318464487595891,0.0046000151161809
1,"Deaths",1792,"Middlesex County",25017,511,"Silicosis",2,"Female",27,"Age-standardized",2001,"Rate",0.00160312429054051,0.000356586466049051,0.00496021457809151
1,"Deaths",1792,"Middlesex County",25017,511,"Silicosis",2,"Female",27,"Age-standardized",2002,"Rate",0.00176263532023318,0.000375958113683096,0.00554035661860651
1,"Deaths",1792,"Middlesex County",25017,511,"Silicosis",2,"Female",27,"Age-standardized",2003,"Rate",0.00169765505168582,0.000347304961899684,0.00524623272441324
1,"Deaths",1792,"Middlesex County",25017,511,"Silicosis",2,"Female",27,"Age-standardized",2004,"Rate",0.00149942279799469,0.000308266042773881,0.00456072849479128
1,"Deaths",1792,"Middlesex County",25017,511,"Silicosis",2,"Female",27,"Age-standardized",2005,"Rate",0.00134784318212354,0.000270060591144515,0.0042315795299521
1,"Deaths",1792,"Middlesex County",25017,511,"Silicosis",2,"Female",27,"Age-standardized",2006,"Rate",0.00137302834615355,0.000259523854336395,0.00424733783492269
1,"Deaths",1792,"Middlesex County",25017,511,"Silicosis",2,"Female",27,"Age-standardized",2007,"Rate",0.00139011047833744,0.000268337007418051,0.00430029798272436
1,"Deaths",1792,"Middlesex County",25017,511,"Silicosis",2,"Female",27,"Age-standardized",2008,"Rate",0.00138363188619074,0.00025476421924705,0.00452807334972703
1,"Deaths",1792,"Middlesex County",25017,511,"Silicosis",2,"Female",27,"Age-standardized",2009,"Rate",0.00125016069870591,0.000219913854163987,0.00401211985151849
1,"Deaths",1792,"Middlesex County",25017,511,"Silicosis",2,"Female",27,"Age-standardized",2010,"Rate",0.00121096692463319,0.000211268174219517,0.00409516898853369
1,"Deaths",1792,"Middlesex County",25017,511,"Silicosis",2,"Female",27,"Age-standardized",2011,"Rate",0.00121033838397606,0.000199785239509436,0.00394795158547028
1,"Deaths",1792,"Middlesex County",25017,511,"Silicosis",2,"Female",27,"Age-standardized",2012,"Rate",0.00117887546607447,0.000195274437228802,0.00395428311847003
1,"Deaths",1792,"Middlesex County",25017,511,"Silicosis",2,"Female",27,"Age-standardized",2013,"Rate",0.00115321264208852,0.000181199296649836,0.00401506474126914
1,"Deaths",1792,"Middlesex County",25017,511,"Silicosis",2,"Female",27,"Age-standardized",2014,"Rate",0.0011342974846584,0.000174280821409736,0.00388846712517812
1,"Deaths",1792,"Middlesex County",25017,511,"Silicosis",3,"Both",27,"Age-standardized",1980,"Rate",0.0427715654197135,0.0182461541214346,0.0744804144948828
1,"Deaths",1792,"Middlesex County",25017,511,"Silicosis",3,"Both",27,"Age-standardized",1981,"Rate",0.03733487122316,0.0168672137027389,0.0648636206288892
1,"Deaths",1792,"Middlesex County",25017,511,"Silicosis",3,"Both",27,"Age-standardized",1982,"Rate",0.0360813784687473,0.0164153306719664,0.0621549017161783
1,"Deaths",1792,"Middlesex County",25017,511,"Silicosis",3,"Both",27,"Age-standardized",1983,"Rate",0.0357242673480844,0.016437518570053,0.0595507843072734
1,"Deaths",1792,"Middlesex County",25017,511,"Silicosis",3,"Both",27,"Age-standardized",1984,"Rate",0.0320443208981172,0.0141085774347504,0.0559433841029941
1,"Deaths",1792,"Middlesex County",25017,511,"Silicosis",3,"Both",27,"Age-standardized",1985,"Rate",0.0310701005759319,0.0150570700772862,0.0505851450958157
1,"Deaths",1792,"Middlesex County",25017,511,"Silicosis",3,"Both",27,"Age-standardized",1986,"Rate",0.0292541674674933,0.0140502325944725,0.0491595758223515
1,"Deaths",1792,"Middlesex County",25017,511,"Silicosis",3,"Both",27,"Age-standardized",1987,"Rate",0.0290777772279779,0.0144979996318859,0.0478618865748286
1,"Deaths",1792,"Middlesex County",25017,511,"Silicosis",3,"Both",27,"Age-standardized",1988,"Rate",0.0253215127181315,0.0125717659318154,0.0426423610744362
1,"Deaths",1792,"Middlesex County",25017,511,"Silicosis",3,"Both",27,"Age-standardized",1989,"Rate",0.0252790520117129,0.0124609981617395,0.043339729617028
1,"Deaths",1792,"Middlesex County",25017,511,"Silicosis",3,"Both",27,"Age-standardized",1990,"Rate",0.0225227605487272,0.0117199527247971,0.0388380481360833
1,"Deaths",1792,"Middlesex County",25017,511,"Silicosis",3,"Both",27,"Age-standardized",1991,"Rate",0.0215746294339735,0.0115520295382664,0.0347238237018234
1,"Deaths",1792,"Middlesex County",25017,511,"Silicosis",3,"Both",27,"Age-standardized",1992,"Rate",0.0217133824105103,0.0113193922676483,0.0381672663920548
1,"Deaths",1792,"Middlesex County",25017,511,"Silicosis",3,"Both",27,"Age-standardized",1993,"Rate",0.0199940956307783,0.0107321136119064,0.0353772885171745
1,"Deaths",1792,"Middlesex County",25017,511,"Silicosis",3,"Both",27,"Age-standardized",1994,"Rate",0.0199274036437517,0.0107408102850659,0.0352251763775783
1,"Deaths",1792,"Middlesex County",25017,511,"Silicosis",3,"Both",27,"Age-standardized",1995,"Rate",0.0182222593617929,0.00955825121571971,0.0328249951528403
1,"Deaths",1792,"Middlesex County",25017,511,"Silicosis",3,"Both",27,"Age-standardized",1996,"Rate",0.0172217482153118,0.00867606411778845,0.0310685115069264
1,"Deaths",1792,"Middlesex County",25017,511,"Silicosis",3,"Both",27,"Age-standardized",1997,"Rate",0.0160252411210807,0.00839524073899463,0.0303585614672075
1,"Deaths",1792,"Middlesex County",25017,511,"Silicosis",3,"Both",27,"Age-standardized",1998,"Rate",0.0156454041832802,0.00791390484564638,0.0299523714359387
1,"Deaths",1792,"Middlesex County",25017,511,"Silicosis",3,"Both",27,"Age-standardized",1999,"Rate",0.0155077634579676,0.00808733100658587,0.0286525236679632
1,"Deaths",1792,"Middlesex County",25017,511,"Silicosis",3,"Both",27,"Age-standardized",2000,"Rate",0.014040275416725,0.00708278812425428,0.0283547697125963
1,"Deaths",1792,"Middlesex County",25017,511,"Silicosis",3,"Both",27,"Age-standardized",2001,"Rate",0.0136667120743951,0.00675654041577278,0.028417683988175
1,"Deaths",1792,"Middlesex County",25017,511,"Silicosis",3,"Both",27,"Age-standardized",2002,"Rate",0.0131219723184341,0.00664679960693922,0.0259045552191742
1,"Deaths",1792,"Middlesex County",25017,511,"Silicosis",3,"Both",27,"Age-standardized",2003,"Rate",0.0139867147548507,0.0067124703509116,0.0289891033925999
1,"Deaths",1792,"Middlesex County",25017,511,"Silicosis",3,"Both",27,"Age-standardized",2004,"Rate",0.0127440669767841,0.00618090241287875,0.0256145413025196
1,"Deaths",1792,"Middlesex County",25017,511,"Silicosis",3,"Both",27,"Age-standardized",2005,"Rate",0.012548460997296,0.00584907554849302,0.025733138478869
1,"Deaths",1792,"Middlesex County",25017,511,"Silicosis",3,"Both",27,"Age-standardized",2006,"Rate",0.0119697458775549,0.00555137826277468,0.0249235911097005
1,"Deaths",1792,"Middlesex County",25017,511,"Silicosis",3,"Both",27,"Age-standardized",2007,"Rate",0.0119633381251187,0.00550329470885823,0.0239850293920556
1,"Deaths",1792,"Middlesex County",25017,511,"Silicosis",3,"Both",27,"Age-standardized",2008,"Rate",0.012310837462274,0.0056099548309102,0.0259561467612801
1,"Deaths",1792,"Middlesex County",25017,511,"Silicosis",3,"Both",27,"Age-standardized",2009,"Rate",0.0107371435711999,0.00481472352145813,0.0219467169182788
1,"Deaths",1792,"Middlesex County",25017,511,"Silicosis",3,"Both",27,"Age-standardized",2010,"Rate",0.0107123465164768,0.00445929555984597,0.0228108912365434
1,"Deaths",1792,"Middlesex County",25017,511,"Silicosis",3,"Both",27,"Age-standardized",2011,"Rate",0.0106610162663002,0.00437320806635031,0.0227078295405464
1,"Deaths",1792,"Middlesex County",25017,511,"Silicosis",3,"Both",27,"Age-standardized",2012,"Rate",0.0104931686115899,0.00444777544048939,0.022398083553896
1,"Deaths",1792,"Middlesex County",25017,511,"Silicosis",3,"Both",27,"Age-standardized",2013,"Rate",0.0105982331656796,0.00435679551245489,0.0224802895733542
1,"Deaths",1792,"Middlesex County",25017,511,"Silicosis",3,"Both",27,"Age-standardized",2014,"Rate",0.0104212118556455,0.00411959899674887,0.0236222511235555
1,"Deaths",1802,"Nantucket County",25019,511,"Silicosis",1,"Male",27,"Age-standardized",1980,"Rate",0.13162321780512,0.000945936155520297,0.76213821984142
1,"Deaths",1802,"Nantucket County",25019,511,"Silicosis",1,"Male",27,"Age-standardized",1981,"Rate",0.121059793788289,0.000852597316984499,0.675575811875239
1,"Deaths",1802,"Nantucket County",25019,511,"Silicosis",1,"Male",27,"Age-standardized",1982,"Rate",0.117951360881648,0.00100154328029926,0.712061697351881
1,"Deaths",1802,"Nantucket County",25019,511,"Silicosis",1,"Male",27,"Age-standardized",1983,"Rate",0.115292421381357,0.000784841137149503,0.651428112655078
1,"Deaths",1802,"Nantucket County",25019,511,"Silicosis",1,"Male",27,"Age-standardized",1984,"Rate",0.109078691035972,0.000756569513616124,0.649397856700221
1,"Deaths",1802,"Nantucket County",25019,511,"Silicosis",1,"Male",27,"Age-standardized",1985,"Rate",0.108379914137559,0.000751944152302374,0.616167257986338
1,"Deaths",1802,"Nantucket County",25019,511,"Silicosis",1,"Male",27,"Age-standardized",1986,"Rate",0.10594402803812,0.000790742982810045,0.624889720650915
1,"Deaths",1802,"Nantucket County",25019,511,"Silicosis",1,"Male",27,"Age-standardized",1987,"Rate",0.102007068065246,0.000862831435180847,0.649972913410963
1,"Deaths",1802,"Nantucket County",25019,511,"Silicosis",1,"Male",27,"Age-standardized",1988,"Rate",0.0999478486456582,0.000873086387414835,0.650611382736253
1,"Deaths",1802,"Nantucket County",25019,511,"Silicosis",1,"Male",27,"Age-standardized",1989,"Rate",0.0971020781059678,0.000842054761741239,0.639760561343316
1,"Deaths",1802,"Nantucket County",25019,511,"Silicosis",1,"Male",27,"Age-standardized",1990,"Rate",0.0897312701710748,0.000770530310448633,0.586580109493052
1,"Deaths",1802,"Nantucket County",25019,511,"Silicosis",1,"Male",27,"Age-standardized",1991,"Rate",0.0888125893824646,0.0007370046090227,0.57192016230772
1,"Deaths",1802,"Nantucket County",25019,511,"Silicosis",1,"Male",27,"Age-standardized",1992,"Rate",0.0868193841483795,0.000698044064379358,0.545705424619291
1,"Deaths",1802,"Nantucket County",25019,511,"Silicosis",1,"Male",27,"Age-standardized",1993,"Rate",0.0860789180892126,0.000647801894138517,0.515182492325644
1,"Deaths",1802,"Nantucket County",25019,511,"Silicosis",1,"Male",27,"Age-standardized",1994,"Rate",0.0841629400885827,0.000548152633353189,0.591365454193341
1,"Deaths",1802,"Nantucket County",25019,511,"Silicosis",1,"Male",27,"Age-standardized",1995,"Rate",0.0803059724881433,0.000576638378307536,0.56723637073805
1,"Deaths",1802,"Nantucket County",25019,511,"Silicosis",1,"Male",27,"Age-standardized",1996,"Rate",0.0762643034217465,0.000527134646451611,0.552543326373553
1,"Deaths",1802,"Nantucket County",25019,511,"Silicosis",1,"Male",27,"Age-standardized",1997,"Rate",0.0727126140504257,0.000458265083075031,0.504762493708691
1,"Deaths",1802,"Nantucket County",25019,511,"Silicosis",1,"Male",27,"Age-standardized",1998,"Rate",0.0702256684872855,0.00041808208038247,0.502533507745954
1,"Deaths",1802,"Nantucket County",25019,511,"Silicosis",1,"Male",27,"Age-standardized",1999,"Rate",0.073133366009068,0.000399377504870423,0.539275282458658
1,"Deaths",1802,"Nantucket County",25019,511,"Silicosis",1,"Male",27,"Age-standardized",2000,"Rate",0.0668331840432224,0.000351762347578675,0.509154321039164
1,"Deaths",1802,"Nantucket County",25019,511,"Silicosis",1,"Male",27,"Age-standardized",2001,"Rate",0.0684175253521381,0.000325482859055032,0.555792210679848
1,"Deaths",1802,"Nantucket County",25019,511,"Silicosis",1,"Male",27,"Age-standardized",2002,"Rate",0.0719346633150321,0.000320392967018409,0.559961926353449
1,"Deaths",1802,"Nantucket County",25019,511,"Silicosis",1,"Male",27,"Age-standardized",2003,"Rate",0.0748548706301751,0.000316423532000504,0.580477892062346
1,"Deaths",1802,"Nantucket County",25019,511,"Silicosis",1,"Male",27,"Age-standardized",2004,"Rate",0.070150854389769,0.000308188046399678,0.5625700411779
1,"Deaths",1802,"Nantucket County",25019,511,"Silicosis",1,"Male",27,"Age-standardized",2005,"Rate",0.0670001462516281,0.000236176885441364,0.555267073581937
1,"Deaths",1802,"Nantucket County",25019,511,"Silicosis",1,"Male",27,"Age-standardized",2006,"Rate",0.0623596975822856,0.000239919689364156,0.477145600801391
1,"Deaths",1802,"Nantucket County",25019,511,"Silicosis",1,"Male",27,"Age-standardized",2007,"Rate",0.0632671404467507,0.000212620976493909,0.51284856923645
1,"Deaths",1802,"Nantucket County",25019,511,"Silicosis",1,"Male",27,"Age-standardized",2008,"Rate",0.0682667193936111,0.000200480313372969,0.533830092038853
1,"Deaths",1802,"Nantucket County",25019,511,"Silicosis",1,"Male",27,"Age-standardized",2009,"Rate",0.0670812586419664,0.000171833395013817,0.499342866355934
1,"Deaths",1802,"Nantucket County",25019,511,"Silicosis",1,"Male",27,"Age-standardized",2010,"Rate",0.0688170575221557,0.000169355003023051,0.56818556106378
1,"Deaths",1802,"Nantucket County",25019,511,"Silicosis",1,"Male",27,"Age-standardized",2011,"Rate",0.0664912914778566,0.000138242228605588,0.526269469015725
1,"Deaths",1802,"Nantucket County",25019,511,"Silicosis",1,"Male",27,"Age-standardized",2012,"Rate",0.0670438723677813,0.000128848634280114,0.554793758084142
1,"Deaths",1802,"Nantucket County",25019,511,"Silicosis",1,"Male",27,"Age-standardized",2013,"Rate",0.070168020057068,0.000118689071941494,0.584078707930412
1,"Deaths",1802,"Nantucket County",25019,511,"Silicosis",1,"Male",27,"Age-standardized",2014,"Rate",0.0714413636947758,0.000108258912983237,0.548886465889907
1,"Deaths",1802,"Nantucket County",25019,511,"Silicosis",2,"Female",27,"Age-standardized",1980,"Rate",0.020110351695705,0.000187531387047336,0.143655581842241
1,"Deaths",1802,"Nantucket County",25019,511,"Silicosis",2,"Female",27,"Age-standardized",1981,"Rate",0.0201065126192677,0.000188676868533831,0.146363502369749
1,"Deaths",1802,"Nantucket County",25019,511,"Silicosis",2,"Female",27,"Age-standardized",1982,"Rate",0.0179195201551714,0.000143087178319393,0.133661113654766
1,"Deaths",1802,"Nantucket County",25019,511,"Silicosis",2,"Female",27,"Age-standardized",1983,"Rate",0.0186324258579858,0.000156025661361316,0.13656934715084
1,"Deaths",1802,"Nantucket County",25019,511,"Silicosis",2,"Female",27,"Age-standardized",1984,"Rate",0.0197155336201783,0.000162689159823309,0.147066205645775
1,"Deaths",1802,"Nantucket County",25019,511,"Silicosis",2,"Female",27,"Age-standardized",1985,"Rate",0.0196237240268763,0.000174581976846634,0.145497602033576
1,"Deaths",1802,"Nantucket County",25019,511,"Silicosis",2,"Female",27,"Age-standardized",1986,"Rate",0.0194114261203313,0.000171776009607973,0.15068661443974
1,"Deaths",1802,"Nantucket County",25019,511,"Silicosis",2,"Female",27,"Age-standardized",1987,"Rate",0.0209975417431809,0.000195971230573379,0.158971231049197
1,"Deaths",1802,"Nantucket County",25019,511,"Silicosis",2,"Female",27,"Age-standardized",1988,"Rate",0.0211668353310822,0.000189741232275438,0.152643679459797
1,"Deaths",1802,"Nantucket County",25019,511,"Silicosis",2,"Female",27,"Age-standardized",1989,"Rate",0.0204935413945789,0.000178484964018312,0.144638670714573
1,"Deaths",1802,"Nantucket County",25019,511,"Silicosis",2,"Female",27,"Age-standardized",1990,"Rate",0.0184370081469736,0.000171200036381012,0.131327397577746
1,"Deaths",1802,"Nantucket County",25019,511,"Silicosis",2,"Female",27,"Age-standardized",1991,"Rate",0.0182021886877528,0.000175084129254657,0.137242160210619
1,"Deaths",1802,"Nantucket County",25019,511,"Silicosis",2,"Female",27,"Age-standardized",1992,"Rate",0.0189661088355863,0.000163587539429655,0.150182961405095
1,"Deaths",1802,"Nantucket County",25019,511,"Silicosis",2,"Female",27,"Age-standardized",1993,"Rate",0.0187723397319925,0.000161216319255111,0.145216169390562
1,"Deaths",1802,"Nantucket County",25019,511,"Silicosis",2,"Female",27,"Age-standardized",1994,"Rate",0.0192473064913568,0.000156274495111556,0.1492153286968
1,"Deaths",1802,"Nantucket County",25019,511,"Silicosis",2,"Female",27,"Age-standardized",1995,"Rate",0.0184149153823953,0.000142302047593869,0.146585309110714
1,"Deaths",1802,"Nantucket County",25019,511,"Silicosis",2,"Female",27,"Age-standardized",1996,"Rate",0.0178733794795857,0.000151481058924629,0.138673225698023
1,"Deaths",1802,"Nantucket County",25019,511,"Silicosis",2,"Female",27,"Age-standardized",1997,"Rate",0.0176232555324544,0.000138386558152963,0.131117522128371
1,"Deaths",1802,"Nantucket County",25019,511,"Silicosis",2,"Female",27,"Age-standardized",1998,"Rate",0.0166040099786341,0.000117078155353015,0.126618310362047
1,"Deaths",1802,"Nantucket County",25019,511,"Silicosis",2,"Female",27,"Age-standardized",1999,"Rate",0.0181079422630705,0.00011730367470508,0.138419460792125
1,"Deaths",1802,"Nantucket County",25019,511,"Silicosis",2,"Female",27,"Age-standardized",2000,"Rate",0.0180801653771771,0.000114275882022325,0.139896207966941
1,"Deaths",1802,"Nantucket County",25019,511,"Silicosis",2,"Female",27,"Age-standardized",2001,"Rate",0.0198486155290082,0.000142766727862597,0.159287473716359
1,"Deaths",1802,"Nantucket County",25019,511,"Silicosis",2,"Female",27,"Age-standardized",2002,"Rate",0.0216074553411164,0.000144529880762951,0.172352922996713
1,"Deaths",1802,"Nantucket County",25019,511,"Silicosis",2,"Female",27,"Age-standardized",2003,"Rate",0.0221196185160759,0.000148541475784479,0.182962768146512
1,"Deaths",1802,"Nantucket County",25019,511,"Silicosis",2,"Female",27,"Age-standardized",2004,"Rate",0.0199433957838303,0.000118562068422488,0.15634984609951
1,"Deaths",1802,"Nantucket County",25019,511,"Silicosis",2,"Female",27,"Age-standardized",2005,"Rate",0.0177932605208711,0.000103425028432964,0.147503470469914
1,"Deaths",1802,"Nantucket County",25019,511,"Silicosis",2,"Female",27,"Age-standardized",2006,"Rate",0.0182091649979867,0.000113227175877149,0.158455567872982
1,"Deaths",1802,"Nantucket County",25019,511,"Silicosis",2,"Female",27,"Age-standardized",2007,"Rate",0.017879114037273,0.00011513015803374,0.159767618407168
1,"Deaths",1802,"Nantucket County",25019,511,"Silicosis",2,"Female",27,"Age-standardized",2008,"Rate",0.0185522420922356,0.000102729720281789,0.158102778379674
1,"Deaths",1802,"Nantucket County",25019,511,"Silicosis",2,"Female",27,"Age-standardized",2009,"Rate",0.017374974271665,8.9193256109984e-05,0.15477062927659
1,"Deaths",1802,"Nantucket County",25019,511,"Silicosis",2,"Female",27,"Age-standardized",2010,"Rate",0.017859137426483,8.157321996731e-05,0.153813538513075
1,"Deaths",1802,"Nantucket County",25019,511,"Silicosis",2,"Female",27,"Age-standardized",2011,"Rate",0.0186631731031761,8.2199302088416e-05,0.171713340520398
1,"Deaths",1802,"Nantucket County",25019,511,"Silicosis",2,"Female",27,"Age-standardized",2012,"Rate",0.0190157582785772,8.0593795931033e-05,0.169472025552889
1,"Deaths",1802,"Nantucket County",25019,511,"Silicosis",2,"Female",27,"Age-standardized",2013,"Rate",0.0190739268482831,7.09271003334276e-05,0.173924072105807
1,"Deaths",1802,"Nantucket County",25019,511,"Silicosis",2,"Female",27,"Age-standardized",2014,"Rate",0.0194723808118636,6.95836275092085e-05,0.188247176491959
1,"Deaths",1802,"Nantucket County",25019,511,"Silicosis",3,"Both",27,"Age-standardized",1980,"Rate",0.0607881809656297,0.00132896125903406,0.314661551615044
1,"Deaths",1802,"Nantucket County",25019,511,"Silicosis",3,"Both",27,"Age-standardized",1981,"Rate",0.0572349439625436,0.00132937165420979,0.26850042500544
1,"Deaths",1802,"Nantucket County",25019,511,"Silicosis",3,"Both",27,"Age-standardized",1982,"Rate",0.0546637400353217,0.00117099467408199,0.271053390080109
1,"Deaths",1802,"Nantucket County",25019,511,"Silicosis",3,"Both",27,"Age-standardized",1983,"Rate",0.0539497458165393,0.00123808791471714,0.257603529680785
1,"Deaths",1802,"Nantucket County",25019,511,"Silicosis",3,"Both",27,"Age-standardized",1984,"Rate",0.0529546232128405,0.00118959482014636,0.255317363076372
1,"Deaths",1802,"Nantucket County",25019,511,"Silicosis",3,"Both",27,"Age-standardized",1985,"Rate",0.0521787392246637,0.00121746931683514,0.253502105631985
1,"Deaths",1802,"Nantucket County",25019,511,"Silicosis",3,"Both",27,"Age-standardized",1986,"Rate",0.051091351688756,0.0011633337534231,0.258563649255312
1,"Deaths",1802,"Nantucket County",25019,511,"Silicosis",3,"Both",27,"Age-standardized",1987,"Rate",0.0509806792817691,0.00117062963330036,0.265936708963124
1,"Deaths",1802,"Nantucket County",25019,511,"Silicosis",3,"Both",27,"Age-standardized",1988,"Rate",0.0506424185286071,0.00116712128054038,0.251864389653678
1,"Deaths",1802,"Nantucket County",25019,511,"Silicosis",3,"Both",27,"Age-standardized",1989,"Rate",0.0492864660937489,0.00106044856848657,0.256899665895255
1,"Deaths",1802,"Nantucket County",25019,511,"Silicosis",3,"Both",27,"Age-standardized",1990,"Rate",0.0451152111630919,0.00100325686720373,0.252302140267511
1,"Deaths",1802,"Nantucket County",25019,511,"Silicosis",3,"Both",27,"Age-standardized",1991,"Rate",0.0446248114238027,0.00101675548820069,0.239388230641535
1,"Deaths",1802,"Nantucket County",25019,511,"Silicosis",3,"Both",27,"Age-standardized",1992,"Rate",0.0445272305126635,0.000961227043679491,0.239976132863049
1,"Deaths",1802,"Nantucket County",25019,511,"Silicosis",3,"Both",27,"Age-standardized",1993,"Rate",0.0441215776643678,0.000950786455505321,0.233708173688017
1,"Deaths",1802,"Nantucket County",25019,511,"Silicosis",3,"Both",27,"Age-standardized",1994,"Rate",0.0438581966230902,0.000909658991700855,0.239690101846646
1,"Deaths",1802,"Nantucket County",25019,511,"Silicosis",3,"Both",27,"Age-standardized",1995,"Rate",0.0421393044119674,0.00089292824471632,0.246749903578953
1,"Deaths",1802,"Nantucket County",25019,511,"Silicosis",3,"Both",27,"Age-standardized",1996,"Rate",0.0404063212542078,0.000826557852084824,0.235594131121739
1,"Deaths",1802,"Nantucket County",25019,511,"Silicosis",3,"Both",27,"Age-standardized",1997,"Rate",0.0391288306858972,0.000735085944739268,0.22422788249869
1,"Deaths",1802,"Nantucket County",25019,511,"Silicosis",3,"Both",27,"Age-standardized",1998,"Rate",0.03743791406399,0.000688861826745321,0.213288833035811
1,"Deaths",1802,"Nantucket County",25019,511,"Silicosis",3,"Both",27,"Age-standardized",1999,"Rate",0.039697774414926,0.000709269080100613,0.239794775744842
1,"Deaths",1802,"Nantucket County",25019,511,"Silicosis",3,"Both",27,"Age-standardized",2000,"Rate",0.0373419027394357,0.000670858897217592,0.220036833182542
1,"Deaths",1802,"Nantucket County",25019,511,"Silicosis",3,"Both",27,"Age-standardized",2001,"Rate",0.0390609598911514,0.000648963398417148,0.232468200827094
1,"Deaths",1802,"Nantucket County",25019,511,"Silicosis",3,"Both",27,"Age-standardized",2002,"Rate",0.041554672999498,0.000718148124884097,0.242492178842881
1,"Deaths",1802,"Nantucket County",25019,511,"Silicosis",3,"Both",27,"Age-standardized",2003,"Rate",0.0434819913042114,0.000671411820606344,0.250501496479843
1,"Deaths",1802,"Nantucket County",25019,511,"Silicosis",3,"Both",27,"Age-standardized",2004,"Rate",0.0397730229997127,0.000597503803525356,0.245132850150543
1,"Deaths",1802,"Nantucket County",25019,511,"Silicosis",3,"Both",27,"Age-standardized",2005,"Rate",0.0374478162025195,0.000559805009285599,0.234670743496768
1,"Deaths",1802,"Nantucket County",25019,511,"Silicosis",3,"Both",27,"Age-standardized",2006,"Rate",0.0360081058853358,0.000538340428561891,0.218767302299964
1,"Deaths",1802,"Nantucket County",25019,511,"Silicosis",3,"Both",27,"Age-standardized",2007,"Rate",0.0361015562432023,0.000527950598759538,0.227126850589843
1,"Deaths",1802,"Nantucket County",25019,511,"Silicosis",3,"Both",27,"Age-standardized",2008,"Rate",0.0389584584633066,0.000517319128611844,0.249344712446089
1,"Deaths",1802,"Nantucket County",25019,511,"Silicosis",3,"Both",27,"Age-standardized",2009,"Rate",0.03731273709431,0.000448987510514726,0.237178217049311
1,"Deaths",1802,"Nantucket County",25019,511,"Silicosis",3,"Both",27,"Age-standardized",2010,"Rate",0.0388097269253722,0.000432301960147832,0.267779299519011
1,"Deaths",1802,"Nantucket County",25019,511,"Silicosis",3,"Both",27,"Age-standardized",2011,"Rate",0.0380985636241947,0.000421734813564287,0.244466162055479
1,"Deaths",1802,"Nantucket County",25019,511,"Silicosis",3,"Both",27,"Age-standardized",2012,"Rate",0.0389482726728272,0.000389662484006076,0.243744327462297
1,"Deaths",1802,"Nantucket County",25019,511,"Silicosis",3,"Both",27,"Age-standardized",2013,"Rate",0.0400939734657749,0.000370778608343682,0.253645751974052
1,"Deaths",1802,"Nantucket County",25019,511,"Silicosis",3,"Both",27,"Age-standardized",2014,"Rate",0.0406731847474468,0.000337202828662066,0.273845900900397
1,"Deaths",1798,"Norfolk County",25021,511,"Silicosis",1,"Male",27,"Age-standardized",1980,"Rate",0.0885752432812644,0.0319217301695562,0.170185296143838
1,"Deaths",1798,"Norfolk County",25021,511,"Silicosis",1,"Male",27,"Age-standardized",1981,"Rate",0.0840892338578455,0.0279984918881628,0.173448370283233
1,"Deaths",1798,"Norfolk County",25021,511,"Silicosis",1,"Male",27,"Age-standardized",1982,"Rate",0.0863420554107279,0.0272332580529763,0.170580111646501
1,"Deaths",1798,"Norfolk County",25021,511,"Silicosis",1,"Male",27,"Age-standardized",1983,"Rate",0.0841348975057654,0.0284511491970018,0.163342437802348
1,"Deaths",1798,"Norfolk County",25021,511,"Silicosis",1,"Male",27,"Age-standardized",1984,"Rate",0.0761975873436019,0.0276127052878563,0.151037584217714
1,"Deaths",1798,"Norfolk County",25021,511,"Silicosis",1,"Male",27,"Age-standardized",1985,"Rate",0.0767709442772595,0.029167834085246,0.153916618838357
1,"Deaths",1798,"Norfolk County",25021,511,"Silicosis",1,"Male",27,"Age-standardized",1986,"Rate",0.0762428471755349,0.0275233837519895,0.151533265463799
1,"Deaths",1798,"Norfolk County",25021,511,"Silicosis",1,"Male",27,"Age-standardized",1987,"Rate",0.0678913868270619,0.0251517264846446,0.138535450645867
1,"Deaths",1798,"Norfolk County",25021,511,"Silicosis",1,"Male",27,"Age-standardized",1988,"Rate",0.0682553926517461,0.0271378904709276,0.141874270271493
1,"Deaths",1798,"Norfolk County",25021,511,"Silicosis",1,"Male",27,"Age-standardized",1989,"Rate",0.0617420200096343,0.0245666689122752,0.12436095126159
1,"Deaths",1798,"Norfolk County",25021,511,"Silicosis",1,"Male",27,"Age-standardized",1990,"Rate",0.0569656069040122,0.0234122847298421,0.1224062911054
1,"Deaths",1798,"Norfolk County",25021,511,"Silicosis",1,"Male",27,"Age-standardized",1991,"Rate",0.0550476279282111,0.0230622840642824,0.118504554356688
1,"Deaths",1798,"Norfolk County",25021,511,"Silicosis",1,"Male",27,"Age-standardized",1992,"Rate",0.0537845687653686,0.0223306928985878,0.110989402870134
1,"Deaths",1798,"Norfolk County",25021,511,"Silicosis",1,"Male",27,"Age-standardized",1993,"Rate",0.049193676475584,0.0197010004090653,0.10394454851625
1,"Deaths",1798,"Norfolk County",25021,511,"Silicosis",1,"Male",27,"Age-standardized",1994,"Rate",0.0471235134366921,0.0193200778712424,0.103504561391619
1,"Deaths",1798,"Norfolk County",25021,511,"Silicosis",1,"Male",27,"Age-standardized",1995,"Rate",0.044880272282596,0.0183344018882478,0.101620658246621
1,"Deaths",1798,"Norfolk County",25021,511,"Silicosis",1,"Male",27,"Age-standardized",1996,"Rate",0.0411279014947889,0.016789936715615,0.0935973715549509
1,"Deaths",1798,"Norfolk County",25021,511,"Silicosis",1,"Male",27,"Age-standardized",1997,"Rate",0.0394458298618748,0.0154967443664556,0.0900875780957303
1,"Deaths",1798,"Norfolk County",25021,511,"Silicosis",1,"Male",27,"Age-standardized",1998,"Rate",0.0354406747733012,0.0137638957133986,0.0874019881357848
1,"Deaths",1798,"Norfolk County",25021,511,"Silicosis",1,"Male",27,"Age-standardized",1999,"Rate",0.0371381188228453,0.0141180315610272,0.0891818578858936
1,"Deaths",1798,"Norfolk County",25021,511,"Silicosis",1,"Male",27,"Age-standardized",2000,"Rate",0.0319339343008177,0.011566476326819,0.0840290480251323
1,"Deaths",1798,"Norfolk County",25021,511,"Silicosis",1,"Male",27,"Age-standardized",2001,"Rate",0.033307474449511,0.0122294693143134,0.0817409159815007
1,"Deaths",1798,"Norfolk County",25021,511,"Silicosis",1,"Male",27,"Age-standardized",2002,"Rate",0.0325960952516934,0.0117062589878915,0.0819232415361486
1,"Deaths",1798,"Norfolk County",25021,511,"Silicosis",1,"Male",27,"Age-standardized",2003,"Rate",0.0337023591462208,0.0118823912847287,0.086129339518802
1,"Deaths",1798,"Norfolk County",25021,511,"Silicosis",1,"Male",27,"Age-standardized",2004,"Rate",0.0293091520176192,0.0105741543083824,0.0712177412256572
1,"Deaths",1798,"Norfolk County",25021,511,"Silicosis",1,"Male",27,"Age-standardized",2005,"Rate",0.0303249858298807,0.0108528533896752,0.0830596469872813
1,"Deaths",1798,"Norfolk County",25021,511,"Silicosis",1,"Male",27,"Age-standardized",2006,"Rate",0.0286296016263334,0.00957168690791949,0.0725040246245132
1,"Deaths",1798,"Norfolk County",25021,511,"Silicosis",1,"Male",27,"Age-standardized",2007,"Rate",0.0292877730155446,0.00961883586186119,0.0775134770391847
1,"Deaths",1798,"Norfolk County",25021,511,"Silicosis",1,"Male",27,"Age-standardized",2008,"Rate",0.029008734679886,0.00978216020085452,0.074696929202706
1,"Deaths",1798,"Norfolk County",25021,511,"Silicosis",1,"Male",27,"Age-standardized",2009,"Rate",0.0275696311526881,0.00895946624787096,0.0729002530269059
1,"Deaths",1798,"Norfolk County",25021,511,"Silicosis",1,"Male",27,"Age-standardized",2010,"Rate",0.0265068590909402,0.00809333911485411,0.0696453376769752
1,"Deaths",1798,"Norfolk County",25021,511,"Silicosis",1,"Male",27,"Age-standardized",2011,"Rate",0.0266325566277279,0.00788254413117577,0.0708326931152088
1,"Deaths",1798,"Norfolk County",25021,511,"Silicosis",1,"Male",27,"Age-standardized",2012,"Rate",0.0258152117905744,0.00793356825670028,0.0660628195635273
1,"Deaths",1798,"Norfolk County",25021,511,"Silicosis",1,"Male",27,"Age-standardized",2013,"Rate",0.0259319444798892,0.00764305624429184,0.0690830369113256
1,"Deaths",1798,"Norfolk County",25021,511,"Silicosis",1,"Male",27,"Age-standardized",2014,"Rate",0.0278500117955536,0.00802734595954301,0.0794082056903794
1,"Deaths",1798,"Norfolk County",25021,511,"Silicosis",2,"Female",27,"Age-standardized",1980,"Rate",0.00350350175826513,0.000748607864566242,0.00992300725258613
1,"Deaths",1798,"Norfolk County",25021,511,"Silicosis",2,"Female",27,"Age-standardized",1981,"Rate",0.00332182753567183,0.00071873521486371,0.00970933524371692
1,"Deaths",1798,"Norfolk County",25021,511,"Silicosis",2,"Female",27,"Age-standardized",1982,"Rate",0.00281987059991592,0.000591366297134199,0.00791494003930021
1,"Deaths",1798,"Norfolk County",25021,511,"Silicosis",2,"Female",27,"Age-standardized",1983,"Rate",0.0029982091517217,0.000678737762865314,0.00869137429511346
1,"Deaths",1798,"Norfolk County",25021,511,"Silicosis",2,"Female",27,"Age-standardized",1984,"Rate",0.00310130262754554,0.000699701538484628,0.00908797254205192
1,"Deaths",1798,"Norfolk County",25021,511,"Silicosis",2,"Female",27,"Age-standardized",1985,"Rate",0.00316933453729142,0.000744872370129187,0.00904961972559531
1,"Deaths",1798,"Norfolk County",25021,511,"Silicosis",2,"Female",27,"Age-standardized",1986,"Rate",0.00301975462679776,0.000680350027679195,0.00852174700325906
1,"Deaths",1798,"Norfolk County",25021,511,"Silicosis",2,"Female",27,"Age-standardized",1987,"Rate",0.00342205632007416,0.000781357230080511,0.00975929536464793
1,"Deaths",1798,"Norfolk County",25021,511,"Silicosis",2,"Female",27,"Age-standardized",1988,"Rate",0.003391194210914,0.000811014324869308,0.00994662382183556
1,"Deaths",1798,"Norfolk County",25021,511,"Silicosis",2,"Female",27,"Age-standardized",1989,"Rate",0.00324927105154707,0.00077302516159662,0.008907024642792
1,"Deaths",1798,"Norfolk County",25021,511,"Silicosis",2,"Female",27,"Age-standardized",1990,"Rate",0.00298689567575029,0.000727376552386516,0.00848268522563825
1,"Deaths",1798,"Norfolk County",25021,511,"Silicosis",2,"Female",27,"Age-standardized",1991,"Rate",0.00283863332715838,0.000677964294344851,0.00832788826290243
1,"Deaths",1798,"Norfolk County",25021,511,"Silicosis",2,"Female",27,"Age-standardized",1992,"Rate",0.00295318307647772,0.000698446595291628,0.00882286805705315
1,"Deaths",1798,"Norfolk County",25021,511,"Silicosis",2,"Female",27,"Age-standardized",1993,"Rate",0.00275412112528441,0.000646653042041687,0.0075029206655246
1,"Deaths",1798,"Norfolk County",25021,511,"Silicosis",2,"Female",27,"Age-standardized",1994,"Rate",0.00287071533257447,0.000678537540163863,0.00883999503002101
1,"Deaths",1798,"Norfolk County",25021,511,"Silicosis",2,"Female",27,"Age-standardized",1995,"Rate",0.0026741853880683,0.000611361757662071,0.00823154200341672
1,"Deaths",1798,"Norfolk County",25021,511,"Silicosis",2,"Female",27,"Age-standardized",1996,"Rate",0.00251440003890953,0.000614773077566159,0.00713770251945701
1,"Deaths",1798,"Norfolk County",25021,511,"Silicosis",2,"Female",27,"Age-standardized",1997,"Rate",0.00245255366375525,0.000585532842383847,0.00709126071042063
1,"Deaths",1798,"Norfolk County",25021,511,"Silicosis",2,"Female",27,"Age-standardized",1998,"Rate",0.00224323000234214,0.000539115469879908,0.00648538813404505
1,"Deaths",1798,"Norfolk County",25021,511,"Silicosis",2,"Female",27,"Age-standardized",1999,"Rate",0.00228002485266195,0.000518564971423992,0.00692106636186442
1,"Deaths",1798,"Norfolk County",25021,511,"Silicosis",2,"Female",27,"Age-standardized",2000,"Rate",0.00233284014550333,0.000552155299411921,0.00699655589715328
1,"Deaths",1798,"Norfolk County",25021,511,"Silicosis",2,"Female",27,"Age-standardized",2001,"Rate",0.00251493441144592,0.000575520824654366,0.00797044089119227
1,"Deaths",1798,"Norfolk County",25021,511,"Silicosis",2,"Female",27,"Age-standardized",2002,"Rate",0.00282324331496461,0.000647759753255559,0.00842678605630936
1,"Deaths",1798,"Norfolk County",25021,511,"Silicosis",2,"Female",27,"Age-standardized",2003,"Rate",0.00273233344664022,0.000623053112439486,0.00857339810822138
1,"Deaths",1798,"Norfolk County",25021,511,"Silicosis",2,"Female",27,"Age-standardized",2004,"Rate",0.00246924199804571,0.000569068410349563,0.00785859975296983
1,"Deaths",1798,"Norfolk County",25021,511,"Silicosis",2,"Female",27,"Age-standardized",2005,"Rate",0.0020979136420013,0.000460342799753687,0.00661258844747024
1,"Deaths",1798,"Norfolk County",25021,511,"Silicosis",2,"Female",27,"Age-standardized",2006,"Rate",0.00225310126731755,0.000476979499946643,0.00687578773745788
1,"Deaths",1798,"Norfolk County",25021,511,"Silicosis",2,"Female",27,"Age-standardized",2007,"Rate",0.00225088900571705,0.000485453168218423,0.00699855789748901
1,"Deaths",1798,"Norfolk County",25021,511,"Silicosis",2,"Female",27,"Age-standardized",2008,"Rate",0.00221392927407225,0.000455673965604841,0.00703120082028485
1,"Deaths",1798,"Norfolk County",25021,511,"Silicosis",2,"Female",27,"Age-standardized",2009,"Rate",0.00204229564003897,0.00043223234966524,0.0067960384752512
1,"Deaths",1798,"Norfolk County",25021,511,"Silicosis",2,"Female",27,"Age-standardized",2010,"Rate",0.00192143063100875,0.00037833872579821,0.0064884193922671
1,"Deaths",1798,"Norfolk County",25021,511,"Silicosis",2,"Female",27,"Age-standardized",2011,"Rate",0.00198984149670238,0.000377478637985192,0.00680848036117783
1,"Deaths",1798,"Norfolk County",25021,511,"Silicosis",2,"Female",27,"Age-standardized",2012,"Rate",0.00192657688579249,0.000367384647812591,0.0067960215789483
1,"Deaths",1798,"Norfolk County",25021,511,"Silicosis",2,"Female",27,"Age-standardized",2013,"Rate",0.00191008282855735,0.000351750734626951,0.00676350746575319
1,"Deaths",1798,"Norfolk County",25021,511,"Silicosis",2,"Female",27,"Age-standardized",2014,"Rate",0.00187341255617189,0.000335658713877534,0.00657928171292441
1,"Deaths",1798,"Norfolk County",25021,511,"Silicosis",3,"Both",27,"Age-standardized",1980,"Rate",0.034291599911927,0.013542287526395,0.0633827208875884
1,"Deaths",1798,"Norfolk County",25021,511,"Silicosis",3,"Both",27,"Age-standardized",1981,"Rate",0.0321512242318783,0.0126904719774741,0.0640356247657419
1,"Deaths",1798,"Norfolk County",25021,511,"Silicosis",3,"Both",27,"Age-standardized",1982,"Rate",0.0325160302816798,0.0125866037656663,0.0634681514237865
1,"Deaths",1798,"Norfolk County",25021,511,"Silicosis",3,"Both",27,"Age-standardized",1983,"Rate",0.0316670024842267,0.0123679734848458,0.0605160788065906
1,"Deaths",1798,"Norfolk County",25021,511,"Silicosis",3,"Both",27,"Age-standardized",1984,"Rate",0.0288823663555396,0.0116204843849153,0.0550852812733433
1,"Deaths",1798,"Norfolk County",25021,511,"Silicosis",3,"Both",27,"Age-standardized",1985,"Rate",0.0289196434772499,0.0123250390549104,0.0548264780786765
1,"Deaths",1798,"Norfolk County",25021,511,"Silicosis",3,"Both",27,"Age-standardized",1986,"Rate",0.0284672394846507,0.0116971000212468,0.0545157005185582
1,"Deaths",1798,"Norfolk County",25021,511,"Silicosis",3,"Both",27,"Age-standardized",1987,"Rate",0.0257702455314214,0.0110768684518123,0.0495244238428669
1,"Deaths",1798,"Norfolk County",25021,511,"Silicosis",3,"Both",27,"Age-standardized",1988,"Rate",0.0259059583513809,0.0118383323739177,0.0518717686842379
1,"Deaths",1798,"Norfolk County",25021,511,"Silicosis",3,"Both",27,"Age-standardized",1989,"Rate",0.02347589973806,0.0104179675711802,0.0456526473349252
1,"Deaths",1798,"Norfolk County",25021,511,"Silicosis",3,"Both",27,"Age-standardized",1990,"Rate",0.0217738026911661,0.00966097992468606,0.0429224943730843
1,"Deaths",1798,"Norfolk County",25021,511,"Silicosis",3,"Both",27,"Age-standardized",1991,"Rate",0.0209900991437011,0.0096895547044437,0.0423813892509348
1,"Deaths",1798,"Norfolk County",25021,511,"Silicosis",3,"Both",27,"Age-standardized",1992,"Rate",0.0206510516541766,0.00928320807381059,0.0406079085888886
1,"Deaths",1798,"Norfolk County",25021,511,"Silicosis",3,"Both",27,"Age-standardized",1993,"Rate",0.0190528260751423,0.00867012039334021,0.0377201587619109
1,"Deaths",1798,"Norfolk County",25021,511,"Silicosis",3,"Both",27,"Age-standardized",1994,"Rate",0.0184605714921671,0.00860083904585557,0.0375218987502215
1,"Deaths",1798,"Norfolk County",25021,511,"Silicosis",3,"Both",27,"Age-standardized",1995,"Rate",0.0176855954321033,0.00795701452365899,0.0375767902475684
1,"Deaths",1798,"Norfolk County",25021,511,"Silicosis",3,"Both",27,"Age-standardized",1996,"Rate",0.0163920124591814,0.00747295774320645,0.0349120733645669
1,"Deaths",1798,"Norfolk County",25021,511,"Silicosis",3,"Both",27,"Age-standardized",1997,"Rate",0.0158908570561228,0.00706093562752451,0.0340947220613278
1,"Deaths",1798,"Norfolk County",25021,511,"Silicosis",3,"Both",27,"Age-standardized",1998,"Rate",0.0143210384881567,0.00612136438392306,0.0331127257622909
1,"Deaths",1798,"Norfolk County",25021,511,"Silicosis",3,"Both",27,"Age-standardized",1999,"Rate",0.0151195853063221,0.00645139752558981,0.0340008303309581
1,"Deaths",1798,"Norfolk County",25021,511,"Silicosis",3,"Both",27,"Age-standardized",2000,"Rate",0.0133582349138842,0.00558614800302236,0.0320410868607961
1,"Deaths",1798,"Norfolk County",25021,511,"Silicosis",3,"Both",27,"Age-standardized",2001,"Rate",0.0140989937861338,0.0060519493998098,0.0320333764567569
1,"Deaths",1798,"Norfolk County",25021,511,"Silicosis",3,"Both",27,"Age-standardized",2002,"Rate",0.0141171508157748,0.00590102371714635,0.0316341821085064
1,"Deaths",1798,"Norfolk County",25021,511,"Silicosis",3,"Both",27,"Age-standardized",2003,"Rate",0.0145341068455178,0.00577506724698384,0.0340329635737205
1,"Deaths",1798,"Norfolk County",25021,511,"Silicosis",3,"Both",27,"Age-standardized",2004,"Rate",0.0127738149525416,0.00529413045449637,0.0287026350715848
1,"Deaths",1798,"Norfolk County",25021,511,"Silicosis",3,"Both",27,"Age-standardized",2005,"Rate",0.0129758686633958,0.00518386108713811,0.0337374540806704
1,"Deaths",1798,"Norfolk County",25021,511,"Silicosis",3,"Both",27,"Age-standardized",2006,"Rate",0.0125154444326118,0.00486246801152827,0.0295576764461001
1,"Deaths",1798,"Norfolk County",25021,511,"Silicosis",3,"Both",27,"Age-standardized",2007,"Rate",0.0128137410454417,0.00513808988732866,0.0312864833407224
1,"Deaths",1798,"Norfolk County",25021,511,"Silicosis",3,"Both",27,"Age-standardized",2008,"Rate",0.0127660385299915,0.00485709952839585,0.0305124648075238
1,"Deaths",1798,"Norfolk County",25021,511,"Silicosis",3,"Both",27,"Age-standardized",2009,"Rate",0.0121946098619756,0.00446512321923996,0.0294505627676151
1,"Deaths",1798,"Norfolk County",25021,511,"Silicosis",3,"Both",27,"Age-standardized",2010,"Rate",0.0117204459584704,0.00421231867700371,0.0287958494512122
1,"Deaths",1798,"Norfolk County",25021,511,"Silicosis",3,"Both",27,"Age-standardized",2011,"Rate",0.0118096842270801,0.00427707562887429,0.0285934173455812
1,"Deaths",1798,"Norfolk County",25021,511,"Silicosis",3,"Both",27,"Age-standardized",2012,"Rate",0.0114594828029996,0.00398490888211085,0.0281685016823648
1,"Deaths",1798,"Norfolk County",25021,511,"Silicosis",3,"Both",27,"Age-standardized",2013,"Rate",0.011536617571676,0.0039012406853974,0.0287599707499262
1,"Deaths",1798,"Norfolk County",25021,511,"Silicosis",3,"Both",27,"Age-standardized",2014,"Rate",0.0121705867110989,0.00394873927056474,0.0328974044870104
1,"Deaths",1797,"Plymouth County",25023,511,"Silicosis",1,"Male",27,"Age-standardized",1980,"Rate",0.0719972352968766,0.0252734749627388,0.151353595966445
1,"Deaths",1797,"Plymouth County",25023,511,"Silicosis",1,"Male",27,"Age-standardized",1981,"Rate",0.0690118688654642,0.022058827054404,0.146336671357988
1,"Deaths",1797,"Plymouth County",25023,511,"Silicosis",1,"Male",27,"Age-standardized",1982,"Rate",0.0688118408407074,0.0237163457527708,0.144463378607496
1,"Deaths",1797,"Plymouth County",25023,511,"Silicosis",1,"Male",27,"Age-standardized",1983,"Rate",0.071078760051735,0.0249656800471721,0.154709331321649
1,"Deaths",1797,"Plymouth County",25023,511,"Silicosis",1,"Male",27,"Age-standardized",1984,"Rate",0.0688059269025982,0.0245482768507417,0.143064428066153
1,"Deaths",1797,"Plymouth County",25023,511,"Silicosis",1,"Male",27,"Age-standardized",1985,"Rate",0.0677549531455636,0.0241523414139092,0.142278771640313
1,"Deaths",1797,"Plymouth County",25023,511,"Silicosis",1,"Male",27,"Age-standardized",1986,"Rate",0.0667958294270083,0.024587226927391,0.135534609142273
1,"Deaths",1797,"Plymouth County",25023,511,"Silicosis",1,"Male",27,"Age-standardized",1987,"Rate",0.0645602015580514,0.0236704472389351,0.126089595254834
1,"Deaths",1797,"Plymouth County",25023,511,"Silicosis",1,"Male",27,"Age-standardized",1988,"Rate",0.0610233633280008,0.0227101855339426,0.12795811195412
1,"Deaths",1797,"Plymouth County",25023,511,"Silicosis",1,"Male",27,"Age-standardized",1989,"Rate",0.0615250613590049,0.0236227862766591,0.122158223146372
1,"Deaths",1797,"Plymouth County",25023,511,"Silicosis",1,"Male",27,"Age-standardized",1990,"Rate",0.0550018911002739,0.0213774248447433,0.110930031128384
1,"Deaths",1797,"Plymouth County",25023,511,"Silicosis",1,"Male",27,"Age-standardized",1991,"Rate",0.0568544797822582,0.0217168876031353,0.11464232152055
1,"Deaths",1797,"Plymouth County",25023,511,"Silicosis",1,"Male",27,"Age-standardized",1992,"Rate",0.0541878140517741,0.0205306364029286,0.111846479613973
1,"Deaths",1797,"Plymouth County",25023,511,"Silicosis",1,"Male",27,"Age-standardized",1993,"Rate",0.054207028115634,0.0206587948007884,0.114747849486191
1,"Deaths",1797,"Plymouth County",25023,511,"Silicosis",1,"Male",27,"Age-standardized",1994,"Rate",0.0530896722017252,0.0202605078003918,0.115083418426114
1,"Deaths",1797,"Plymouth County",25023,511,"Silicosis",1,"Male",27,"Age-standardized",1995,"Rate",0.0507016768814179,0.0191329764794692,0.105900850850079
1,"Deaths",1797,"Plymouth County",25023,511,"Silicosis",1,"Male",27,"Age-standardized",1996,"Rate",0.0494151854698725,0.0178263758641408,0.1060635511481
1,"Deaths",1797,"Plymouth County",25023,511,"Silicosis",1,"Male",27,"Age-standardized",1997,"Rate",0.0483485720508178,0.0178237670968428,0.107420028978236
1,"Deaths",1797,"Plymouth County",25023,511,"Silicosis",1,"Male",27,"Age-standardized",1998,"Rate",0.0461877370371339,0.0164551779002864,0.104561118222388
1,"Deaths",1797,"Plymouth County",25023,511,"Silicosis",1,"Male",27,"Age-standardized",1999,"Rate",0.0448635509221853,0.0158863754504747,0.0986958691798287
1,"Deaths",1797,"Plymouth County",25023,511,"Silicosis",1,"Male",27,"Age-standardized",2000,"Rate",0.0432402717278115,0.0148661857080396,0.100263976609855
1,"Deaths",1797,"Plymouth County",25023,511,"Silicosis",1,"Male",27,"Age-standardized",2001,"Rate",0.0457744598642857,0.0151680648664211,0.10545313334783
1,"Deaths",1797,"Plymouth County",25023,511,"Silicosis",1,"Male",27,"Age-standardized",2002,"Rate",0.0422830784257944,0.0139628499410134,0.100936430716098
1,"Deaths",1797,"Plymouth County",25023,511,"Silicosis",1,"Male",27,"Age-standardized",2003,"Rate",0.0437747769080424,0.0142934849445863,0.104154148855796
1,"Deaths",1797,"Plymouth County",25023,511,"Silicosis",1,"Male",27,"Age-standardized",2004,"Rate",0.042604563041705,0.013768923771377,0.100184431582635
1,"Deaths",1797,"Plymouth County",25023,511,"Silicosis",1,"Male",27,"Age-standardized",2005,"Rate",0.0398099473891252,0.013486787477169,0.0980082939790488
1,"Deaths",1797,"Plymouth County",25023,511,"Silicosis",1,"Male",27,"Age-standardized",2006,"Rate",0.0399503605421428,0.012883612358105,0.102664957079154
1,"Deaths",1797,"Plymouth County",25023,511,"Silicosis",1,"Male",27,"Age-standardized",2007,"Rate",0.0380330867554812,0.0121423267680849,0.0944512444441013
1,"Deaths",1797,"Plymouth County",25023,511,"Silicosis",1,"Male",27,"Age-standardized",2008,"Rate",0.0419212892696326,0.0135747945136394,0.106463641681772
1,"Deaths",1797,"Plymouth County",25023,511,"Silicosis",1,"Male",27,"Age-standardized",2009,"Rate",0.038674721310967,0.011994937144968,0.100114065588142
1,"Deaths",1797,"Plymouth County",25023,511,"Silicosis",1,"Male",27,"Age-standardized",2010,"Rate",0.0392669649334556,0.011994789954975,0.0967436478334656
1,"Deaths",1797,"Plymouth County",25023,511,"Silicosis",1,"Male",27,"Age-standardized",2011,"Rate",0.0406834692280492,0.0119242078414147,0.100349405036457
1,"Deaths",1797,"Plymouth County",25023,511,"Silicosis",1,"Male",27,"Age-standardized",2012,"Rate",0.0375026767745456,0.0107861763841619,0.0961852979165564
1,"Deaths",1797,"Plymouth County",25023,511,"Silicosis",1,"Male",27,"Age-standardized",2013,"Rate",0.0416224300849116,0.0111489828799205,0.104222167127935
1,"Deaths",1797,"Plymouth County",25023,511,"Silicosis",1,"Male",27,"Age-standardized",2014,"Rate",0.0429598366547541,0.0109277362406237,0.113395964466898
1,"Deaths",1797,"Plymouth County",25023,511,"Silicosis",2,"Female",27,"Age-standardized",1980,"Rate",0.00672873353780879,0.00119933388446819,0.0230576575948435
1,"Deaths",1797,"Plymouth County",25023,511,"Silicosis",2,"Female",27,"Age-standardized",1981,"Rate",0.00675700772042414,0.00125779981559645,0.0231425756132426
1,"Deaths",1797,"Plymouth County",25023,511,"Silicosis",2,"Female",27,"Age-standardized",1982,"Rate",0.00565844088187161,0.00105551994467511,0.0193931127326007
1,"Deaths",1797,"Plymouth County",25023,511,"Silicosis",2,"Female",27,"Age-standardized",1983,"Rate",0.00604522618136301,0.00110409609136364,0.0198914984545903
1,"Deaths",1797,"Plymouth County",25023,511,"Silicosis",2,"Female",27,"Age-standardized",1984,"Rate",0.00643388210411866,0.00120251034455509,0.0207694863256287
1,"Deaths",1797,"Plymouth County",25023,511,"Silicosis",2,"Female",27,"Age-standardized",1985,"Rate",0.00643038097662947,0.0012189735789995,0.0206870607968496
1,"Deaths",1797,"Plymouth County",25023,511,"Silicosis",2,"Female",27,"Age-standardized",1986,"Rate",0.00633309541843553,0.00121867723859997,0.0201932544927351
1,"Deaths",1797,"Plymouth County",25023,511,"Silicosis",2,"Female",27,"Age-standardized",1987,"Rate",0.00708459752767429,0.00134837863896775,0.0235452110830195
1,"Deaths",1797,"Plymouth County",25023,511,"Silicosis",2,"Female",27,"Age-standardized",1988,"Rate",0.00711427940302131,0.0014423028786601,0.0231394576379301
1,"Deaths",1797,"Plymouth County",25023,511,"Silicosis",2,"Female",27,"Age-standardized",1989,"Rate",0.00686477250197609,0.0013494873351653,0.021761401557963
1,"Deaths",1797,"Plymouth County",25023,511,"Silicosis",2,"Female",27,"Age-standardized",1990,"Rate",0.00616545694506763,0.00131812685851092,0.0202599189451852
1,"Deaths",1797,"Plymouth County",25023,511,"Silicosis",2,"Female",27,"Age-standardized",1991,"Rate",0.00598879235251625,0.00120950454741287,0.0188750427987823
1,"Deaths",1797,"Plymouth County",25023,511,"Silicosis",2,"Female",27,"Age-standardized",1992,"Rate",0.00629568977660629,0.00127153777394836,0.0197702343477528
1,"Deaths",1797,"Plymouth County",25023,511,"Silicosis",2,"Female",27,"Age-standardized",1993,"Rate",0.00606353313234412,0.00124072350318115,0.0191772303940219
1,"Deaths",1797,"Plymouth County",25023,511,"Silicosis",2,"Female",27,"Age-standardized",1994,"Rate",0.00624005167003805,0.0012469684810127,0.019432655682059
1,"Deaths",1797,"Plymouth County",25023,511,"Silicosis",2,"Female",27,"Age-standardized",1995,"Rate",0.0057853179822201,0.00113755960525931,0.01815119302152
1,"Deaths",1797,"Plymouth County",25023,511,"Silicosis",2,"Female",27,"Age-standardized",1996,"Rate",0.00575173499489055,0.0011337357735146,0.0185211091804175
1,"Deaths",1797,"Plymouth County",25023,511,"Silicosis",2,"Female",27,"Age-standardized",1997,"Rate",0.00549730284144099,0.00114667503256754,0.0175812177115772
1,"Deaths",1797,"Plymouth County",25023,511,"Silicosis",2,"Female",27,"Age-standardized",1998,"Rate",0.00504809330584093,0.00101666190825056,0.0152966847525901
1,"Deaths",1797,"Plymouth County",25023,511,"Silicosis",2,"Female",27,"Age-standardized",1999,"Rate",0.005225220061289,0.00106868510854063,0.016411796199029
1,"Deaths",1797,"Plymouth County",25023,511,"Silicosis",2,"Female",27,"Age-standardized",2000,"Rate",0.00534855437830055,0.00101567846945672,0.0167028094481388
1,"Deaths",1797,"Plymouth County",25023,511,"Silicosis",2,"Female",27,"Age-standardized",2001,"Rate",0.00618264655509719,0.00118976793968782,0.0192588246513724
1,"Deaths",1797,"Plymouth County",25023,511,"Silicosis",2,"Female",27,"Age-standardized",2002,"Rate",0.00682802743603488,0.00138226738711935,0.0215235051982011
1,"Deaths",1797,"Plymouth County",25023,511,"Silicosis",2,"Female",27,"Age-standardized",2003,"Rate",0.00669385366712945,0.00127705737266446,0.0195831826426999
1,"Deaths",1797,"Plymouth County",25023,511,"Silicosis",2,"Female",27,"Age-standardized",2004,"Rate",0.00597944239967384,0.00112544804909917,0.018717656458636
1,"Deaths",1797,"Plymouth County",25023,511,"Silicosis",2,"Female",27,"Age-standardized",2005,"Rate",0.00535879506680816,0.000998603054996698,0.0171366536760624
1,"Deaths",1797,"Plymouth County",25023,511,"Silicosis",2,"Female",27,"Age-standardized",2006,"Rate",0.00564364131477624,0.00104242699957621,0.0181977190202054
1,"Deaths",1797,"Plymouth County",25023,511,"Silicosis",2,"Female",27,"Age-standardized",2007,"Rate",0.00560901630884139,0.00103010098484776,0.0176218327327523
1,"Deaths",1797,"Plymouth County",25023,511,"Silicosis",2,"Female",27,"Age-standardized",2008,"Rate",0.00577438936558217,0.0010366815630488,0.0183561547626883
1,"Deaths",1797,"Plymouth County",25023,511,"Silicosis",2,"Female",27,"Age-standardized",2009,"Rate",0.00536331548418573,0.00089100081856669,0.0170532566708439
1,"Deaths",1797,"Plymouth County",25023,511,"Silicosis",2,"Female",27,"Age-standardized",2010,"Rate",0.00511801904420704,0.000849958997350764,0.016642456971985
1,"Deaths",1797,"Plymouth County",25023,511,"Silicosis",2,"Female",27,"Age-standardized",2011,"Rate",0.00524553158969092,0.000893000168142999,0.0171034457997349
1,"Deaths",1797,"Plymouth County",25023,511,"Silicosis",2,"Female",27,"Age-standardized",2012,"Rate",0.00523654215085187,0.000835473636153807,0.0174111776095177
1,"Deaths",1797,"Plymouth County",25023,511,"Silicosis",2,"Female",27,"Age-standardized",2013,"Rate",0.0053593721962654,0.000828190504754762,0.0176179711030142
1,"Deaths",1797,"Plymouth County",25023,511,"Silicosis",2,"Female",27,"Age-standardized",2014,"Rate",0.00524914736713045,0.000813782360347732,0.0180050527689798
1,"Deaths",1797,"Plymouth County",25023,511,"Silicosis",3,"Both",27,"Age-standardized",1980,"Rate",0.0318344302048987,0.0129038255699279,0.0641612524313638
1,"Deaths",1797,"Plymouth County",25023,511,"Silicosis",3,"Both",27,"Age-standardized",1981,"Rate",0.0304653930487867,0.0119152207822895,0.0613263364074787
1,"Deaths",1797,"Plymouth County",25023,511,"Silicosis",3,"Both",27,"Age-standardized",1982,"Rate",0.0296284210224342,0.0117181686664586,0.060308097028633
1,"Deaths",1797,"Plymouth County",25023,511,"Silicosis",3,"Both",27,"Age-standardized",1983,"Rate",0.0305185774286871,0.0120872078859623,0.0616836890321511
1,"Deaths",1797,"Plymouth County",25023,511,"Silicosis",3,"Both",27,"Age-standardized",1984,"Rate",0.0298530458803994,0.011840775061499,0.0586303413128691
1,"Deaths",1797,"Plymouth County",25023,511,"Silicosis",3,"Both",27,"Age-standardized",1985,"Rate",0.0292616474851138,0.0120160069544622,0.0567130925371119
1,"Deaths",1797,"Plymouth County",25023,511,"Silicosis",3,"Both",27,"Age-standardized",1986,"Rate",0.0286622000517139,0.0119180435612095,0.0539356055366821
1,"Deaths",1797,"Plymouth County",25023,511,"Silicosis",3,"Both",27,"Age-standardized",1987,"Rate",0.0282881918977719,0.0122302401092604,0.052486744698653
1,"Deaths",1797,"Plymouth County",25023,511,"Silicosis",3,"Both",27,"Age-standardized",1988,"Rate",0.0269597214410976,0.0116768122422576,0.0519672685903856
1,"Deaths",1797,"Plymouth County",25023,511,"Silicosis",3,"Both",27,"Age-standardized",1989,"Rate",0.0269409796758444,0.0114870830635716,0.0517929672943793
1,"Deaths",1797,"Plymouth County",25023,511,"Silicosis",3,"Both",27,"Age-standardized",1990,"Rate",0.0241725630441965,0.011041633390959,0.0462280216543306
1,"Deaths",1797,"Plymouth County",25023,511,"Silicosis",3,"Both",27,"Age-standardized",1991,"Rate",0.0246805750691779,0.0108268827212752,0.0473339843024422
1,"Deaths",1797,"Plymouth County",25023,511,"Silicosis",3,"Both",27,"Age-standardized",1992,"Rate",0.0239117302015295,0.0105685242501273,0.0463944337066693
1,"Deaths",1797,"Plymouth County",25023,511,"Silicosis",3,"Both",27,"Age-standardized",1993,"Rate",0.0238769622448167,0.0105709169855915,0.0462056769235888
1,"Deaths",1797,"Plymouth County",25023,511,"Silicosis",3,"Both",27,"Age-standardized",1994,"Rate",0.0235893535318254,0.0101477713831752,0.0463728719070944
1,"Deaths",1797,"Plymouth County",25023,511,"Silicosis",3,"Both",27,"Age-standardized",1995,"Rate",0.0225510408779275,0.00969472090427991,0.0438780762814183
1,"Deaths",1797,"Plymouth County",25023,511,"Silicosis",3,"Both",27,"Age-standardized",1996,"Rate",0.0221797429358519,0.00931073135851899,0.0448856533204629
1,"Deaths",1797,"Plymouth County",25023,511,"Silicosis",3,"Both",27,"Age-standardized",1997,"Rate",0.0217738284653801,0.00911668796305241,0.0449303769275723
1,"Deaths",1797,"Plymouth County",25023,511,"Silicosis",3,"Both",27,"Age-standardized",1998,"Rate",0.0206915160881444,0.00886499846244023,0.0425784394397338
1,"Deaths",1797,"Plymouth County",25023,511,"Silicosis",3,"Both",27,"Age-standardized",1999,"Rate",0.0204433432139324,0.00854936390405278,0.0429559891211373
1,"Deaths",1797,"Plymouth County",25023,511,"Silicosis",3,"Both",27,"Age-standardized",2000,"Rate",0.020025748614141,0.00793906242625974,0.0420491678485314
1,"Deaths",1797,"Plymouth County",25023,511,"Silicosis",3,"Both",27,"Age-standardized",2001,"Rate",0.0215935231818326,0.00841074335081136,0.0470426331787873
1,"Deaths",1797,"Plymouth County",25023,511,"Silicosis",3,"Both",27,"Age-standardized",2002,"Rate",0.0206669199063544,0.00872982634333742,0.0444876173758917
1,"Deaths",1797,"Plymouth County",25023,511,"Silicosis",3,"Both",27,"Age-standardized",2003,"Rate",0.0212393233389908,0.00833493863806463,0.0463691414496946
1,"Deaths",1797,"Plymouth County",25023,511,"Silicosis",3,"Both",27,"Age-standardized",2004,"Rate",0.0204500814296593,0.00789943996370057,0.0450090215762666
1,"Deaths",1797,"Plymouth County",25023,511,"Silicosis",3,"Both",27,"Age-standardized",2005,"Rate",0.0189613879719216,0.00721006258959386,0.0424427935441471
1,"Deaths",1797,"Plymouth County",25023,511,"Silicosis",3,"Both",27,"Age-standardized",2006,"Rate",0.019322001041834,0.00749294017062669,0.0439741140148147
1,"Deaths",1797,"Plymouth County",25023,511,"Silicosis",3,"Both",27,"Age-standardized",2007,"Rate",0.0185942787778913,0.00729393609005535,0.0409122700891608
1,"Deaths",1797,"Plymouth County",25023,511,"Silicosis",3,"Both",27,"Age-standardized",2008,"Rate",0.0203275341492911,0.00801162225317439,0.0494559927756254
1,"Deaths",1797,"Plymouth County",25023,511,"Silicosis",3,"Both",27,"Age-standardized",2009,"Rate",0.0188925234274274,0.00687444165512565,0.0434778587214755
1,"Deaths",1797,"Plymouth County",25023,511,"Silicosis",3,"Both",27,"Age-standardized",2010,"Rate",0.0190144804813053,0.00699084865066301,0.0426095148378397
1,"Deaths",1797,"Plymouth County",25023,511,"Silicosis",3,"Both",27,"Age-standardized",2011,"Rate",0.0196538974377171,0.00701231245227171,0.0458231850742764
1,"Deaths",1797,"Plymouth County",25023,511,"Silicosis",3,"Both",27,"Age-standardized",2012,"Rate",0.01843557847658,0.0065915563928311,0.044250753079161
1,"Deaths",1797,"Plymouth County",25023,511,"Silicosis",3,"Both",27,"Age-standardized",2013,"Rate",0.0202789986410519,0.00683980216932805,0.0472542532658497
1,"Deaths",1797,"Plymouth County",25023,511,"Silicosis",3,"Both",27,"Age-standardized",2014,"Rate",0.0206877489038089,0.00679795381353996,0.0504006982726536
1,"Deaths",1795,"Suffolk County",25025,511,"Silicosis",1,"Male",27,"Age-standardized",1980,"Rate",0.0907081346138052,0.0329578070863861,0.174768094225748
1,"Deaths",1795,"Suffolk County",25025,511,"Silicosis",1,"Male",27,"Age-standardized",1981,"Rate",0.0822432363926961,0.0279861957714961,0.162555063022265
1,"Deaths",1795,"Suffolk County",25025,511,"Silicosis",1,"Male",27,"Age-standardized",1982,"Rate",0.0841566199719701,0.0302918252268724,0.156253128111407
1,"Deaths",1795,"Suffolk County",25025,511,"Silicosis",1,"Male",27,"Age-standardized",1983,"Rate",0.0835902992642409,0.0292180345821842,0.160222381884987
1,"Deaths",1795,"Suffolk County",25025,511,"Silicosis",1,"Male",27,"Age-standardized",1984,"Rate",0.0766148291860071,0.0289895964832675,0.142328200932564
1,"Deaths",1795,"Suffolk County",25025,511,"Silicosis",1,"Male",27,"Age-standardized",1985,"Rate",0.074619667038624,0.0286587888686796,0.139539100353278
1,"Deaths",1795,"Suffolk County",25025,511,"Silicosis",1,"Male",27,"Age-standardized",1986,"Rate",0.0731562479478612,0.0284088411496255,0.141507400724333
1,"Deaths",1795,"Suffolk County",25025,511,"Silicosis",1,"Male",27,"Age-standardized",1987,"Rate",0.0708927022766474,0.0257842447440525,0.131243354226864
1,"Deaths",1795,"Suffolk County",25025,511,"Silicosis",1,"Male",27,"Age-standardized",1988,"Rate",0.0664990153291878,0.0249313197874106,0.125327349460586
1,"Deaths",1795,"Suffolk County",25025,511,"Silicosis",1,"Male",27,"Age-standardized",1989,"Rate",0.0642966376691053,0.0249180026808193,0.121284417651119
1,"Deaths",1795,"Suffolk County",25025,511,"Silicosis",1,"Male",27,"Age-standardized",1990,"Rate",0.0579845005636599,0.0220257765875585,0.113968230620064
1,"Deaths",1795,"Suffolk County",25025,511,"Silicosis",1,"Male",27,"Age-standardized",1991,"Rate",0.0580348255379385,0.0233288190091797,0.112116063618384
1,"Deaths",1795,"Suffolk County",25025,511,"Silicosis",1,"Male",27,"Age-standardized",1992,"Rate",0.054004010347988,0.0204324276320685,0.103862974177684
1,"Deaths",1795,"Suffolk County",25025,511,"Silicosis",1,"Male",27,"Age-standardized",1993,"Rate",0.0516810478061414,0.019713499502489,0.0998002515267899
1,"Deaths",1795,"Suffolk County",25025,511,"Silicosis",1,"Male",27,"Age-standardized",1994,"Rate",0.0499727709414278,0.0199620468066551,0.099575173624177
1,"Deaths",1795,"Suffolk County",25025,511,"Silicosis",1,"Male",27,"Age-standardized",1995,"Rate",0.0485972577175317,0.0190329500024893,0.0942609897348428
1,"Deaths",1795,"Suffolk County",25025,511,"Silicosis",1,"Male",27,"Age-standardized",1996,"Rate",0.0432348359092255,0.0160190842448033,0.0846137132387111
1,"Deaths",1795,"Suffolk County",25025,511,"Silicosis",1,"Male",27,"Age-standardized",1997,"Rate",0.0415616036157068,0.0156137681480667,0.0849761591435273
1,"Deaths",1795,"Suffolk County",25025,511,"Silicosis",1,"Male",27,"Age-standardized",1998,"Rate",0.0378262803903415,0.0140646995152213,0.0824499588155312
1,"Deaths",1795,"Suffolk County",25025,511,"Silicosis",1,"Male",27,"Age-standardized",1999,"Rate",0.0388108464765261,0.0146462460645273,0.0801048754929936
1,"Deaths",1795,"Suffolk County",25025,511,"Silicosis",1,"Male",27,"Age-standardized",2000,"Rate",0.0354360898752323,0.012553387682043,0.0763287319309721
1,"Deaths",1795,"Suffolk County",25025,511,"Silicosis",1,"Male",27,"Age-standardized",2001,"Rate",0.0347811614866176,0.0125577649026271,0.0759943573864665
1,"Deaths",1795,"Suffolk County",25025,511,"Silicosis",1,"Male",27,"Age-standardized",2002,"Rate",0.0345592281247436,0.0124507605728611,0.0740759834481623
1,"Deaths",1795,"Suffolk County",25025,511,"Silicosis",1,"Male",27,"Age-standardized",2003,"Rate",0.0346814237298321,0.011761862838019,0.0780186940231336
1,"Deaths",1795,"Suffolk County",25025,511,"Silicosis",1,"Male",27,"Age-standardized",2004,"Rate",0.0330004824138339,0.0114210222178706,0.0731744521116777
1,"Deaths",1795,"Suffolk County",25025,511,"Silicosis",1,"Male",27,"Age-standardized",2005,"Rate",0.0328468644306909,0.0106079393153663,0.0790836075571418
1,"Deaths",1795,"Suffolk County",25025,511,"Silicosis",1,"Male",27,"Age-standardized",2006,"Rate",0.0313826066653106,0.0103418931180369,0.0670352192346214
1,"Deaths",1795,"Suffolk County",25025,511,"Silicosis",1,"Male",27,"Age-standardized",2007,"Rate",0.0286026724369516,0.00944174808428764,0.0637486584620909
1,"Deaths",1795,"Suffolk County",25025,511,"Silicosis",1,"Male",27,"Age-standardized",2008,"Rate",0.0312788479445757,0.00999608310195422,0.074752455601137
1,"Deaths",1795,"Suffolk County",25025,511,"Silicosis",1,"Male",27,"Age-standardized",2009,"Rate",0.0283286973356001,0.0088004767394029,0.0658937473385258
1,"Deaths",1795,"Suffolk County",25025,511,"Silicosis",1,"Male",27,"Age-standardized",2010,"Rate",0.0290347242963715,0.00841807184739012,0.0680233775218198
1,"Deaths",1795,"Suffolk County",25025,511,"Silicosis",1,"Male",27,"Age-standardized",2011,"Rate",0.0278306149364688,0.00834077452584607,0.0683980007473912
1,"Deaths",1795,"Suffolk County",25025,511,"Silicosis",1,"Male",27,"Age-standardized",2012,"Rate",0.0279838339368209,0.00834796896923032,0.0675292296825998
1,"Deaths",1795,"Suffolk County",25025,511,"Silicosis",1,"Male",27,"Age-standardized",2013,"Rate",0.0280215496783479,0.00736253855559387,0.064416913670107
1,"Deaths",1795,"Suffolk County",25025,511,"Silicosis",1,"Male",27,"Age-standardized",2014,"Rate",0.0310572083414026,0.00848141189550154,0.0774123935613091
1,"Deaths",1795,"Suffolk County",25025,511,"Silicosis",2,"Female",27,"Age-standardized",1980,"Rate",0.00320559539806288,0.000548651213110385,0.0118377107383859
1,"Deaths",1795,"Suffolk County",25025,511,"Silicosis",2,"Female",27,"Age-standardized",1981,"Rate",0.00315507389886914,0.000568340783345027,0.0114434433923053
1,"Deaths",1795,"Suffolk County",25025,511,"Silicosis",2,"Female",27,"Age-standardized",1982,"Rate",0.00263632173386908,0.000441310946441397,0.0101911725313742
1,"Deaths",1795,"Suffolk County",25025,511,"Silicosis",2,"Female",27,"Age-standardized",1983,"Rate",0.00273627955799596,0.000482028764829732,0.0100644027954335
1,"Deaths",1795,"Suffolk County",25025,511,"Silicosis",2,"Female",27,"Age-standardized",1984,"Rate",0.00287673780591591,0.000517315926696716,0.00986630786366604
1,"Deaths",1795,"Suffolk County",25025,511,"Silicosis",2,"Female",27,"Age-standardized",1985,"Rate",0.00284303434993329,0.000518280737146026,0.00974279171734237
1,"Deaths",1795,"Suffolk County",25025,511,"Silicosis",2,"Female",27,"Age-standardized",1986,"Rate",0.00272458671183678,0.000500696678660579,0.0100894541325447
1,"Deaths",1795,"Suffolk County",25025,511,"Silicosis",2,"Female",27,"Age-standardized",1987,"Rate",0.00308828837616103,0.000562024039713257,0.0111112584464266
1,"Deaths",1795,"Suffolk County",25025,511,"Silicosis",2,"Female",27,"Age-standardized",1988,"Rate",0.00312409823511988,0.000602411478960544,0.0109136307893931
1,"Deaths",1795,"Suffolk County",25025,511,"Silicosis",2,"Female",27,"Age-standardized",1989,"Rate",0.00292852755927444,0.000537923892426887,0.0100605291234671
1,"Deaths",1795,"Suffolk County",25025,511,"Silicosis",2,"Female",27,"Age-standardized",1990,"Rate",0.00271023904288828,0.000491250792002242,0.00953571771914175
1,"Deaths",1795,"Suffolk County",25025,511,"Silicosis",2,"Female",27,"Age-standardized",1991,"Rate",0.00253224376755382,0.000453683561746385,0.00917493733611852
1,"Deaths",1795,"Suffolk County",25025,511,"Silicosis",2,"Female",27,"Age-standardized",1992,"Rate",0.00266570512159796,0.000507752878124807,0.00938218395629878
1,"Deaths",1795,"Suffolk County",25025,511,"Silicosis",2,"Female",27,"Age-standardized",1993,"Rate",0.00252115286516691,0.000474653991747448,0.00859741372746382
1,"Deaths",1795,"Suffolk County",25025,511,"Silicosis",2,"Female",27,"Age-standardized",1994,"Rate",0.00251122850977465,0.000447961414160921,0.0083234951838745
1,"Deaths",1795,"Suffolk County",25025,511,"Silicosis",2,"Female",27,"Age-standardized",1995,"Rate",0.00236146406714072,0.000439671912077852,0.00847889004929194
1,"Deaths",1795,"Suffolk County",25025,511,"Silicosis",2,"Female",27,"Age-standardized",1996,"Rate",0.00223657583178895,0.0004030683343633,0.00818877895831703
1,"Deaths",1795,"Suffolk County",25025,511,"Silicosis",2,"Female",27,"Age-standardized",1997,"Rate",0.0021737540937428,0.000410485297945988,0.00805367922806141
1,"Deaths",1795,"Suffolk County",25025,511,"Silicosis",2,"Female",27,"Age-standardized",1998,"Rate",0.00195421304293898,0.000365108088269301,0.00674170924135655
1,"Deaths",1795,"Suffolk County",25025,511,"Silicosis",2,"Female",27,"Age-standardized",1999,"Rate",0.00202142963700839,0.000363883775548261,0.00700613852476106
1,"Deaths",1795,"Suffolk County",25025,511,"Silicosis",2,"Female",27,"Age-standardized",2000,"Rate",0.00196371689384997,0.000370961908537947,0.00693960979652296
1,"Deaths",1795,"Suffolk County",25025,511,"Silicosis",2,"Female",27,"Age-standardized",2001,"Rate",0.00224419099590736,0.000397430860991164,0.00781512489112632
1,"Deaths",1795,"Suffolk County",25025,511,"Silicosis",2,"Female",27,"Age-standardized",2002,"Rate",0.00246308200415173,0.000425273181201536,0.00892006559314914
1,"Deaths",1795,"Suffolk County",25025,511,"Silicosis",2,"Female",27,"Age-standardized",2003,"Rate",0.00239805048629488,0.00042241760955436,0.0090348593117439
1,"Deaths",1795,"Suffolk County",25025,511,"Silicosis",2,"Female",27,"Age-standardized",2004,"Rate",0.00213730257284909,0.000378168769606033,0.00808875404807885
1,"Deaths",1795,"Suffolk County",25025,511,"Silicosis",2,"Female",27,"Age-standardized",2005,"Rate",0.00191597478550156,0.000328271044850511,0.00716244426299298
1,"Deaths",1795,"Suffolk County",25025,511,"Silicosis",2,"Female",27,"Age-standardized",2006,"Rate",0.00193130867365012,0.000330532112842936,0.00759945255608816
1,"Deaths",1795,"Suffolk County",25025,511,"Silicosis",2,"Female",27,"Age-standardized",2007,"Rate",0.00198961896787927,0.000330636614048499,0.00709376199246606
1,"Deaths",1795,"Suffolk County",25025,511,"Silicosis",2,"Female",27,"Age-standardized",2008,"Rate",0.00196844253681635,0.000310493725969623,0.00802501780457454
1,"Deaths",1795,"Suffolk County",25025,511,"Silicosis",2,"Female",27,"Age-standardized",2009,"Rate",0.00179455549857303,0.000287241524880042,0.00713564172101184
1,"Deaths",1795,"Suffolk County",25025,511,"Silicosis",2,"Female",27,"Age-standardized",2010,"Rate",0.00167112403019457,0.000261387260394244,0.00615876162983968
1,"Deaths",1795,"Suffolk County",25025,511,"Silicosis",2,"Female",27,"Age-standardized",2011,"Rate",0.00171240797887443,0.000245205796959738,0.00681191068900264
1,"Deaths",1795,"Suffolk County",25025,511,"Silicosis",2,"Female",27,"Age-standardized",2012,"Rate",0.00169639895936653,0.000259037263930609,0.00668334044122861
1,"Deaths",1795,"Suffolk County",25025,511,"Silicosis",2,"Female",27,"Age-standardized",2013,"Rate",0.00171642550732621,0.000239716295291757,0.0071415875280888
1,"Deaths",1795,"Suffolk County",25025,511,"Silicosis",2,"Female",27,"Age-standardized",2014,"Rate",0.00163010570691766,0.00022990649260046,0.00643288530133654
1,"Deaths",1795,"Suffolk County",25025,511,"Silicosis",3,"Both",27,"Age-standardized",1980,"Rate",0.0352514059178722,0.0136073653640897,0.0662672508642958
1,"Deaths",1795,"Suffolk County",25025,511,"Silicosis",3,"Both",27,"Age-standardized",1981,"Rate",0.0318287808878366,0.012068792016647,0.0598026489864052
1,"Deaths",1795,"Suffolk County",25025,511,"Silicosis",3,"Both",27,"Age-standardized",1982,"Rate",0.0320553434879849,0.0128239492480057,0.0582862003957527
1,"Deaths",1795,"Suffolk County",25025,511,"Silicosis",3,"Both",27,"Age-standardized",1983,"Rate",0.0316813898156151,0.0120954265274659,0.0594757393292966
1,"Deaths",1795,"Suffolk County",25025,511,"Silicosis",3,"Both",27,"Age-standardized",1984,"Rate",0.0292479586542103,0.0121400305331896,0.0532078169566012
1,"Deaths",1795,"Suffolk County",25025,511,"Silicosis",3,"Both",27,"Age-standardized",1985,"Rate",0.0283139128057768,0.0118786089069126,0.0521000104537308
1,"Deaths",1795,"Suffolk County",25025,511,"Silicosis",3,"Both",27,"Age-standardized",1986,"Rate",0.0275421911143129,0.0115293864125168,0.0523413020780517
1,"Deaths",1795,"Suffolk County",25025,511,"Silicosis",3,"Both",27,"Age-standardized",1987,"Rate",0.0269155702956723,0.0106269692597228,0.0499402721943647
1,"Deaths",1795,"Suffolk County",25025,511,"Silicosis",3,"Both",27,"Age-standardized",1988,"Rate",0.0253933487693991,0.0103943077895748,0.047103811321479
1,"Deaths",1795,"Suffolk County",25025,511,"Silicosis",3,"Both",27,"Age-standardized",1989,"Rate",0.0244311059357854,0.0102013561799656,0.0440474930199969
1,"Deaths",1795,"Suffolk County",25025,511,"Silicosis",3,"Both",27,"Age-standardized",1990,"Rate",0.022158014144994,0.00913576956003943,0.0422323641184649
1,"Deaths",1795,"Suffolk County",25025,511,"Silicosis",3,"Both",27,"Age-standardized",1991,"Rate",0.0220707485079795,0.00957599761476623,0.0421396810782094
1,"Deaths",1795,"Suffolk County",25025,511,"Silicosis",3,"Both",27,"Age-standardized",1992,"Rate",0.0207301517475137,0.00902911376436483,0.0389868819018471
1,"Deaths",1795,"Suffolk County",25025,511,"Silicosis",3,"Both",27,"Age-standardized",1993,"Rate",0.0198958929069531,0.0081821254034338,0.0381002355701105
1,"Deaths",1795,"Suffolk County",25025,511,"Silicosis",3,"Both",27,"Age-standardized",1994,"Rate",0.0193811334091843,0.00858670610213499,0.0369955679913083
1,"Deaths",1795,"Suffolk County",25025,511,"Silicosis",3,"Both",27,"Age-standardized",1995,"Rate",0.0189087577834759,0.00804475957150285,0.0356618624497088
1,"Deaths",1795,"Suffolk County",25025,511,"Silicosis",3,"Both",27,"Age-standardized",1996,"Rate",0.0170020410151259,0.00716836899904505,0.0323121763650487
1,"Deaths",1795,"Suffolk County",25025,511,"Silicosis",3,"Both",27,"Age-standardized",1997,"Rate",0.0165358506409393,0.00707410236258078,0.0319164690200387
1,"Deaths",1795,"Suffolk County",25025,511,"Silicosis",3,"Both",27,"Age-standardized",1998,"Rate",0.0150508057686908,0.00619320276934938,0.0309683777794262
1,"Deaths",1795,"Suffolk County",25025,511,"Silicosis",3,"Both",27,"Age-standardized",1999,"Rate",0.0155755756020949,0.00645334680933917,0.0304359076034432
1,"Deaths",1795,"Suffolk County",25025,511,"Silicosis",3,"Both",27,"Age-standardized",2000,"Rate",0.0144265014207294,0.00558338105733938,0.0298180839198418
1,"Deaths",1795,"Suffolk County",25025,511,"Silicosis",3,"Both",27,"Age-standardized",2001,"Rate",0.014505178968158,0.00573481244783486,0.0304532633938331
1,"Deaths",1795,"Suffolk County",25025,511,"Silicosis",3,"Both",27,"Age-standardized",2002,"Rate",0.014621334976224,0.00596693225544994,0.0295953135008676
1,"Deaths",1795,"Suffolk County",25025,511,"Silicosis",3,"Both",27,"Age-standardized",2003,"Rate",0.0146814351962759,0.00544723638306135,0.031006891248014
1,"Deaths",1795,"Suffolk County",25025,511,"Silicosis",3,"Both",27,"Age-standardized",2004,"Rate",0.0139692509278456,0.00523820030345642,0.0293898934661896
1,"Deaths",1795,"Suffolk County",25025,511,"Silicosis",3,"Both",27,"Age-standardized",2005,"Rate",0.0138207521926127,0.00480701487062718,0.0313693019877309
1,"Deaths",1795,"Suffolk County",25025,511,"Silicosis",3,"Both",27,"Age-standardized",2006,"Rate",0.0134096965333564,0.00485188488072444,0.0267830622853084
1,"Deaths",1795,"Suffolk County",25025,511,"Silicosis",3,"Both",27,"Age-standardized",2007,"Rate",0.0123746669289875,0.0043746866140733,0.026628805616255
1,"Deaths",1795,"Suffolk County",25025,511,"Silicosis",3,"Both",27,"Age-standardized",2008,"Rate",0.0134670930485471,0.00467574740473029,0.0302571831429219
1,"Deaths",1795,"Suffolk County",25025,511,"Silicosis",3,"Both",27,"Age-standardized",2009,"Rate",0.0122583415889425,0.00413259333959652,0.0267771558287371
1,"Deaths",1795,"Suffolk County",25025,511,"Silicosis",3,"Both",27,"Age-standardized",2010,"Rate",0.012466534706976,0.00415488250500013,0.0280112962442153
1,"Deaths",1795,"Suffolk County",25025,511,"Silicosis",3,"Both",27,"Age-standardized",2011,"Rate",0.0120031901164906,0.00391253983707597,0.0277223947791302
1,"Deaths",1795,"Suffolk County",25025,511,"Silicosis",3,"Both",27,"Age-standardized",2012,"Rate",0.012105954550444,0.00389717234931917,0.0273791824273413
1,"Deaths",1795,"Suffolk County",25025,511,"Silicosis",3,"Both",27,"Age-standardized",2013,"Rate",0.0122428461660941,0.00377288885865682,0.0263072362819999
1,"Deaths",1795,"Suffolk County",25025,511,"Silicosis",3,"Both",27,"Age-standardized",2014,"Rate",0.0133074717364047,0.00409752405829386,0.0317042152757145
1,"Deaths",1793,"Worcester County",25027,511,"Silicosis",1,"Male",27,"Age-standardized",1980,"Rate",0.243602302895353,0.116934903973351,0.407431044832641
1,"Deaths",1793,"Worcester County",25027,511,"Silicosis",1,"Male",27,"Age-standardized",1981,"Rate",0.214659576666016,0.105153256503503,0.359234561431378
1,"Deaths",1793,"Worcester County",25027,511,"Silicosis",1,"Male",27,"Age-standardized",1982,"Rate",0.20531655678945,0.0998149218097256,0.344482033419959
1,"Deaths",1793,"Worcester County",25027,511,"Silicosis",1,"Male",27,"Age-standardized",1983,"Rate",0.207209454243841,0.099978419746005,0.350041483625695
1,"Deaths",1793,"Worcester County",25027,511,"Silicosis",1,"Male",27,"Age-standardized",1984,"Rate",0.201972812850312,0.10180520923722,0.328801030223428
1,"Deaths",1793,"Worcester County",25027,511,"Silicosis",1,"Male",27,"Age-standardized",1985,"Rate",0.207192547999343,0.104588953457958,0.324880402774318
1,"Deaths",1793,"Worcester County",25027,511,"Silicosis",1,"Male",27,"Age-standardized",1986,"Rate",0.200771160420528,0.102151393812895,0.328277004280254
1,"Deaths",1793,"Worcester County",25027,511,"Silicosis",1,"Male",27,"Age-standardized",1987,"Rate",0.198000405289631,0.105602922416744,0.329206456106429
1,"Deaths",1793,"Worcester County",25027,511,"Silicosis",1,"Male",27,"Age-standardized",1988,"Rate",0.175012727469075,0.0985048184103913,0.282093383013989
1,"Deaths",1793,"Worcester County",25027,511,"Silicosis",1,"Male",27,"Age-standardized",1989,"Rate",0.169749788535254,0.0908954854884385,0.260963591795615
1,"Deaths",1793,"Worcester County",25027,511,"Silicosis",1,"Male",27,"Age-standardized",1990,"Rate",0.159625787153147,0.0879060550456243,0.246262935039963
1,"Deaths",1793,"Worcester County",25027,511,"Silicosis",1,"Male",27,"Age-standardized",1991,"Rate",0.151201919456281,0.0826285630142955,0.238706172350705
1,"Deaths",1793,"Worcester County",25027,511,"Silicosis",1,"Male",27,"Age-standardized",1992,"Rate",0.148450039711739,0.085069032285818,0.229339779879413
1,"Deaths",1793,"Worcester County",25027,511,"Silicosis",1,"Male",27,"Age-standardized",1993,"Rate",0.141142776556828,0.0805541560105166,0.225763941546273
1,"Deaths",1793,"Worcester County",25027,511,"Silicosis",1,"Male",27,"Age-standardized",1994,"Rate",0.138192253097452,0.0775122037010568,0.219368646762669
1,"Deaths",1793,"Worcester County",25027,511,"Silicosis",1,"Male",27,"Age-standardized",1995,"Rate",0.135642279198271,0.0751666665151745,0.214530303287156
1,"Deaths",1793,"Worcester County",25027,511,"Silicosis",1,"Male",27,"Age-standardized",1996,"Rate",0.121428245082033,0.0683120014973289,0.194648220452963
1,"Deaths",1793,"Worcester County",25027,511,"Silicosis",1,"Male",27,"Age-standardized",1997,"Rate",0.120063895966523,0.0681549516224674,0.2100524198228
1,"Deaths",1793,"Worcester County",25027,511,"Silicosis",1,"Male",27,"Age-standardized",1998,"Rate",0.117206492886777,0.0639178422953202,0.204083897010916
1,"Deaths",1793,"Worcester County",25027,511,"Silicosis",1,"Male",27,"Age-standardized",1999,"Rate",0.109095181448375,0.0598915957258969,0.194820969694193
1,"Deaths",1793,"Worcester County",25027,511,"Silicosis",1,"Male",27,"Age-standardized",2000,"Rate",0.0979298049523276,0.0510109046218744,0.182723136256855
1,"Deaths",1793,"Worcester County",25027,511,"Silicosis",1,"Male",27,"Age-standardized",2001,"Rate",0.0926397635493489,0.0484790274414842,0.173151170111189
1,"Deaths",1793,"Worcester County",25027,511,"Silicosis",1,"Male",27,"Age-standardized",2002,"Rate",0.0923551533775062,0.0492095203328937,0.16900078248824
1,"Deaths",1793,"Worcester County",25027,511,"Silicosis",1,"Male",27,"Age-standardized",2003,"Rate",0.0899805557561826,0.0458678877629547,0.17251384283064
1,"Deaths",1793,"Worcester County",25027,511,"Silicosis",1,"Male",27,"Age-standardized",2004,"Rate",0.0810139095729128,0.0428878038622541,0.157150438462681
1,"Deaths",1793,"Worcester County",25027,511,"Silicosis",1,"Male",27,"Age-standardized",2005,"Rate",0.07884319017417,0.040829081326066,0.155342002642662
1,"Deaths",1793,"Worcester County",25027,511,"Silicosis",1,"Male",27,"Age-standardized",2006,"Rate",0.0746534137270478,0.0375628231440399,0.147542461938079
1,"Deaths",1793,"Worcester County",25027,511,"Silicosis",1,"Male",27,"Age-standardized",2007,"Rate",0.0707221795744507,0.0343028742086826,0.13818818819307
1,"Deaths",1793,"Worcester County",25027,511,"Silicosis",1,"Male",27,"Age-standardized",2008,"Rate",0.0696831558311529,0.0335913146004399,0.138746736876683
1,"Deaths",1793,"Worcester County",25027,511,"Silicosis",1,"Male",27,"Age-standardized",2009,"Rate",0.0659764744012511,0.0304710728933654,0.128991360809522
1,"Deaths",1793,"Worcester County",25027,511,"Silicosis",1,"Male",27,"Age-standardized",2010,"Rate",0.0647586339460733,0.030569998550037,0.129794758496346
1,"Deaths",1793,"Worcester County",25027,511,"Silicosis",1,"Male",27,"Age-standardized",2011,"Rate",0.0618395623410406,0.0294238577207667,0.121269333085595
1,"Deaths",1793,"Worcester County",25027,511,"Silicosis",1,"Male",27,"Age-standardized",2012,"Rate",0.0619851805585003,0.0280813623201646,0.121650171107661
1,"Deaths",1793,"Worcester County",25027,511,"Silicosis",1,"Male",27,"Age-standardized",2013,"Rate",0.0644499979567836,0.0277740210281091,0.135356013837573
1,"Deaths",1793,"Worcester County",25027,511,"Silicosis",1,"Male",27,"Age-standardized",2014,"Rate",0.0665555611826047,0.0288154890846174,0.137678377529367
1,"Deaths",1793,"Worcester County",25027,511,"Silicosis",2,"Female",27,"Age-standardized",1980,"Rate",0.00442038769728995,0.00137751646633717,0.0111916202349707
1,"Deaths",1793,"Worcester County",25027,511,"Silicosis",2,"Female",27,"Age-standardized",1981,"Rate",0.00427430135414765,0.00131379822633929,0.0109459442444646
1,"Deaths",1793,"Worcester County",25027,511,"Silicosis",2,"Female",27,"Age-standardized",1982,"Rate",0.00356456899536749,0.00105977611067751,0.0090962526860203
1,"Deaths",1793,"Worcester County",25027,511,"Silicosis",2,"Female",27,"Age-standardized",1983,"Rate",0.00373164398557594,0.00115720430336228,0.00967963072664962
1,"Deaths",1793,"Worcester County",25027,511,"Silicosis",2,"Female",27,"Age-standardized",1984,"Rate",0.00395962179949017,0.0011921403164209,0.00986050499027889
1,"Deaths",1793,"Worcester County",25027,511,"Silicosis",2,"Female",27,"Age-standardized",1985,"Rate",0.00394976798760321,0.00124723406224745,0.00998207072492297
1,"Deaths",1793,"Worcester County",25027,511,"Silicosis",2,"Female",27,"Age-standardized",1986,"Rate",0.00378860287917039,0.00116736075525759,0.0097080672304411
1,"Deaths",1793,"Worcester County",25027,511,"Silicosis",2,"Female",27,"Age-standardized",1987,"Rate",0.0043504895417337,0.00136461751459962,0.0113132515426207
1,"Deaths",1793,"Worcester County",25027,511,"Silicosis",2,"Female",27,"Age-standardized",1988,"Rate",0.00425637301780565,0.00136118214018266,0.0109614697527778
1,"Deaths",1793,"Worcester County",25027,511,"Silicosis",2,"Female",27,"Age-standardized",1989,"Rate",0.00422599374519424,0.00132303348512007,0.0107630001741415
1,"Deaths",1793,"Worcester County",25027,511,"Silicosis",2,"Female",27,"Age-standardized",1990,"Rate",0.00369576052255154,0.00113943284703906,0.00894464296697846
1,"Deaths",1793,"Worcester County",25027,511,"Silicosis",2,"Female",27,"Age-standardized",1991,"Rate",0.00355652294319384,0.00113953833352295,0.00897489751589247
1,"Deaths",1793,"Worcester County",25027,511,"Silicosis",2,"Female",27,"Age-standardized",1992,"Rate",0.00360726802495817,0.00108627174630478,0.00874234634970552
1,"Deaths",1793,"Worcester County",25027,511,"Silicosis",2,"Female",27,"Age-standardized",1993,"Rate",0.00346476343205564,0.00105708696465142,0.00845834342714655
1,"Deaths",1793,"Worcester County",25027,511,"Silicosis",2,"Female",27,"Age-standardized",1994,"Rate",0.00356584495175838,0.00111998215000885,0.00886741192406868
1,"Deaths",1793,"Worcester County",25027,511,"Silicosis",2,"Female",27,"Age-standardized",1995,"Rate",0.003317553528274,0.00102423443027532,0.00821793511506371
1,"Deaths",1793,"Worcester County",25027,511,"Silicosis",2,"Female",27,"Age-standardized",1996,"Rate",0.00316542589888997,0.000982834856934381,0.00763130290118956
1,"Deaths",1793,"Worcester County",25027,511,"Silicosis",2,"Female",27,"Age-standardized",1997,"Rate",0.00309224875018088,0.000946366749056152,0.00733061191779428
1,"Deaths",1793,"Worcester County",25027,511,"Silicosis",2,"Female",27,"Age-standardized",1998,"Rate",0.00279726032238568,0.000831236423857759,0.00702483193991211
1,"Deaths",1793,"Worcester County",25027,511,"Silicosis",2,"Female",27,"Age-standardized",1999,"Rate",0.00282195136869961,0.000869622511147044,0.00712935946459145
1,"Deaths",1793,"Worcester County",25027,511,"Silicosis",2,"Female",27,"Age-standardized",2000,"Rate",0.00289400015323295,0.000864975358552117,0.00731016289112999
1,"Deaths",1793,"Worcester County",25027,511,"Silicosis",2,"Female",27,"Age-standardized",2001,"Rate",0.0032307926191878,0.000948870530543631,0.00785027359646413
1,"Deaths",1793,"Worcester County",25027,511,"Silicosis",2,"Female",27,"Age-standardized",2002,"Rate",0.00356443236320072,0.000985457592975477,0.00904098235217579
1,"Deaths",1793,"Worcester County",25027,511,"Silicosis",2,"Female",27,"Age-standardized",2003,"Rate",0.00337829368383045,0.00101326601486067,0.00852589199138269
1,"Deaths",1793,"Worcester County",25027,511,"Silicosis",2,"Female",27,"Age-standardized",2004,"Rate",0.00303483459797381,0.000871261209037595,0.00790985475469907
1,"Deaths",1793,"Worcester County",25027,511,"Silicosis",2,"Female",27,"Age-standardized",2005,"Rate",0.0027388752370062,0.000770117738814241,0.00705547003944253
1,"Deaths",1793,"Worcester County",25027,511,"Silicosis",2,"Female",27,"Age-standardized",2006,"Rate",0.00284166533876496,0.000806931584422338,0.00739786181586316
1,"Deaths",1793,"Worcester County",25027,511,"Silicosis",2,"Female",27,"Age-standardized",2007,"Rate",0.00287517682186135,0.000834519956146021,0.00725966916524418
1,"Deaths",1793,"Worcester County",25027,511,"Silicosis",2,"Female",27,"Age-standardized",2008,"Rate",0.00290632461765976,0.000806217249503306,0.00773672851226099
1,"Deaths",1793,"Worcester County",25027,511,"Silicosis",2,"Female",27,"Age-standardized",2009,"Rate",0.00262954440498976,0.000752990890297514,0.0066854049294497
1,"Deaths",1793,"Worcester County",25027,511,"Silicosis",2,"Female",27,"Age-standardized",2010,"Rate",0.00244936641876692,0.000668079448652401,0.0063664231452629
1,"Deaths",1793,"Worcester County",25027,511,"Silicosis",2,"Female",27,"Age-standardized",2011,"Rate",0.0024709656717421,0.000681605354381719,0.00670849380963353
1,"Deaths",1793,"Worcester County",25027,511,"Silicosis",2,"Female",27,"Age-standardized",2012,"Rate",0.00248183291170569,0.000651592487864176,0.00674806823461441
1,"Deaths",1793,"Worcester County",25027,511,"Silicosis",2,"Female",27,"Age-standardized",2013,"Rate",0.00247422434588376,0.000632990389531509,0.00675560437639277
1,"Deaths",1793,"Worcester County",25027,511,"Silicosis",2,"Female",27,"Age-standardized",2014,"Rate",0.00242211488721435,0.000597033626989158,0.00684278441191063
1,"Deaths",1793,"Worcester County",25027,511,"Silicosis",3,"Both",27,"Age-standardized",1980,"Rate",0.0935124586043719,0.0460067543594244,0.154855967542021
1,"Deaths",1793,"Worcester County",25027,511,"Silicosis",3,"Both",27,"Age-standardized",1981,"Rate",0.082070293580475,0.0416166210292006,0.133754379688813
1,"Deaths",1793,"Worcester County",25027,511,"Silicosis",3,"Both",27,"Age-standardized",1982,"Rate",0.0779024138130287,0.0388888894021148,0.12931436388687
1,"Deaths",1793,"Worcester County",25027,511,"Silicosis",3,"Both",27,"Age-standardized",1983,"Rate",0.0783001425957626,0.0392537344278316,0.130474473994833
1,"Deaths",1793,"Worcester County",25027,511,"Silicosis",3,"Both",27,"Age-standardized",1984,"Rate",0.0763970381985737,0.0397196281819439,0.121096945314972
1,"Deaths",1793,"Worcester County",25027,511,"Silicosis",3,"Both",27,"Age-standardized",1985,"Rate",0.0778425422757791,0.0401461127304292,0.120198257159679
1,"Deaths",1793,"Worcester County",25027,511,"Silicosis",3,"Both",27,"Age-standardized",1986,"Rate",0.0750209274546012,0.0397715305550888,0.121425454606933
1,"Deaths",1793,"Worcester County",25027,511,"Silicosis",3,"Both",27,"Age-standardized",1987,"Rate",0.0742090534299807,0.0406453050715538,0.120906672268302
1,"Deaths",1793,"Worcester County",25027,511,"Silicosis",3,"Both",27,"Age-standardized",1988,"Rate",0.0658959611697977,0.0380592142669225,0.103360093344581
1,"Deaths",1793,"Worcester County",25027,511,"Silicosis",3,"Both",27,"Age-standardized",1989,"Rate",0.0638737416967861,0.0354615721194878,0.0967684515447292
1,"Deaths",1793,"Worcester County",25027,511,"Silicosis",3,"Both",27,"Age-standardized",1990,"Rate",0.0600288092178023,0.0337205261903714,0.0918904328465324
1,"Deaths",1793,"Worcester County",25027,511,"Silicosis",3,"Both",27,"Age-standardized",1991,"Rate",0.056775951707257,0.0325224440996809,0.0883280318414112
1,"Deaths",1793,"Worcester County",25027,511,"Silicosis",3,"Both",27,"Age-standardized",1992,"Rate",0.055798328961994,0.0325860215213525,0.0848281434764479
1,"Deaths",1793,"Worcester County",25027,511,"Silicosis",3,"Both",27,"Age-standardized",1993,"Rate",0.053288891812685,0.0310988881108027,0.0844152696330656
1,"Deaths",1793,"Worcester County",25027,511,"Silicosis",3,"Both",27,"Age-standardized",1994,"Rate",0.0524487583656525,0.0307395577865353,0.0819474734840218
1,"Deaths",1793,"Worcester County",25027,511,"Silicosis",3,"Both",27,"Age-standardized",1995,"Rate",0.051634516595397,0.0300342783816513,0.0797867407610993
1,"Deaths",1793,"Worcester County",25027,511,"Silicosis",3,"Both",27,"Age-standardized",1996,"Rate",0.0466316946785909,0.027733968664047,0.0754796391027704
1,"Deaths",1793,"Worcester County",25027,511,"Silicosis",3,"Both",27,"Age-standardized",1997,"Rate",0.0463485389646417,0.0268341726036784,0.0790528404743466
1,"Deaths",1793,"Worcester County",25027,511,"Silicosis",3,"Both",27,"Age-standardized",1998,"Rate",0.0451619101552605,0.0254146708488803,0.076740448472923
1,"Deaths",1793,"Worcester County",25027,511,"Silicosis",3,"Both",27,"Age-standardized",1999,"Rate",0.0425414046139237,0.0240281643202116,0.0753761453068156
1,"Deaths",1793,"Worcester County",25027,511,"Silicosis",3,"Both",27,"Age-standardized",2000,"Rate",0.0387024146367574,0.0208950263251307,0.0709583592095302
1,"Deaths",1793,"Worcester County",25027,511,"Silicosis",3,"Both",27,"Age-standardized",2001,"Rate",0.0371125003597146,0.0206508103730073,0.0679653888654965
1,"Deaths",1793,"Worcester County",25027,511,"Silicosis",3,"Both",27,"Age-standardized",2002,"Rate",0.0373288382982013,0.0207845165492889,0.0666947995201161
1,"Deaths",1793,"Worcester County",25027,511,"Silicosis",3,"Both",27,"Age-standardized",2003,"Rate",0.0362825617602347,0.0194647555104365,0.0681221491969769
1,"Deaths",1793,"Worcester County",25027,511,"Silicosis",3,"Both",27,"Age-standardized",2004,"Rate",0.0329987264271464,0.0177549358654698,0.0622295060154027
1,"Deaths",1793,"Worcester County",25027,511,"Silicosis",3,"Both",27,"Age-standardized",2005,"Rate",0.0320973917927438,0.0175616838745486,0.0593515660448346
1,"Deaths",1793,"Worcester County",25027,511,"Silicosis",3,"Both",27,"Age-standardized",2006,"Rate",0.0309432321071406,0.0162205359793811,0.0593380460062482
1,"Deaths",1793,"Worcester County",25027,511,"Silicosis",3,"Both",27,"Age-standardized",2007,"Rate",0.0296941317756422,0.0150863758824322,0.0560400047572448
1,"Deaths",1793,"Worcester County",25027,511,"Silicosis",3,"Both",27,"Age-standardized",2008,"Rate",0.0293797697376032,0.0149735135209801,0.0563782769110479
1,"Deaths",1793,"Worcester County",25027,511,"Silicosis",3,"Both",27,"Age-standardized",2009,"Rate",0.0279505627378838,0.0137701581066335,0.0519366938684205
1,"Deaths",1793,"Worcester County",25027,511,"Silicosis",3,"Both",27,"Age-standardized",2010,"Rate",0.0273520006967726,0.0136750163223614,0.0533331657418185
1,"Deaths",1793,"Worcester County",25027,511,"Silicosis",3,"Both",27,"Age-standardized",2011,"Rate",0.0262539433056466,0.0131261387719289,0.0494664399190505
1,"Deaths",1793,"Worcester County",25027,511,"Silicosis",3,"Both",27,"Age-standardized",2012,"Rate",0.0263697711757111,0.012309803713592,0.0500004272279554
1,"Deaths",1793,"Worcester County",25027,511,"Silicosis",3,"Both",27,"Age-standardized",2013,"Rate",0.0274292573450561,0.0126164454771675,0.0555309276890565
1,"Deaths",1793,"Worcester County",25027,511,"Silicosis",3,"Both",27,"Age-standardized",2014,"Rate",0.0281461421822978,0.0128301266747965,0.0571399971069324
1,"Deaths",544,"Massachusetts",25,512,"Asbestosis",1,"Male",27,"Age-standardized",1980,"Rate",0.258991888929581,0.191618009216955,0.348148973461223
1,"Deaths",544,"Massachusetts",25,512,"Asbestosis",1,"Male",27,"Age-standardized",1981,"Rate",0.25441929370851,0.189627181652027,0.342139757168215
1,"Deaths",544,"Massachusetts",25,512,"Asbestosis",1,"Male",27,"Age-standardized",1982,"Rate",0.266317701117992,0.200694577725364,0.355103063225229
1,"Deaths",544,"Massachusetts",25,512,"Asbestosis",1,"Male",27,"Age-standardized",1983,"Rate",0.288637253595908,0.219092335707695,0.371581837919958
1,"Deaths",544,"Massachusetts",25,512,"Asbestosis",1,"Male",27,"Age-standardized",1984,"Rate",0.290040029211382,0.222588230376316,0.371044091424655
1,"Deaths",544,"Massachusetts",25,512,"Asbestosis",1,"Male",27,"Age-standardized",1985,"Rate",0.31230225270488,0.243699072342481,0.396034905107388
1,"Deaths",544,"Massachusetts",25,512,"Asbestosis",1,"Male",27,"Age-standardized",1986,"Rate",0.335953366092564,0.266508789549973,0.419641641585188
1,"Deaths",544,"Massachusetts",25,512,"Asbestosis",1,"Male",27,"Age-standardized",1987,"Rate",0.348828108430662,0.274817911534898,0.433027938378751
1,"Deaths",544,"Massachusetts",25,512,"Asbestosis",1,"Male",27,"Age-standardized",1988,"Rate",0.361322051312154,0.286851830661587,0.441261417024222
1,"Deaths",544,"Massachusetts",25,512,"Asbestosis",1,"Male",27,"Age-standardized",1989,"Rate",0.385099823138941,0.308666717019792,0.464748866387039
1,"Deaths",544,"Massachusetts",25,512,"Asbestosis",1,"Male",27,"Age-standardized",1990,"Rate",0.37944390684028,0.302751168793644,0.451646034365027
1,"Deaths",544,"Massachusetts",25,512,"Asbestosis",1,"Male",27,"Age-standardized",1991,"Rate",0.389873440595129,0.31620137130143,0.464854847687027
1,"Deaths",544,"Massachusetts",25,512,"Asbestosis",1,"Male",27,"Age-standardized",1992,"Rate",0.418485225176909,0.341345591771049,0.495388403641203
1,"Deaths",544,"Massachusetts",25,512,"Asbestosis",1,"Male",27,"Age-standardized",1993,"Rate",0.426282083524815,0.34343740661922,0.50419864482885
1,"Deaths",544,"Massachusetts",25,512,"Asbestosis",1,"Male",27,"Age-standardized",1994,"Rate",0.453584824991024,0.37253687105916,0.529398193109065
1,"Deaths",544,"Massachusetts",25,512,"Asbestosis",1,"Male",27,"Age-standardized",1995,"Rate",0.467371953358721,0.383759778972874,0.543860610436795
1,"Deaths",544,"Massachusetts",25,512,"Asbestosis",1,"Male",27,"Age-standardized",1996,"Rate",0.484377994669152,0.392814774949346,0.562389914798249
1,"Deaths",544,"Massachusetts",25,512,"Asbestosis",1,"Male",27,"Age-standardized",1997,"Rate",0.505257265318543,0.408957129127076,0.586212483769228
1,"Deaths",544,"Massachusetts",25,512,"Asbestosis",1,"Male",27,"Age-standardized",1998,"Rate",0.533196528933926,0.430830274191846,0.622608872462586
1,"Deaths",544,"Massachusetts",25,512,"Asbestosis",1,"Male",27,"Age-standardized",1999,"Rate",0.558077510083301,0.458246213332278,0.647774542855116
1,"Deaths",544,"Massachusetts",25,512,"Asbestosis",1,"Male",27,"Age-standardized",2000,"Rate",0.572896195303779,0.467576985777365,0.659060452670121
1,"Deaths",544,"Massachusetts",25,512,"Asbestosis",1,"Male",27,"Age-standardized",2001,"Rate",0.582433972494848,0.480629578665836,0.673942577879149
1,"Deaths",544,"Massachusetts",25,512,"Asbestosis",1,"Male",27,"Age-standardized",2002,"Rate",0.578833807259276,0.474820978783099,0.666151964233471
1,"Deaths",544,"Massachusetts",25,512,"Asbestosis",1,"Male",27,"Age-standardized",2003,"Rate",0.586366859593447,0.48442931447431,0.678122340955062
1,"Deaths",544,"Massachusetts",25,512,"Asbestosis",1,"Male",27,"Age-standardized",2004,"Rate",0.562595115254862,0.473294357178829,0.652583982134974
1,"Deaths",544,"Massachusetts",25,512,"Asbestosis",1,"Male",27,"Age-standardized",2005,"Rate",0.557025769747424,0.466173171705374,0.647972314266448
1,"Deaths",544,"Massachusetts",25,512,"Asbestosis",1,"Male",27,"Age-standardized",2006,"Rate",0.535300617049423,0.45353378849696,0.623726779710282
1,"Deaths",544,"Massachusetts",25,512,"Asbestosis",1,"Male",27,"Age-standardized",2007,"Rate",0.53151375947769,0.450842108190666,0.610660143669856
1,"Deaths",544,"Massachusetts",25,512,"Asbestosis",1,"Male",27,"Age-standardized",2008,"Rate",0.529317603022542,0.448811817072409,0.613948531477634
1,"Deaths",544,"Massachusetts",25,512,"Asbestosis",1,"Male",27,"Age-standardized",2009,"Rate",0.502499641300244,0.421947514782151,0.584286951987241
1,"Deaths",544,"Massachusetts",25,512,"Asbestosis",1,"Male",27,"Age-standardized",2010,"Rate",0.499650012574658,0.42297400507975,0.584575830457153
1,"Deaths",544,"Massachusetts",25,512,"Asbestosis",1,"Male",27,"Age-standardized",2011,"Rate",0.490173171454651,0.40860508259851,0.574736102315399
1,"Deaths",544,"Massachusetts",25,512,"Asbestosis",1,"Male",27,"Age-standardized",2012,"Rate",0.474826929585154,0.401385130993723,0.557423208929066
1,"Deaths",544,"Massachusetts",25,512,"Asbestosis",1,"Male",27,"Age-standardized",2013,"Rate",0.476276599107775,0.39829737253607,0.559906781660555
1,"Deaths",544,"Massachusetts",25,512,"Asbestosis",1,"Male",27,"Age-standardized",2014,"Rate",0.499196931595615,0.404497063015195,0.604156292823873
1,"Deaths",544,"Massachusetts",25,512,"Asbestosis",2,"Female",27,"Age-standardized",1980,"Rate",0.00836426473523495,0.00572421838043707,0.0115719771271965
1,"Deaths",544,"Massachusetts",25,512,"Asbestosis",2,"Female",27,"Age-standardized",1981,"Rate",0.00826161791176586,0.00571473472927946,0.0113416304827804
1,"Deaths",544,"Massachusetts",25,512,"Asbestosis",2,"Female",27,"Age-standardized",1982,"Rate",0.00807839395515383,0.00562549256701268,0.0110249271950569
1,"Deaths",544,"Massachusetts",25,512,"Asbestosis",2,"Female",27,"Age-standardized",1983,"Rate",0.00842368362656699,0.00583733150844023,0.0113931496177025
1,"Deaths",544,"Massachusetts",25,512,"Asbestosis",2,"Female",27,"Age-standardized",1984,"Rate",0.00854073932265999,0.00606257462065548,0.0114740724034814
1,"Deaths",544,"Massachusetts",25,512,"Asbestosis",2,"Female",27,"Age-standardized",1985,"Rate",0.00893241094417145,0.00640549167934166,0.0120138062113843
1,"Deaths",544,"Massachusetts",25,512,"Asbestosis",2,"Female",27,"Age-standardized",1986,"Rate",0.00951852805334395,0.0067863506995311,0.0127756261500213
1,"Deaths",544,"Massachusetts",25,512,"Asbestosis",2,"Female",27,"Age-standardized",1987,"Rate",0.00999255991210975,0.00703369579935393,0.0134554393506254
1,"Deaths",544,"Massachusetts",25,512,"Asbestosis",2,"Female",27,"Age-standardized",1988,"Rate",0.0103129602307824,0.00726143441111063,0.0140031922367717
1,"Deaths",544,"Massachusetts",25,512,"Asbestosis",2,"Female",27,"Age-standardized",1989,"Rate",0.0107850432991726,0.00758802207379584,0.0145906914550315
1,"Deaths",544,"Massachusetts",25,512,"Asbestosis",2,"Female",27,"Age-standardized",1990,"Rate",0.011453951556891,0.00812293910422434,0.015610639819899
1,"Deaths",544,"Massachusetts",25,512,"Asbestosis",2,"Female",27,"Age-standardized",1991,"Rate",0.0119924837097023,0.00849268112225793,0.0165537467759304
1,"Deaths",544,"Massachusetts",25,512,"Asbestosis",2,"Female",27,"Age-standardized",1992,"Rate",0.0118523136112715,0.00838775805812327,0.0161226065857237
1,"Deaths",544,"Massachusetts",25,512,"Asbestosis",2,"Female",27,"Age-standardized",1993,"Rate",0.0119657946229831,0.00847587582364189,0.0164036951978533
1,"Deaths",544,"Massachusetts",25,512,"Asbestosis",2,"Female",27,"Age-standardized",1994,"Rate",0.0123894788388855,0.0087640271807908,0.0169017499448022
1,"Deaths",544,"Massachusetts",25,512,"Asbestosis",2,"Female",27,"Age-standardized",1995,"Rate",0.0126618906039905,0.00884308470794976,0.0173717220174549
1,"Deaths",544,"Massachusetts",25,512,"Asbestosis",2,"Female",27,"Age-standardized",1996,"Rate",0.0126733679443733,0.00893249469396848,0.0175754984776501
1,"Deaths",544,"Massachusetts",25,512,"Asbestosis",2,"Female",27,"Age-standardized",1997,"Rate",0.0134907370455921,0.00946565081213046,0.0188377977610127
1,"Deaths",544,"Massachusetts",25,512,"Asbestosis",2,"Female",27,"Age-standardized",1998,"Rate",0.0140432166540594,0.00970938582173609,0.0197669525633692
1,"Deaths",544,"Massachusetts",25,512,"Asbestosis",2,"Female",27,"Age-standardized",1999,"Rate",0.0143679687258942,0.00984830178182937,0.020087343799044
1,"Deaths",544,"Massachusetts",25,512,"Asbestosis",2,"Female",27,"Age-standardized",2000,"Rate",0.0162509936113463,0.0110346584092203,0.0224802256600608
1,"Deaths",544,"Massachusetts",25,512,"Asbestosis",2,"Female",27,"Age-standardized",2001,"Rate",0.0164034976252617,0.011091507345402,0.0227605480961731
1,"Deaths",544,"Massachusetts",25,512,"Asbestosis",2,"Female",27,"Age-standardized",2002,"Rate",0.0175707446460626,0.0117932189913533,0.0244002215493253
1,"Deaths",544,"Massachusetts",25,512,"Asbestosis",2,"Female",27,"Age-standardized",2003,"Rate",0.0180218080624496,0.011939847342561,0.025495456464752
1,"Deaths",544,"Massachusetts",25,512,"Asbestosis",2,"Female",27,"Age-standardized",2004,"Rate",0.017438187400926,0.0115763370236205,0.0249839846312322
1,"Deaths",544,"Massachusetts",25,512,"Asbestosis",2,"Female",27,"Age-standardized",2005,"Rate",0.0171812442130774,0.0114092199655598,0.024755397684036
1,"Deaths",544,"Massachusetts",25,512,"Asbestosis",2,"Female",27,"Age-standardized",2006,"Rate",0.0170530714734996,0.01124664953615,0.0250785160869752
1,"Deaths",544,"Massachusetts",25,512,"Asbestosis",2,"Female",27,"Age-standardized",2007,"Rate",0.0172353239369535,0.0113293555996,0.0252856005819634
1,"Deaths",544,"Massachusetts",25,512,"Asbestosis",2,"Female",27,"Age-standardized",2008,"Rate",0.0172587124852252,0.0113015944230179,0.0259875699260795
1,"Deaths",544,"Massachusetts",25,512,"Asbestosis",2,"Female",27,"Age-standardized",2009,"Rate",0.0176661729182703,0.0113509412604578,0.026921728230547
1,"Deaths",544,"Massachusetts",25,512,"Asbestosis",2,"Female",27,"Age-standardized",2010,"Rate",0.0171705841692636,0.0108394702293258,0.0261262941874577
1,"Deaths",544,"Massachusetts",25,512,"Asbestosis",2,"Female",27,"Age-standardized",2011,"Rate",0.0174360654738076,0.0107872459732625,0.0264363876162401
1,"Deaths",544,"Massachusetts",25,512,"Asbestosis",2,"Female",27,"Age-standardized",2012,"Rate",0.0171345068161977,0.0105301473145227,0.0260600367171677
1,"Deaths",544,"Massachusetts",25,512,"Asbestosis",2,"Female",27,"Age-standardized",2013,"Rate",0.0166768893966793,0.0100897319193088,0.0259230285418095
1,"Deaths",544,"Massachusetts",25,512,"Asbestosis",2,"Female",27,"Age-standardized",2014,"Rate",0.0172276188959181,0.0103586208118849,0.0274931097656996
1,"Deaths",544,"Massachusetts",25,512,"Asbestosis",3,"Both",27,"Age-standardized",1980,"Rate",0.0981024378785046,0.0734844763713771,0.128539915124532
1,"Deaths",544,"Massachusetts",25,512,"Asbestosis",3,"Both",27,"Age-standardized",1981,"Rate",0.0962151157627275,0.0725950566368173,0.126849515617083
1,"Deaths",544,"Massachusetts",25,512,"Asbestosis",3,"Both",27,"Age-standardized",1982,"Rate",0.0999589607677208,0.0757143598230118,0.129322424206863
1,"Deaths",544,"Massachusetts",25,512,"Asbestosis",3,"Both",27,"Age-standardized",1983,"Rate",0.107988729932811,0.0824618449595508,0.136805272032835
1,"Deaths",544,"Massachusetts",25,512,"Asbestosis",3,"Both",27,"Age-standardized",1984,"Rate",0.108232925285327,0.0847409016171078,0.135532504938544
1,"Deaths",544,"Massachusetts",25,512,"Asbestosis",3,"Both",27,"Age-standardized",1985,"Rate",0.116025575250155,0.0904699007768919,0.146174290394354
1,"Deaths",544,"Massachusetts",25,512,"Asbestosis",3,"Both",27,"Age-standardized",1986,"Rate",0.124474891788269,0.0987282881778754,0.153241843480369
1,"Deaths",544,"Massachusetts",25,512,"Asbestosis",3,"Both",27,"Age-standardized",1987,"Rate",0.129225994907927,0.101922402102786,0.157094554880457
1,"Deaths",544,"Massachusetts",25,512,"Asbestosis",3,"Both",27,"Age-standardized",1988,"Rate",0.133721468010417,0.107133979427477,0.161363240325759
1,"Deaths",544,"Massachusetts",25,512,"Asbestosis",3,"Both",27,"Age-standardized",1989,"Rate",0.142109006383134,0.114403426634291,0.170145939796253
1,"Deaths",544,"Massachusetts",25,512,"Asbestosis",3,"Both",27,"Age-standardized",1990,"Rate",0.140626267766694,0.112431965679406,0.165471176991065
1,"Deaths",544,"Massachusetts",25,512,"Asbestosis",3,"Both",27,"Age-standardized",1991,"Rate",0.144618921934511,0.117621425975148,0.170015408296821
1,"Deaths",544,"Massachusetts",25,512,"Asbestosis",3,"Both",27,"Age-standardized",1992,"Rate",0.154585964970201,0.126053462282277,0.182589578178249
1,"Deaths",544,"Massachusetts",25,512,"Asbestosis",3,"Both",27,"Age-standardized",1993,"Rate",0.157819365640266,0.126982049909197,0.183329040614962
1,"Deaths",544,"Massachusetts",25,512,"Asbestosis",3,"Both",27,"Age-standardized",1994,"Rate",0.168122223266952,0.139211243518882,0.194037121954667
1,"Deaths",544,"Massachusetts",25,512,"Asbestosis",3,"Both",27,"Age-standardized",1995,"Rate",0.173756359020719,0.144530678241576,0.200392645746762
1,"Deaths",544,"Massachusetts",25,512,"Asbestosis",3,"Both",27,"Age-standardized",1996,"Rate",0.179749158778465,0.147095124842178,0.207034327512144
1,"Deaths",544,"Massachusetts",25,512,"Asbestosis",3,"Both",27,"Age-standardized",1997,"Rate",0.188046202006522,0.152444795720699,0.216482051305873
1,"Deaths",544,"Massachusetts",25,512,"Asbestosis",3,"Both",27,"Age-standardized",1998,"Rate",0.198800853734267,0.161349670520265,0.228964861469585
1,"Deaths",544,"Massachusetts",25,512,"Asbestosis",3,"Both",27,"Age-standardized",1999,"Rate",0.209125332893163,0.171399967145877,0.240086944508131
1,"Deaths",544,"Massachusetts",25,512,"Asbestosis",3,"Both",27,"Age-standardized",2000,"Rate",0.216912286398019,0.179237292389167,0.247942799042801
1,"Deaths",544,"Massachusetts",25,512,"Asbestosis",3,"Both",27,"Age-standardized",2001,"Rate",0.221906137859914,0.185442838238002,0.254927768952637
1,"Deaths",544,"Massachusetts",25,512,"Asbestosis",3,"Both",27,"Age-standardized",2002,"Rate",0.222533494814869,0.185935247760602,0.254708072672461
1,"Deaths",544,"Massachusetts",25,512,"Asbestosis",3,"Both",27,"Age-standardized",2003,"Rate",0.226598163499848,0.187183694924898,0.258505670615309
1,"Deaths",544,"Massachusetts",25,512,"Asbestosis",3,"Both",27,"Age-standardized",2004,"Rate",0.218991005344607,0.18568314005585,0.251606960551602
1,"Deaths",544,"Massachusetts",25,512,"Asbestosis",3,"Both",27,"Age-standardized",2005,"Rate",0.217647076283185,0.183918418009987,0.250962151363846
1,"Deaths",544,"Massachusetts",25,512,"Asbestosis",3,"Both",27,"Age-standardized",2006,"Rate",0.210758400269407,0.179120716810579,0.243142968284457
1,"Deaths",544,"Massachusetts",25,512,"Asbestosis",3,"Both",27,"Age-standardized",2007,"Rate",0.210813583699817,0.179521086860273,0.240985933090696
1,"Deaths",544,"Massachusetts",25,512,"Asbestosis",3,"Both",27,"Age-standardized",2008,"Rate",0.211148068494185,0.180097954182063,0.24383671702217
1,"Deaths",544,"Massachusetts",25,512,"Asbestosis",3,"Both",27,"Age-standardized",2009,"Rate",0.202282254702927,0.170493566406178,0.233707610468318
1,"Deaths",544,"Massachusetts",25,512,"Asbestosis",3,"Both",27,"Age-standardized",2010,"Rate",0.20143662673878,0.171921233555061,0.23265760468255
1,"Deaths",544,"Massachusetts",25,512,"Asbestosis",3,"Both",27,"Age-standardized",2011,"Rate",0.198439362863468,0.166725141974443,0.229626996094776
1,"Deaths",544,"Massachusetts",25,512,"Asbestosis",3,"Both",27,"Age-standardized",2012,"Rate",0.193243847827548,0.163839389865588,0.224230151321705
1,"Deaths",544,"Massachusetts",25,512,"Asbestosis",3,"Both",27,"Age-standardized",2013,"Rate",0.194427540218008,0.163718002782608,0.226510499454857
1,"Deaths",544,"Massachusetts",25,512,"Asbestosis",3,"Both",27,"Age-standardized",2014,"Rate",0.20406300552879,0.169434649302859,0.242938583866793
1,"Deaths",1800,"Barnstable County",25001,512,"Asbestosis",1,"Male",27,"Age-standardized",1980,"Rate",0.264358005578939,0.102409411623425,0.530265493393399
1,"Deaths",1800,"Barnstable County",25001,512,"Asbestosis",1,"Male",27,"Age-standardized",1981,"Rate",0.278469858924752,0.10345118329529,0.533309689613597
1,"Deaths",1800,"Barnstable County",25001,512,"Asbestosis",1,"Male",27,"Age-standardized",1982,"Rate",0.281903187589455,0.112244500039169,0.526129771960955
1,"Deaths",1800,"Barnstable County",25001,512,"Asbestosis",1,"Male",27,"Age-standardized",1983,"Rate",0.291449578128851,0.122798861013966,0.535018305105231
1,"Deaths",1800,"Barnstable County",25001,512,"Asbestosis",1,"Male",27,"Age-standardized",1984,"Rate",0.310866265421483,0.133243911188417,0.58344894810248
1,"Deaths",1800,"Barnstable County",25001,512,"Asbestosis",1,"Male",27,"Age-standardized",1985,"Rate",0.321354220583536,0.143773149853445,0.571627319725157
1,"Deaths",1800,"Barnstable County",25001,512,"Asbestosis",1,"Male",27,"Age-standardized",1986,"Rate",0.346360281947363,0.156487791558452,0.61440392997242
1,"Deaths",1800,"Barnstable County",25001,512,"Asbestosis",1,"Male",27,"Age-standardized",1987,"Rate",0.367782375466296,0.17664783959186,0.633604554211325
1,"Deaths",1800,"Barnstable County",25001,512,"Asbestosis",1,"Male",27,"Age-standardized",1988,"Rate",0.377828448219564,0.180360362583246,0.64086208981796
1,"Deaths",1800,"Barnstable County",25001,512,"Asbestosis",1,"Male",27,"Age-standardized",1989,"Rate",0.394864153756376,0.205127045883181,0.653294898899509
1,"Deaths",1800,"Barnstable County",25001,512,"Asbestosis",1,"Male",27,"Age-standardized",1990,"Rate",0.395755944180932,0.212845828262363,0.636245032864477
1,"Deaths",1800,"Barnstable County",25001,512,"Asbestosis",1,"Male",27,"Age-standardized",1991,"Rate",0.407169784402067,0.225892239725833,0.631406569616123
1,"Deaths",1800,"Barnstable County",25001,512,"Asbestosis",1,"Male",27,"Age-standardized",1992,"Rate",0.440523864257224,0.246172158975992,0.676701665163599
1,"Deaths",1800,"Barnstable County",25001,512,"Asbestosis",1,"Male",27,"Age-standardized",1993,"Rate",0.435804362223674,0.248848276782911,0.648046409272637
1,"Deaths",1800,"Barnstable County",25001,512,"Asbestosis",1,"Male",27,"Age-standardized",1994,"Rate",0.462720303994008,0.273808090593682,0.695556209035917
1,"Deaths",1800,"Barnstable County",25001,512,"Asbestosis",1,"Male",27,"Age-standardized",1995,"Rate",0.496237839505168,0.291915435365625,0.742265918896794
1,"Deaths",1800,"Barnstable County",25001,512,"Asbestosis",1,"Male",27,"Age-standardized",1996,"Rate",0.472235019126404,0.292757860021612,0.702084310075415
1,"Deaths",1800,"Barnstable County",25001,512,"Asbestosis",1,"Male",27,"Age-standardized",1997,"Rate",0.503773708877096,0.306770977492386,0.741333969770908
1,"Deaths",1800,"Barnstable County",25001,512,"Asbestosis",1,"Male",27,"Age-standardized",1998,"Rate",0.526665939027839,0.323351054745864,0.781580209191509
1,"Deaths",1800,"Barnstable County",25001,512,"Asbestosis",1,"Male",27,"Age-standardized",1999,"Rate",0.566557333736434,0.352081038535446,0.827877660670465
1,"Deaths",1800,"Barnstable County",25001,512,"Asbestosis",1,"Male",27,"Age-standardized",2000,"Rate",0.563657397748606,0.364894998761823,0.828058578504275
1,"Deaths",1800,"Barnstable County",25001,512,"Asbestosis",1,"Male",27,"Age-standardized",2001,"Rate",0.60472139534354,0.378984622097776,0.880870078586839
1,"Deaths",1800,"Barnstable County",25001,512,"Asbestosis",1,"Male",27,"Age-standardized",2002,"Rate",0.603618900393904,0.380596720967262,0.897178014013272
1,"Deaths",1800,"Barnstable County",25001,512,"Asbestosis",1,"Male",27,"Age-standardized",2003,"Rate",0.582821655342336,0.369559528442739,0.860021509759511
1,"Deaths",1800,"Barnstable County",25001,512,"Asbestosis",1,"Male",27,"Age-standardized",2004,"Rate",0.572408526276296,0.35913227215344,0.852186508940609
1,"Deaths",1800,"Barnstable County",25001,512,"Asbestosis",1,"Male",27,"Age-standardized",2005,"Rate",0.565426193031074,0.364801289037792,0.831362742694948
1,"Deaths",1800,"Barnstable County",25001,512,"Asbestosis",1,"Male",27,"Age-standardized",2006,"Rate",0.541987197297454,0.331002630312765,0.804677547991673
1,"Deaths",1800,"Barnstable County",25001,512,"Asbestosis",1,"Male",27,"Age-standardized",2007,"Rate",0.545011068492962,0.339065764553277,0.807051978665972
1,"Deaths",1800,"Barnstable County",25001,512,"Asbestosis",1,"Male",27,"Age-standardized",2008,"Rate",0.538662116368126,0.328030414501987,0.818561726874139
1,"Deaths",1800,"Barnstable County",25001,512,"Asbestosis",1,"Male",27,"Age-standardized",2009,"Rate",0.53439252487671,0.320328840265424,0.820480330266892
1,"Deaths",1800,"Barnstable County",25001,512,"Asbestosis",1,"Male",27,"Age-standardized",2010,"Rate",0.5380746850638,0.325400347781724,0.82352667913937
1,"Deaths",1800,"Barnstable County",25001,512,"Asbestosis",1,"Male",27,"Age-standardized",2011,"Rate",0.514450022171872,0.302017388005312,0.802478699650292
1,"Deaths",1800,"Barnstable County",25001,512,"Asbestosis",1,"Male",27,"Age-standardized",2012,"Rate",0.493316849094958,0.285680300864333,0.80442387401123
1,"Deaths",1800,"Barnstable County",25001,512,"Asbestosis",1,"Male",27,"Age-standardized",2013,"Rate",0.488550614862328,0.27425136101114,0.769571687858647
1,"Deaths",1800,"Barnstable County",25001,512,"Asbestosis",1,"Male",27,"Age-standardized",2014,"Rate",0.509118092018322,0.282716631384892,0.801328570906608
1,"Deaths",1800,"Barnstable County",25001,512,"Asbestosis",2,"Female",27,"Age-standardized",1980,"Rate",0.00838721396499013,0.00295377890423582,0.0198580259277683
1,"Deaths",1800,"Barnstable County",25001,512,"Asbestosis",2,"Female",27,"Age-standardized",1981,"Rate",0.00829815097364214,0.00306840190541692,0.0197407311788293
1,"Deaths",1800,"Barnstable County",25001,512,"Asbestosis",2,"Female",27,"Age-standardized",1982,"Rate",0.0080954495120384,0.00298333845802937,0.018935877939079
1,"Deaths",1800,"Barnstable County",25001,512,"Asbestosis",2,"Female",27,"Age-standardized",1983,"Rate",0.0083378584588596,0.00298408442030318,0.0194084069521497
1,"Deaths",1800,"Barnstable County",25001,512,"Asbestosis",2,"Female",27,"Age-standardized",1984,"Rate",0.00835289640337034,0.00310158574041807,0.0190685228610574
1,"Deaths",1800,"Barnstable County",25001,512,"Asbestosis",2,"Female",27,"Age-standardized",1985,"Rate",0.00879062511496314,0.00322641919901906,0.0201253823706598
1,"Deaths",1800,"Barnstable County",25001,512,"Asbestosis",2,"Female",27,"Age-standardized",1986,"Rate",0.00928976863275443,0.00340012278050282,0.02161978622766
1,"Deaths",1800,"Barnstable County",25001,512,"Asbestosis",2,"Female",27,"Age-standardized",1987,"Rate",0.00963966080273753,0.003453909393627,0.0233740579585257
1,"Deaths",1800,"Barnstable County",25001,512,"Asbestosis",2,"Female",27,"Age-standardized",1988,"Rate",0.00997894114619647,0.00358116031368034,0.0241438624772704
1,"Deaths",1800,"Barnstable County",25001,512,"Asbestosis",2,"Female",27,"Age-standardized",1989,"Rate",0.0104485984771686,0.00360646352534415,0.0253778920715116
1,"Deaths",1800,"Barnstable County",25001,512,"Asbestosis",2,"Female",27,"Age-standardized",1990,"Rate",0.0110341641056768,0.00374295479581121,0.0276956851262249
1,"Deaths",1800,"Barnstable County",25001,512,"Asbestosis",2,"Female",27,"Age-standardized",1991,"Rate",0.0116202211283286,0.00393316779153781,0.0288215338213736
1,"Deaths",1800,"Barnstable County",25001,512,"Asbestosis",2,"Female",27,"Age-standardized",1992,"Rate",0.0114168025362675,0.00370928271545249,0.0271596251245014
1,"Deaths",1800,"Barnstable County",25001,512,"Asbestosis",2,"Female",27,"Age-standardized",1993,"Rate",0.0117299655055445,0.0039188314741718,0.0283749223143824
1,"Deaths",1800,"Barnstable County",25001,512,"Asbestosis",2,"Female",27,"Age-standardized",1994,"Rate",0.0119733906720023,0.00396637260343244,0.029049626446689
1,"Deaths",1800,"Barnstable County",25001,512,"Asbestosis",2,"Female",27,"Age-standardized",1995,"Rate",0.0122370561611111,0.00397556962818804,0.0293685416300187
1,"Deaths",1800,"Barnstable County",25001,512,"Asbestosis",2,"Female",27,"Age-standardized",1996,"Rate",0.0125379289728377,0.00395163568312657,0.0305273136027727
1,"Deaths",1800,"Barnstable County",25001,512,"Asbestosis",2,"Female",27,"Age-standardized",1997,"Rate",0.0130972269942811,0.00413403076488898,0.0326002563989269
1,"Deaths",1800,"Barnstable County",25001,512,"Asbestosis",2,"Female",27,"Age-standardized",1998,"Rate",0.013913869945539,0.0041258485565736,0.0329513569328853
1,"Deaths",1800,"Barnstable County",25001,512,"Asbestosis",2,"Female",27,"Age-standardized",1999,"Rate",0.0142950235852299,0.00429241317171917,0.036400358847324
1,"Deaths",1800,"Barnstable County",25001,512,"Asbestosis",2,"Female",27,"Age-standardized",2000,"Rate",0.0161576071541273,0.00476191059320938,0.0394677989204428
1,"Deaths",1800,"Barnstable County",25001,512,"Asbestosis",2,"Female",27,"Age-standardized",2001,"Rate",0.0163208372468697,0.00482615037053892,0.0410168070135912
1,"Deaths",1800,"Barnstable County",25001,512,"Asbestosis",2,"Female",27,"Age-standardized",2002,"Rate",0.0171071812077171,0.00482374770650969,0.0436884803888027
1,"Deaths",1800,"Barnstable County",25001,512,"Asbestosis",2,"Female",27,"Age-standardized",2003,"Rate",0.0180837870999396,0.00511463346418204,0.0464741298437276
1,"Deaths",1800,"Barnstable County",25001,512,"Asbestosis",2,"Female",27,"Age-standardized",2004,"Rate",0.0177362473222994,0.00468670034694089,0.0453016656995334
1,"Deaths",1800,"Barnstable County",25001,512,"Asbestosis",2,"Female",27,"Age-standardized",2005,"Rate",0.017273194939046,0.00457934773600124,0.044389285142745
1,"Deaths",1800,"Barnstable County",25001,512,"Asbestosis",2,"Female",27,"Age-standardized",2006,"Rate",0.0173916725779228,0.0045220748674901,0.0460527407332611
1,"Deaths",1800,"Barnstable County",25001,512,"Asbestosis",2,"Female",27,"Age-standardized",2007,"Rate",0.0178506895092632,0.00469523804604335,0.0484500603500969
1,"Deaths",1800,"Barnstable County",25001,512,"Asbestosis",2,"Female",27,"Age-standardized",2008,"Rate",0.0178812760830196,0.00441908211998856,0.0478674309786888
1,"Deaths",1800,"Barnstable County",25001,512,"Asbestosis",2,"Female",27,"Age-standardized",2009,"Rate",0.0183025227624044,0.00446292501549115,0.0490181144875167
1,"Deaths",1800,"Barnstable County",25001,512,"Asbestosis",2,"Female",27,"Age-standardized",2010,"Rate",0.0177073679084206,0.00427981901840717,0.0482355399995414
1,"Deaths",1800,"Barnstable County",25001,512,"Asbestosis",2,"Female",27,"Age-standardized",2011,"Rate",0.0181576444966126,0.00402474035072615,0.0507694051761606
1,"Deaths",1800,"Barnstable County",25001,512,"Asbestosis",2,"Female",27,"Age-standardized",2012,"Rate",0.0178938109672243,0.00415732494548474,0.0498099768494928
1,"Deaths",1800,"Barnstable County",25001,512,"Asbestosis",2,"Female",27,"Age-standardized",2013,"Rate",0.0177531481950157,0.0039229231439181,0.0501090214111448
1,"Deaths",1800,"Barnstable County",25001,512,"Asbestosis",2,"Female",27,"Age-standardized",2014,"Rate",0.0178678487216892,0.00376613647048981,0.0522321280515815
1,"Deaths",1800,"Barnstable County",25001,512,"Asbestosis",3,"Both",27,"Age-standardized",1980,"Rate",0.108633963730996,0.0431324917513716,0.21270687402699
1,"Deaths",1800,"Barnstable County",25001,512,"Asbestosis",3,"Both",27,"Age-standardized",1981,"Rate",0.113976163638702,0.0459888721753676,0.21442684265333
1,"Deaths",1800,"Barnstable County",25001,512,"Asbestosis",3,"Both",27,"Age-standardized",1982,"Rate",0.114849707017234,0.0481312359076581,0.208842736644549
1,"Deaths",1800,"Barnstable County",25001,512,"Asbestosis",3,"Both",27,"Age-standardized",1983,"Rate",0.118667047587132,0.0525058592758287,0.214878062200657
1,"Deaths",1800,"Barnstable County",25001,512,"Asbestosis",3,"Both",27,"Age-standardized",1984,"Rate",0.125925133929912,0.0571964079312932,0.230519486882333
1,"Deaths",1800,"Barnstable County",25001,512,"Asbestosis",3,"Both",27,"Age-standardized",1985,"Rate",0.129944746612964,0.061627935236033,0.226763107871021
1,"Deaths",1800,"Barnstable County",25001,512,"Asbestosis",3,"Both",27,"Age-standardized",1986,"Rate",0.139710552563796,0.0650686762771879,0.243325445571701
1,"Deaths",1800,"Barnstable County",25001,512,"Asbestosis",3,"Both",27,"Age-standardized",1987,"Rate",0.148320147136746,0.0735672263047123,0.250043883904808
1,"Deaths",1800,"Barnstable County",25001,512,"Asbestosis",3,"Both",27,"Age-standardized",1988,"Rate",0.152398542481213,0.0753872902905931,0.255155947022713
1,"Deaths",1800,"Barnstable County",25001,512,"Asbestosis",3,"Both",27,"Age-standardized",1989,"Rate",0.15916331274525,0.084842507243248,0.261936174751138
1,"Deaths",1800,"Barnstable County",25001,512,"Asbestosis",3,"Both",27,"Age-standardized",1990,"Rate",0.159963738447739,0.0881259720148929,0.25419718813015
1,"Deaths",1800,"Barnstable County",25001,512,"Asbestosis",3,"Both",27,"Age-standardized",1991,"Rate",0.164751462324675,0.0940210272724651,0.256784889937151
1,"Deaths",1800,"Barnstable County",25001,512,"Asbestosis",3,"Both",27,"Age-standardized",1992,"Rate",0.1774027440952,0.100458385387459,0.268078222559887
1,"Deaths",1800,"Barnstable County",25001,512,"Asbestosis",3,"Both",27,"Age-standardized",1993,"Rate",0.175919925244409,0.103403371365843,0.258202541032907
1,"Deaths",1800,"Barnstable County",25001,512,"Asbestosis",3,"Both",27,"Age-standardized",1994,"Rate",0.186872872322395,0.112123604450669,0.276017417274055
1,"Deaths",1800,"Barnstable County",25001,512,"Asbestosis",3,"Both",27,"Age-standardized",1995,"Rate",0.200597579188533,0.12168342726847,0.295920286424107
1,"Deaths",1800,"Barnstable County",25001,512,"Asbestosis",3,"Both",27,"Age-standardized",1996,"Rate",0.191096649799409,0.119344596328255,0.279271655293972
1,"Deaths",1800,"Barnstable County",25001,512,"Asbestosis",3,"Both",27,"Age-standardized",1997,"Rate",0.20414979089692,0.126113972746062,0.298932066869759
1,"Deaths",1800,"Barnstable County",25001,512,"Asbestosis",3,"Both",27,"Age-standardized",1998,"Rate",0.213768101992326,0.134280655285616,0.317845048290898
1,"Deaths",1800,"Barnstable County",25001,512,"Asbestosis",3,"Both",27,"Age-standardized",1999,"Rate",0.230881302547211,0.149875076340816,0.338429037419261
1,"Deaths",1800,"Barnstable County",25001,512,"Asbestosis",3,"Both",27,"Age-standardized",2000,"Rate",0.232021660828973,0.150809419228505,0.340979599774891
1,"Deaths",1800,"Barnstable County",25001,512,"Asbestosis",3,"Both",27,"Age-standardized",2001,"Rate",0.250199025064285,0.160200108177745,0.362881783153115
1,"Deaths",1800,"Barnstable County",25001,512,"Asbestosis",3,"Both",27,"Age-standardized",2002,"Rate",0.251472626756064,0.161755794454354,0.366644876179559
1,"Deaths",1800,"Barnstable County",25001,512,"Asbestosis",3,"Both",27,"Age-standardized",2003,"Rate",0.244010067862485,0.158419736772023,0.358499591951969
1,"Deaths",1800,"Barnstable County",25001,512,"Asbestosis",3,"Both",27,"Age-standardized",2004,"Rate",0.241334445827098,0.152811735338482,0.354370563841271
1,"Deaths",1800,"Barnstable County",25001,512,"Asbestosis",3,"Both",27,"Age-standardized",2005,"Rate",0.237612063403768,0.154034382948573,0.346796971657454
1,"Deaths",1800,"Barnstable County",25001,512,"Asbestosis",3,"Both",27,"Age-standardized",2006,"Rate",0.228314670942639,0.14032671884878,0.337347267406301
1,"Deaths",1800,"Barnstable County",25001,512,"Asbestosis",3,"Both",27,"Age-standardized",2007,"Rate",0.230844078879667,0.143366349024888,0.339200346675219
1,"Deaths",1800,"Barnstable County",25001,512,"Asbestosis",3,"Both",27,"Age-standardized",2008,"Rate",0.22841106089762,0.140716294878928,0.337836454028467
1,"Deaths",1800,"Barnstable County",25001,512,"Asbestosis",3,"Both",27,"Age-standardized",2009,"Rate",0.22878772221029,0.142102464221339,0.347624658101594
1,"Deaths",1800,"Barnstable County",25001,512,"Asbestosis",3,"Both",27,"Age-standardized",2010,"Rate",0.230356318855151,0.141922415863362,0.35000420633228
1,"Deaths",1800,"Barnstable County",25001,512,"Asbestosis",3,"Both",27,"Age-standardized",2011,"Rate",0.220140370182112,0.129620153571946,0.342573980536427
1,"Deaths",1800,"Barnstable County",25001,512,"Asbestosis",3,"Both",27,"Age-standardized",2012,"Rate",0.212248769377004,0.124505310637891,0.345515180357705
1,"Deaths",1800,"Barnstable County",25001,512,"Asbestosis",3,"Both",27,"Age-standardized",2013,"Rate",0.210889285029462,0.122178684158135,0.329075899560707
1,"Deaths",1800,"Barnstable County",25001,512,"Asbestosis",3,"Both",27,"Age-standardized",2014,"Rate",0.219050490636597,0.124710888769692,0.349565820709738
1,"Deaths",1790,"Berkshire County",25003,512,"Asbestosis",1,"Male",27,"Age-standardized",1980,"Rate",0.08740057245916,0.0393618098044865,0.163797461417999
1,"Deaths",1790,"Berkshire County",25003,512,"Asbestosis",1,"Male",27,"Age-standardized",1981,"Rate",0.0917236899766942,0.0412301579673647,0.171901087665393
1,"Deaths",1790,"Berkshire County",25003,512,"Asbestosis",1,"Male",27,"Age-standardized",1982,"Rate",0.0945223983681475,0.0432559405785574,0.177601860607836
1,"Deaths",1790,"Berkshire County",25003,512,"Asbestosis",1,"Male",27,"Age-standardized",1983,"Rate",0.105036004546252,0.0491461079251182,0.187330211846133
1,"Deaths",1790,"Berkshire County",25003,512,"Asbestosis",1,"Male",27,"Age-standardized",1984,"Rate",0.112270993305537,0.0523950089532327,0.201712427243943
1,"Deaths",1790,"Berkshire County",25003,512,"Asbestosis",1,"Male",27,"Age-standardized",1985,"Rate",0.123245621639663,0.0594465386554335,0.216143718333994
1,"Deaths",1790,"Berkshire County",25003,512,"Asbestosis",1,"Male",27,"Age-standardized",1986,"Rate",0.136019226993348,0.0680649738681219,0.230062808282814
1,"Deaths",1790,"Berkshire County",25003,512,"Asbestosis",1,"Male",27,"Age-standardized",1987,"Rate",0.147112675287386,0.071351247277644,0.247362264453723
1,"Deaths",1790,"Berkshire County",25003,512,"Asbestosis",1,"Male",27,"Age-standardized",1988,"Rate",0.157928478660018,0.0795361458603013,0.269739264715311
1,"Deaths",1790,"Berkshire County",25003,512,"Asbestosis",1,"Male",27,"Age-standardized",1989,"Rate",0.174397101479968,0.0882609229163986,0.290284787075852
1,"Deaths",1790,"Berkshire County",25003,512,"Asbestosis",1,"Male",27,"Age-standardized",1990,"Rate",0.179454173964559,0.0910733877007714,0.292064556860329
1,"Deaths",1790,"Berkshire County",25003,512,"Asbestosis",1,"Male",27,"Age-standardized",1991,"Rate",0.185261658038778,0.0968953520278357,0.304575963230758
1,"Deaths",1790,"Berkshire County",25003,512,"Asbestosis",1,"Male",27,"Age-standardized",1992,"Rate",0.198676862442312,0.100482973772224,0.330308135904226
1,"Deaths",1790,"Berkshire County",25003,512,"Asbestosis",1,"Male",27,"Age-standardized",1993,"Rate",0.213430521805718,0.106350686529836,0.344124026052313
1,"Deaths",1790,"Berkshire County",25003,512,"Asbestosis",1,"Male",27,"Age-standardized",1994,"Rate",0.22186032090482,0.115125377867118,0.373073729442143
1,"Deaths",1790,"Berkshire County",25003,512,"Asbestosis",1,"Male",27,"Age-standardized",1995,"Rate",0.236345284415949,0.124292840521591,0.38098903535541
1,"Deaths",1790,"Berkshire County",25003,512,"Asbestosis",1,"Male",27,"Age-standardized",1996,"Rate",0.248623140547391,0.131245793689879,0.402749385395369
1,"Deaths",1790,"Berkshire County",25003,512,"Asbestosis",1,"Male",27,"Age-standardized",1997,"Rate",0.264884265757404,0.139404763897172,0.431077208394906
1,"Deaths",1790,"Berkshire County",25003,512,"Asbestosis",1,"Male",27,"Age-standardized",1998,"Rate",0.283223875421674,0.145746028284801,0.482023579721203
1,"Deaths",1790,"Berkshire County",25003,512,"Asbestosis",1,"Male",27,"Age-standardized",1999,"Rate",0.313349973139222,0.156638435621328,0.530415915064029
1,"Deaths",1790,"Berkshire County",25003,512,"Asbestosis",1,"Male",27,"Age-standardized",2000,"Rate",0.316371557218024,0.159331146571589,0.537871904324678
1,"Deaths",1790,"Berkshire County",25003,512,"Asbestosis",1,"Male",27,"Age-standardized",2001,"Rate",0.329009952377635,0.166849886219824,0.560942980683676
1,"Deaths",1790,"Berkshire County",25003,512,"Asbestosis",1,"Male",27,"Age-standardized",2002,"Rate",0.325145843864943,0.16652771929214,0.551342010157858
1,"Deaths",1790,"Berkshire County",25003,512,"Asbestosis",1,"Male",27,"Age-standardized",2003,"Rate",0.331372917490503,0.16647747982157,0.551731895686834
1,"Deaths",1790,"Berkshire County",25003,512,"Asbestosis",1,"Male",27,"Age-standardized",2004,"Rate",0.324665717109601,0.154998962325656,0.557469087662055
1,"Deaths",1790,"Berkshire County",25003,512,"Asbestosis",1,"Male",27,"Age-standardized",2005,"Rate",0.31476554922962,0.159284036735606,0.543352847304937
1,"Deaths",1790,"Berkshire County",25003,512,"Asbestosis",1,"Male",27,"Age-standardized",2006,"Rate",0.307785291213659,0.152348895817218,0.536995459680028
1,"Deaths",1790,"Berkshire County",25003,512,"Asbestosis",1,"Male",27,"Age-standardized",2007,"Rate",0.302016973350982,0.150189676758157,0.518600683772673
1,"Deaths",1790,"Berkshire County",25003,512,"Asbestosis",1,"Male",27,"Age-standardized",2008,"Rate",0.303197410678213,0.150098036902834,0.53627588065382
1,"Deaths",1790,"Berkshire County",25003,512,"Asbestosis",1,"Male",27,"Age-standardized",2009,"Rate",0.296799072407059,0.134940991309486,0.529740374457208
1,"Deaths",1790,"Berkshire County",25003,512,"Asbestosis",1,"Male",27,"Age-standardized",2010,"Rate",0.29120470143886,0.132720119290922,0.538367792940781
1,"Deaths",1790,"Berkshire County",25003,512,"Asbestosis",1,"Male",27,"Age-standardized",2011,"Rate",0.295595527892583,0.135334890686953,0.546127494830882
1,"Deaths",1790,"Berkshire County",25003,512,"Asbestosis",1,"Male",27,"Age-standardized",2012,"Rate",0.279529409006632,0.126594251857656,0.526260451754862
1,"Deaths",1790,"Berkshire County",25003,512,"Asbestosis",1,"Male",27,"Age-standardized",2013,"Rate",0.281511213716438,0.127477444038668,0.535465131387209
1,"Deaths",1790,"Berkshire County",25003,512,"Asbestosis",1,"Male",27,"Age-standardized",2014,"Rate",0.295806017086981,0.134500790766529,0.578692612986019
1,"Deaths",1790,"Berkshire County",25003,512,"Asbestosis",2,"Female",27,"Age-standardized",1980,"Rate",0.00783037934510254,0.00422559125985468,0.0142312308615588
1,"Deaths",1790,"Berkshire County",25003,512,"Asbestosis",2,"Female",27,"Age-standardized",1981,"Rate",0.00777551151437153,0.00414123748844255,0.014029712040109
1,"Deaths",1790,"Berkshire County",25003,512,"Asbestosis",2,"Female",27,"Age-standardized",1982,"Rate",0.0076412326748239,0.00404789061243589,0.013757196820802
1,"Deaths",1790,"Berkshire County",25003,512,"Asbestosis",2,"Female",27,"Age-standardized",1983,"Rate",0.00790066714511645,0.00421131662902333,0.0148074562472346
1,"Deaths",1790,"Berkshire County",25003,512,"Asbestosis",2,"Female",27,"Age-standardized",1984,"Rate",0.00809000999702759,0.00430932265992246,0.0145190335899823
1,"Deaths",1790,"Berkshire County",25003,512,"Asbestosis",2,"Female",27,"Age-standardized",1985,"Rate",0.0083067643730666,0.00432136522025296,0.0149568277206751
1,"Deaths",1790,"Berkshire County",25003,512,"Asbestosis",2,"Female",27,"Age-standardized",1986,"Rate",0.00878292172373742,0.00467236611103446,0.0163036253538067
1,"Deaths",1790,"Berkshire County",25003,512,"Asbestosis",2,"Female",27,"Age-standardized",1987,"Rate",0.00937512664576189,0.00479078095492507,0.0171018244718107
1,"Deaths",1790,"Berkshire County",25003,512,"Asbestosis",2,"Female",27,"Age-standardized",1988,"Rate",0.00938224553552079,0.00474869368798585,0.0173346508466788
1,"Deaths",1790,"Berkshire County",25003,512,"Asbestosis",2,"Female",27,"Age-standardized",1989,"Rate",0.0101147709798187,0.00516951388159551,0.0195511728760565
1,"Deaths",1790,"Berkshire County",25003,512,"Asbestosis",2,"Female",27,"Age-standardized",1990,"Rate",0.0105233082718223,0.00509472283035481,0.0198016960294506
1,"Deaths",1790,"Berkshire County",25003,512,"Asbestosis",2,"Female",27,"Age-standardized",1991,"Rate",0.0110904872484977,0.00530244681837831,0.0211890775987911
1,"Deaths",1790,"Berkshire County",25003,512,"Asbestosis",2,"Female",27,"Age-standardized",1992,"Rate",0.0109338491140834,0.00513685709876399,0.0207784275287551
1,"Deaths",1790,"Berkshire County",25003,512,"Asbestosis",2,"Female",27,"Age-standardized",1993,"Rate",0.0111651326995249,0.00541695449991198,0.0216856860971756
1,"Deaths",1790,"Berkshire County",25003,512,"Asbestosis",2,"Female",27,"Age-standardized",1994,"Rate",0.0116889601678794,0.00534018541011636,0.0230527093906228
1,"Deaths",1790,"Berkshire County",25003,512,"Asbestosis",2,"Female",27,"Age-standardized",1995,"Rate",0.0119187256834898,0.00550374557415019,0.0229508494153663
1,"Deaths",1790,"Berkshire County",25003,512,"Asbestosis",2,"Female",27,"Age-standardized",1996,"Rate",0.012276113970825,0.00545077747570295,0.0238018804945695
1,"Deaths",1790,"Berkshire County",25003,512,"Asbestosis",2,"Female",27,"Age-standardized",1997,"Rate",0.0128337657645968,0.00562951305031873,0.0263336406116728
1,"Deaths",1790,"Berkshire County",25003,512,"Asbestosis",2,"Female",27,"Age-standardized",1998,"Rate",0.0130897313831864,0.00574898540260897,0.026391178764011
1,"Deaths",1790,"Berkshire County",25003,512,"Asbestosis",2,"Female",27,"Age-standardized",1999,"Rate",0.0134030879317738,0.00598273306366382,0.027578236079105
1,"Deaths",1790,"Berkshire County",25003,512,"Asbestosis",2,"Female",27,"Age-standardized",2000,"Rate",0.0150882213478884,0.00643630051834927,0.0319175788480916
1,"Deaths",1790,"Berkshire County",25003,512,"Asbestosis",2,"Female",27,"Age-standardized",2001,"Rate",0.0156140024431985,0.00658188718201033,0.0326215564354011
1,"Deaths",1790,"Berkshire County",25003,512,"Asbestosis",2,"Female",27,"Age-standardized",2002,"Rate",0.0168515397462974,0.00684076531150805,0.0365434592857143
1,"Deaths",1790,"Berkshire County",25003,512,"Asbestosis",2,"Female",27,"Age-standardized",2003,"Rate",0.0173214242013792,0.00669785370365476,0.0370638932168554
1,"Deaths",1790,"Berkshire County",25003,512,"Asbestosis",2,"Female",27,"Age-standardized",2004,"Rate",0.0167069134033187,0.00649129864111535,0.0354007606472217
1,"Deaths",1790,"Berkshire County",25003,512,"Asbestosis",2,"Female",27,"Age-standardized",2005,"Rate",0.0167425356883346,0.00636113177434174,0.036503927369786
1,"Deaths",1790,"Berkshire County",25003,512,"Asbestosis",2,"Female",27,"Age-standardized",2006,"Rate",0.0165059288987487,0.00628937808495204,0.0354598276526945
1,"Deaths",1790,"Berkshire County",25003,512,"Asbestosis",2,"Female",27,"Age-standardized",2007,"Rate",0.0171817070801724,0.00622914426487602,0.0376833864794997
1,"Deaths",1790,"Berkshire County",25003,512,"Asbestosis",2,"Female",27,"Age-standardized",2008,"Rate",0.016513695115374,0.00608485147843968,0.0358235943138564
1,"Deaths",1790,"Berkshire County",25003,512,"Asbestosis",2,"Female",27,"Age-standardized",2009,"Rate",0.0169838736340127,0.00608865389104085,0.0397636279135861
1,"Deaths",1790,"Berkshire County",25003,512,"Asbestosis",2,"Female",27,"Age-standardized",2010,"Rate",0.0166103610418226,0.00605572958901517,0.039417160603035
1,"Deaths",1790,"Berkshire County",25003,512,"Asbestosis",2,"Female",27,"Age-standardized",2011,"Rate",0.0166069948844927,0.0056758826061132,0.037432061006194
1,"Deaths",1790,"Berkshire County",25003,512,"Asbestosis",2,"Female",27,"Age-standardized",2012,"Rate",0.016411727858569,0.00568071954734611,0.0377215371972087
1,"Deaths",1790,"Berkshire County",25003,512,"Asbestosis",2,"Female",27,"Age-standardized",2013,"Rate",0.0160997735044662,0.00566120192003426,0.0376411360315547
1,"Deaths",1790,"Berkshire County",25003,512,"Asbestosis",2,"Female",27,"Age-standardized",2014,"Rate",0.0165696608869426,0.00540325547647443,0.0388506558721225
1,"Deaths",1790,"Berkshire County",25003,512,"Asbestosis",3,"Both",27,"Age-standardized",1980,"Rate",0.0371538579101718,0.0189672941398194,0.0674965458805096
1,"Deaths",1790,"Berkshire County",25003,512,"Asbestosis",3,"Both",27,"Age-standardized",1981,"Rate",0.0386648187663016,0.0197216374790319,0.0683349301994104
1,"Deaths",1790,"Berkshire County",25003,512,"Asbestosis",3,"Both",27,"Age-standardized",1982,"Rate",0.0394296208576529,0.0202009487517476,0.0693667882077252
1,"Deaths",1790,"Berkshire County",25003,512,"Asbestosis",3,"Both",27,"Age-standardized",1983,"Rate",0.0433786514592889,0.0227570934435562,0.0745385550402025
1,"Deaths",1790,"Berkshire County",25003,512,"Asbestosis",3,"Both",27,"Age-standardized",1984,"Rate",0.0459237927147797,0.0240263191083025,0.0789058526961304
1,"Deaths",1790,"Berkshire County",25003,512,"Asbestosis",3,"Both",27,"Age-standardized",1985,"Rate",0.0498908067222259,0.0258628371572347,0.0847442428693185
1,"Deaths",1790,"Berkshire County",25003,512,"Asbestosis",3,"Both",27,"Age-standardized",1986,"Rate",0.0547127858464479,0.0291259458865086,0.0892158341141327
1,"Deaths",1790,"Berkshire County",25003,512,"Asbestosis",3,"Both",27,"Age-standardized",1987,"Rate",0.0589677996207317,0.030629587637318,0.0956276676342236
1,"Deaths",1790,"Berkshire County",25003,512,"Asbestosis",3,"Both",27,"Age-standardized",1988,"Rate",0.0627502016139832,0.0332891790806084,0.103160940324345
1,"Deaths",1790,"Berkshire County",25003,512,"Asbestosis",3,"Both",27,"Age-standardized",1989,"Rate",0.068927506251143,0.0377503335915186,0.111421205402029
1,"Deaths",1790,"Berkshire County",25003,512,"Asbestosis",3,"Both",27,"Age-standardized",1990,"Rate",0.0708851921977612,0.0389644109885839,0.110598533042774
1,"Deaths",1790,"Berkshire County",25003,512,"Asbestosis",3,"Both",27,"Age-standardized",1991,"Rate",0.0732969098424391,0.0405227453267703,0.116699052401045
1,"Deaths",1790,"Berkshire County",25003,512,"Asbestosis",3,"Both",27,"Age-standardized",1992,"Rate",0.0779654788018152,0.0414432162859655,0.12580908467995
1,"Deaths",1790,"Berkshire County",25003,512,"Asbestosis",3,"Both",27,"Age-standardized",1993,"Rate",0.0835220054841052,0.0438469009360928,0.131220066416972
1,"Deaths",1790,"Berkshire County",25003,512,"Asbestosis",3,"Both",27,"Age-standardized",1994,"Rate",0.08697332182467,0.047550164807928,0.140278353888991
1,"Deaths",1790,"Berkshire County",25003,512,"Asbestosis",3,"Both",27,"Age-standardized",1995,"Rate",0.0925882110440481,0.0510574817572509,0.146460101230722
1,"Deaths",1790,"Berkshire County",25003,512,"Asbestosis",3,"Both",27,"Age-standardized",1996,"Rate",0.0969748851900383,0.053715980101836,0.156184079288215
1,"Deaths",1790,"Berkshire County",25003,512,"Asbestosis",3,"Both",27,"Age-standardized",1997,"Rate",0.103343591908622,0.0563643229144176,0.165090186874243
1,"Deaths",1790,"Berkshire County",25003,512,"Asbestosis",3,"Both",27,"Age-standardized",1998,"Rate",0.110248673008277,0.0602233129111755,0.181196273517617
1,"Deaths",1790,"Berkshire County",25003,512,"Asbestosis",3,"Both",27,"Age-standardized",1999,"Rate",0.121790664406269,0.0651718269513577,0.201113550618451
1,"Deaths",1790,"Berkshire County",25003,512,"Asbestosis",3,"Both",27,"Age-standardized",2000,"Rate",0.124630669312388,0.0672552058627911,0.204281196593705
1,"Deaths",1790,"Berkshire County",25003,512,"Asbestosis",3,"Both",27,"Age-standardized",2001,"Rate",0.129547772216498,0.06863949149071,0.213367306567265
1,"Deaths",1790,"Berkshire County",25003,512,"Asbestosis",3,"Both",27,"Age-standardized",2002,"Rate",0.130140087198958,0.069896963456498,0.213829805731061
1,"Deaths",1790,"Berkshire County",25003,512,"Asbestosis",3,"Both",27,"Age-standardized",2003,"Rate",0.132959380732519,0.0707059805671351,0.21198411215861
1,"Deaths",1790,"Berkshire County",25003,512,"Asbestosis",3,"Both",27,"Age-standardized",2004,"Rate",0.131451248114224,0.0676052817039995,0.218793097555745
1,"Deaths",1790,"Berkshire County",25003,512,"Asbestosis",3,"Both",27,"Age-standardized",2005,"Rate",0.128065881449685,0.0682018835057624,0.213586908702115
1,"Deaths",1790,"Berkshire County",25003,512,"Asbestosis",3,"Both",27,"Age-standardized",2006,"Rate",0.127357109832114,0.0663273347638683,0.213713900418463
1,"Deaths",1790,"Berkshire County",25003,512,"Asbestosis",3,"Both",27,"Age-standardized",2007,"Rate",0.126616087289544,0.0679615416449945,0.211326516647547
1,"Deaths",1790,"Berkshire County",25003,512,"Asbestosis",3,"Both",27,"Age-standardized",2008,"Rate",0.127267963109338,0.0663014948430548,0.217698777178406
1,"Deaths",1790,"Berkshire County",25003,512,"Asbestosis",3,"Both",27,"Age-standardized",2009,"Rate",0.126154555111174,0.0625002441405811,0.217622535535412
1,"Deaths",1790,"Berkshire County",25003,512,"Asbestosis",3,"Both",27,"Age-standardized",2010,"Rate",0.123988420930407,0.062292618742297,0.220366222197316
1,"Deaths",1790,"Berkshire County",25003,512,"Asbestosis",3,"Both",27,"Age-standardized",2011,"Rate",0.126237208466833,0.0627045502455866,0.224614985910076
1,"Deaths",1790,"Berkshire County",25003,512,"Asbestosis",3,"Both",27,"Age-standardized",2012,"Rate",0.120648268163833,0.05997902410586,0.216180935918578
1,"Deaths",1790,"Berkshire County",25003,512,"Asbestosis",3,"Both",27,"Age-standardized",2013,"Rate",0.122251878263112,0.0584709581949268,0.223195188729352
1,"Deaths",1790,"Berkshire County",25003,512,"Asbestosis",3,"Both",27,"Age-standardized",2014,"Rate",0.12907926366786,0.0641074319335617,0.24125614752436
1,"Deaths",1799,"Bristol County",25005,512,"Asbestosis",1,"Male",27,"Age-standardized",1980,"Rate",0.149891643763608,0.0623612784305995,0.29125191589589
1,"Deaths",1799,"Bristol County",25005,512,"Asbestosis",1,"Male",27,"Age-standardized",1981,"Rate",0.150333834605517,0.0669938607022869,0.282908259339904
1,"Deaths",1799,"Bristol County",25005,512,"Asbestosis",1,"Male",27,"Age-standardized",1982,"Rate",0.161332183811719,0.0722478344985183,0.292000301659147
1,"Deaths",1799,"Bristol County",25005,512,"Asbestosis",1,"Male",27,"Age-standardized",1983,"Rate",0.177917189288711,0.0837510232623476,0.325136010210409
1,"Deaths",1799,"Bristol County",25005,512,"Asbestosis",1,"Male",27,"Age-standardized",1984,"Rate",0.18578179180241,0.0891115453347887,0.320896292142758
1,"Deaths",1799,"Bristol County",25005,512,"Asbestosis",1,"Male",27,"Age-standardized",1985,"Rate",0.198861885399735,0.0944429404976472,0.352810317790047
1,"Deaths",1799,"Bristol County",25005,512,"Asbestosis",1,"Male",27,"Age-standardized",1986,"Rate",0.205808850787085,0.0995069278025549,0.344012583019503
1,"Deaths",1799,"Bristol County",25005,512,"Asbestosis",1,"Male",27,"Age-standardized",1987,"Rate",0.223085687703717,0.112573530405957,0.381368780562712
1,"Deaths",1799,"Bristol County",25005,512,"Asbestosis",1,"Male",27,"Age-standardized",1988,"Rate",0.239649258355063,0.131150341929208,0.3880815487521
1,"Deaths",1799,"Bristol County",25005,512,"Asbestosis",1,"Male",27,"Age-standardized",1989,"Rate",0.257243210798099,0.135791381044211,0.417206877312402
1,"Deaths",1799,"Bristol County",25005,512,"Asbestosis",1,"Male",27,"Age-standardized",1990,"Rate",0.259785629407133,0.144846952247443,0.415385571010185
1,"Deaths",1799,"Bristol County",25005,512,"Asbestosis",1,"Male",27,"Age-standardized",1991,"Rate",0.267206531741662,0.152168647087115,0.415450766386754
1,"Deaths",1799,"Bristol County",25005,512,"Asbestosis",1,"Male",27,"Age-standardized",1992,"Rate",0.288077297047184,0.166652524817899,0.433665393212678
1,"Deaths",1799,"Bristol County",25005,512,"Asbestosis",1,"Male",27,"Age-standardized",1993,"Rate",0.308481930261904,0.183192350027271,0.46570328713228
1,"Deaths",1799,"Bristol County",25005,512,"Asbestosis",1,"Male",27,"Age-standardized",1994,"Rate",0.312790016193953,0.191992025569371,0.464173741487784
1,"Deaths",1799,"Bristol County",25005,512,"Asbestosis",1,"Male",27,"Age-standardized",1995,"Rate",0.334293405429758,0.202513705585661,0.486227417673334
1,"Deaths",1799,"Bristol County",25005,512,"Asbestosis",1,"Male",27,"Age-standardized",1996,"Rate",0.363974575135234,0.236685949355529,0.532362595088497
1,"Deaths",1799,"Bristol County",25005,512,"Asbestosis",1,"Male",27,"Age-standardized",1997,"Rate",0.352865089717031,0.220725872931367,0.517029846085597
1,"Deaths",1799,"Bristol County",25005,512,"Asbestosis",1,"Male",27,"Age-standardized",1998,"Rate",0.372892174526739,0.22729343468969,0.54078956764999
1,"Deaths",1799,"Bristol County",25005,512,"Asbestosis",1,"Male",27,"Age-standardized",1999,"Rate",0.401556346606266,0.255310048566153,0.585140310444086
1,"Deaths",1799,"Bristol County",25005,512,"Asbestosis",1,"Male",27,"Age-standardized",2000,"Rate",0.453728476808571,0.295676907906587,0.673989511849143
1,"Deaths",1799,"Bristol County",25005,512,"Asbestosis",1,"Male",27,"Age-standardized",2001,"Rate",0.42550068564239,0.274234946722585,0.627955732190391
1,"Deaths",1799,"Bristol County",25005,512,"Asbestosis",1,"Male",27,"Age-standardized",2002,"Rate",0.449487422202819,0.291203884350178,0.672355185082202
1,"Deaths",1799,"Bristol County",25005,512,"Asbestosis",1,"Male",27,"Age-standardized",2003,"Rate",0.441206316153811,0.274851123883254,0.654554722170057
1,"Deaths",1799,"Bristol County",25005,512,"Asbestosis",1,"Male",27,"Age-standardized",2004,"Rate",0.425927559534211,0.2671738244129,0.624447879875713
1,"Deaths",1799,"Bristol County",25005,512,"Asbestosis",1,"Male",27,"Age-standardized",2005,"Rate",0.415006993294711,0.25861617151236,0.602673704859232
1,"Deaths",1799,"Bristol County",25005,512,"Asbestosis",1,"Male",27,"Age-standardized",2006,"Rate",0.404042470212109,0.248481457498455,0.605213023547147
1,"Deaths",1799,"Bristol County",25005,512,"Asbestosis",1,"Male",27,"Age-standardized",2007,"Rate",0.394767387878048,0.241447368148459,0.594292500798453
1,"Deaths",1799,"Bristol County",25005,512,"Asbestosis",1,"Male",27,"Age-standardized",2008,"Rate",0.41621866792728,0.256228102451868,0.599467459815119
1,"Deaths",1799,"Bristol County",25005,512,"Asbestosis",1,"Male",27,"Age-standardized",2009,"Rate",0.399354776195301,0.240986607993064,0.607987801733218
1,"Deaths",1799,"Bristol County",25005,512,"Asbestosis",1,"Male",27,"Age-standardized",2010,"Rate",0.386746185945564,0.232223065219819,0.575539060646665
1,"Deaths",1799,"Bristol County",25005,512,"Asbestosis",1,"Male",27,"Age-standardized",2011,"Rate",0.394497698522707,0.238206099162861,0.607350157346042
1,"Deaths",1799,"Bristol County",25005,512,"Asbestosis",1,"Male",27,"Age-standardized",2012,"Rate",0.365084749037594,0.212179317140364,0.5648568356796
1,"Deaths",1799,"Bristol County",25005,512,"Asbestosis",1,"Male",27,"Age-standardized",2013,"Rate",0.374840570541214,0.213027575917085,0.589990641852748
1,"Deaths",1799,"Bristol County",25005,512,"Asbestosis",1,"Male",27,"Age-standardized",2014,"Rate",0.38422121374778,0.213827816051694,0.607851985231577
1,"Deaths",1799,"Bristol County",25005,512,"Asbestosis",2,"Female",27,"Age-standardized",1980,"Rate",0.00541694397415945,0.00266272061263355,0.0100822498632307
1,"Deaths",1799,"Bristol County",25005,512,"Asbestosis",2,"Female",27,"Age-standardized",1981,"Rate",0.00551395235510829,0.00265898679920007,0.0103138868658353
1,"Deaths",1799,"Bristol County",25005,512,"Asbestosis",2,"Female",27,"Age-standardized",1982,"Rate",0.00545693124669214,0.00265470243233273,0.0101401297438312
1,"Deaths",1799,"Bristol County",25005,512,"Asbestosis",2,"Female",27,"Age-standardized",1983,"Rate",0.00567353465364452,0.00273701394801778,0.0104352634418782
1,"Deaths",1799,"Bristol County",25005,512,"Asbestosis",2,"Female",27,"Age-standardized",1984,"Rate",0.00560230846571426,0.00272916262021721,0.0101712447651736
1,"Deaths",1799,"Bristol County",25005,512,"Asbestosis",2,"Female",27,"Age-standardized",1985,"Rate",0.00598073034930224,0.00296002755185815,0.0111207376984842
1,"Deaths",1799,"Bristol County",25005,512,"Asbestosis",2,"Female",27,"Age-standardized",1986,"Rate",0.00620765177890877,0.00300373148859088,0.0115548449700925
1,"Deaths",1799,"Bristol County",25005,512,"Asbestosis",2,"Female",27,"Age-standardized",1987,"Rate",0.0065717267814102,0.00309911819785233,0.0122768636884238
1,"Deaths",1799,"Bristol County",25005,512,"Asbestosis",2,"Female",27,"Age-standardized",1988,"Rate",0.00702167947066476,0.00322929655076075,0.0131485832518705
1,"Deaths",1799,"Bristol County",25005,512,"Asbestosis",2,"Female",27,"Age-standardized",1989,"Rate",0.00713183184007569,0.00318346851267175,0.0140332546462674
1,"Deaths",1799,"Bristol County",25005,512,"Asbestosis",2,"Female",27,"Age-standardized",1990,"Rate",0.00769242922607987,0.0034224511538092,0.0149161225848341
1,"Deaths",1799,"Bristol County",25005,512,"Asbestosis",2,"Female",27,"Age-standardized",1991,"Rate",0.00822006843918325,0.00365423554654246,0.0155325659237677
1,"Deaths",1799,"Bristol County",25005,512,"Asbestosis",2,"Female",27,"Age-standardized",1992,"Rate",0.00821884238937041,0.0036796756390715,0.016183378806542
1,"Deaths",1799,"Bristol County",25005,512,"Asbestosis",2,"Female",27,"Age-standardized",1993,"Rate",0.00839334393081174,0.00372148523830305,0.0161482926997555
1,"Deaths",1799,"Bristol County",25005,512,"Asbestosis",2,"Female",27,"Age-standardized",1994,"Rate",0.00860979026268092,0.00383013078423185,0.0170346348212083
1,"Deaths",1799,"Bristol County",25005,512,"Asbestosis",2,"Female",27,"Age-standardized",1995,"Rate",0.00875295514992464,0.00380448522720984,0.0176918450406287
1,"Deaths",1799,"Bristol County",25005,512,"Asbestosis",2,"Female",27,"Age-standardized",1996,"Rate",0.00879998267204674,0.00380773246206458,0.0175668769879061
1,"Deaths",1799,"Bristol County",25005,512,"Asbestosis",2,"Female",27,"Age-standardized",1997,"Rate",0.00946494226746726,0.00398627950286658,0.0187807887652449
1,"Deaths",1799,"Bristol County",25005,512,"Asbestosis",2,"Female",27,"Age-standardized",1998,"Rate",0.00968733575440974,0.00403508179793957,0.0196632411281105
1,"Deaths",1799,"Bristol County",25005,512,"Asbestosis",2,"Female",27,"Age-standardized",1999,"Rate",0.0101593018956534,0.00414852422153341,0.0211472709730532
1,"Deaths",1799,"Bristol County",25005,512,"Asbestosis",2,"Female",27,"Age-standardized",2000,"Rate",0.0113790931862418,0.00458622252707529,0.0242661868566833
1,"Deaths",1799,"Bristol County",25005,512,"Asbestosis",2,"Female",27,"Age-standardized",2001,"Rate",0.0117682543939074,0.0047050675549662,0.0243771301843062
1,"Deaths",1799,"Bristol County",25005,512,"Asbestosis",2,"Female",27,"Age-standardized",2002,"Rate",0.0124986457978498,0.00499036615420466,0.026398677876311
1,"Deaths",1799,"Bristol County",25005,512,"Asbestosis",2,"Female",27,"Age-standardized",2003,"Rate",0.0129709960461335,0.00500886784666561,0.0265922293876589
1,"Deaths",1799,"Bristol County",25005,512,"Asbestosis",2,"Female",27,"Age-standardized",2004,"Rate",0.0125975367079203,0.00485604858967476,0.027634045185989
1,"Deaths",1799,"Bristol County",25005,512,"Asbestosis",2,"Female",27,"Age-standardized",2005,"Rate",0.012457403664977,0.00472099332264975,0.0268998899015653
1,"Deaths",1799,"Bristol County",25005,512,"Asbestosis",2,"Female",27,"Age-standardized",2006,"Rate",0.0122771323026938,0.00447278528493953,0.0274321428360653
1,"Deaths",1799,"Bristol County",25005,512,"Asbestosis",2,"Female",27,"Age-standardized",2007,"Rate",0.0123727615116503,0.00461171904762796,0.0267530297914796
1,"Deaths",1799,"Bristol County",25005,512,"Asbestosis",2,"Female",27,"Age-standardized",2008,"Rate",0.0124461995905307,0.00446042246626649,0.0273611515513615
1,"Deaths",1799,"Bristol County",25005,512,"Asbestosis",2,"Female",27,"Age-standardized",2009,"Rate",0.0128970081334363,0.00477879624844669,0.0284066310015411
1,"Deaths",1799,"Bristol County",25005,512,"Asbestosis",2,"Female",27,"Age-standardized",2010,"Rate",0.0126015972171693,0.00442347421453924,0.0281069133262803
1,"Deaths",1799,"Bristol County",25005,512,"Asbestosis",2,"Female",27,"Age-standardized",2011,"Rate",0.0128443912792852,0.00438250228044492,0.0290225515225874
1,"Deaths",1799,"Bristol County",25005,512,"Asbestosis",2,"Female",27,"Age-standardized",2012,"Rate",0.0125560074649268,0.00418055877223362,0.0297266833373419
1,"Deaths",1799,"Bristol County",25005,512,"Asbestosis",2,"Female",27,"Age-standardized",2013,"Rate",0.0121616135144707,0.00414992859577641,0.0278005550248099
1,"Deaths",1799,"Bristol County",25005,512,"Asbestosis",2,"Female",27,"Age-standardized",2014,"Rate",0.0128705547841552,0.00425553912225142,0.0303786025377852
1,"Deaths",1799,"Bristol County",25005,512,"Asbestosis",3,"Both",27,"Age-standardized",1980,"Rate",0.0579325864152782,0.025951214101768,0.108150611128626
1,"Deaths",1799,"Bristol County",25005,512,"Asbestosis",3,"Both",27,"Age-standardized",1981,"Rate",0.0580168218863011,0.0274697386580736,0.104931398928778
1,"Deaths",1799,"Bristol County",25005,512,"Asbestosis",3,"Both",27,"Age-standardized",1982,"Rate",0.0616880278445014,0.0295147499089041,0.109244332363838
1,"Deaths",1799,"Bristol County",25005,512,"Asbestosis",3,"Both",27,"Age-standardized",1983,"Rate",0.0676949935958701,0.0332811757353539,0.120055206375944
1,"Deaths",1799,"Bristol County",25005,512,"Asbestosis",3,"Both",27,"Age-standardized",1984,"Rate",0.0702118824158251,0.0358751621630706,0.11870519921046
1,"Deaths",1799,"Bristol County",25005,512,"Asbestosis",3,"Both",27,"Age-standardized",1985,"Rate",0.0748088135083058,0.0371929542917366,0.128938098136625
1,"Deaths",1799,"Bristol County",25005,512,"Asbestosis",3,"Both",27,"Age-standardized",1986,"Rate",0.0772908675706284,0.0398222175426661,0.128768001068053
1,"Deaths",1799,"Bristol County",25005,512,"Asbestosis",3,"Both",27,"Age-standardized",1987,"Rate",0.0835702630111384,0.0441326003271423,0.141031469397951
1,"Deaths",1799,"Bristol County",25005,512,"Asbestosis",3,"Both",27,"Age-standardized",1988,"Rate",0.0895065481295556,0.0502020086786686,0.142848966369896
1,"Deaths",1799,"Bristol County",25005,512,"Asbestosis",3,"Both",27,"Age-standardized",1989,"Rate",0.0955893061422705,0.0535655626934274,0.152064501732656
1,"Deaths",1799,"Bristol County",25005,512,"Asbestosis",3,"Both",27,"Age-standardized",1990,"Rate",0.0968747815947415,0.056690278800711,0.153491199030211
1,"Deaths",1799,"Bristol County",25005,512,"Asbestosis",3,"Both",27,"Age-standardized",1991,"Rate",0.0996109621837882,0.0593047282571088,0.152054091986247
1,"Deaths",1799,"Bristol County",25005,512,"Asbestosis",3,"Both",27,"Age-standardized",1992,"Rate",0.106933173403658,0.0631887360324314,0.158596388076259
1,"Deaths",1799,"Bristol County",25005,512,"Asbestosis",3,"Both",27,"Age-standardized",1993,"Rate",0.114333807077532,0.0703336475612316,0.171247637622762
1,"Deaths",1799,"Bristol County",25005,512,"Asbestosis",3,"Both",27,"Age-standardized",1994,"Rate",0.116017233123392,0.0727187282240536,0.169285688947598
1,"Deaths",1799,"Bristol County",25005,512,"Asbestosis",3,"Both",27,"Age-standardized",1995,"Rate",0.123938969856962,0.0778270724732638,0.179176684567537
1,"Deaths",1799,"Bristol County",25005,512,"Asbestosis",3,"Both",27,"Age-standardized",1996,"Rate",0.134241638173058,0.0873047934853109,0.193933613012892
1,"Deaths",1799,"Bristol County",25005,512,"Asbestosis",3,"Both",27,"Age-standardized",1997,"Rate",0.130611591207542,0.0840573592935548,0.187972440321074
1,"Deaths",1799,"Bristol County",25005,512,"Asbestosis",3,"Both",27,"Age-standardized",1998,"Rate",0.137871562212652,0.0866437135401823,0.19715535954549
1,"Deaths",1799,"Bristol County",25005,512,"Asbestosis",3,"Both",27,"Age-standardized",1999,"Rate",0.148881036593929,0.0953068437807953,0.214960345357328
1,"Deaths",1799,"Bristol County",25005,512,"Asbestosis",3,"Both",27,"Age-standardized",2000,"Rate",0.168738539191383,0.11121122188097,0.245839290038847
1,"Deaths",1799,"Bristol County",25005,512,"Asbestosis",3,"Both",27,"Age-standardized",2001,"Rate",0.159862135664217,0.104778089015654,0.234278337468636
1,"Deaths",1799,"Bristol County",25005,512,"Asbestosis",3,"Both",27,"Age-standardized",2002,"Rate",0.169640283840574,0.113156134175511,0.249926837563685
1,"Deaths",1799,"Bristol County",25005,512,"Asbestosis",3,"Both",27,"Age-standardized",2003,"Rate",0.167271252781383,0.107779513249456,0.245633347921106
1,"Deaths",1799,"Bristol County",25005,512,"Asbestosis",3,"Both",27,"Age-standardized",2004,"Rate",0.162088437689589,0.103563994905994,0.233516900103215
1,"Deaths",1799,"Bristol County",25005,512,"Asbestosis",3,"Both",27,"Age-standardized",2005,"Rate",0.158636110174283,0.100584232711685,0.228369149009299
1,"Deaths",1799,"Bristol County",25005,512,"Asbestosis",3,"Both",27,"Age-standardized",2006,"Rate",0.155807380497906,0.0978882430940675,0.226798113080802
1,"Deaths",1799,"Bristol County",25005,512,"Asbestosis",3,"Both",27,"Age-standardized",2007,"Rate",0.153244478860376,0.0955367062659236,0.22737347540121
1,"Deaths",1799,"Bristol County",25005,512,"Asbestosis",3,"Both",27,"Age-standardized",2008,"Rate",0.162653417774631,0.101792231085822,0.231058657460897
1,"Deaths",1799,"Bristol County",25005,512,"Asbestosis",3,"Both",27,"Age-standardized",2009,"Rate",0.157820226603346,0.0972110965568763,0.234809090631105
1,"Deaths",1799,"Bristol County",25005,512,"Asbestosis",3,"Both",27,"Age-standardized",2010,"Rate",0.153358447224404,0.0948670345700556,0.225326181651013
1,"Deaths",1799,"Bristol County",25005,512,"Asbestosis",3,"Both",27,"Age-standardized",2011,"Rate",0.156540015771049,0.0954759365618332,0.235081343723751
1,"Deaths",1799,"Bristol County",25005,512,"Asbestosis",3,"Both",27,"Age-standardized",2012,"Rate",0.146183323905387,0.0856242907652288,0.224727237204468
1,"Deaths",1799,"Bristol County",25005,512,"Asbestosis",3,"Both",27,"Age-standardized",2013,"Rate",0.150481446174616,0.0879212359901332,0.232350340031472
1,"Deaths",1799,"Bristol County",25005,512,"Asbestosis",3,"Both",27,"Age-standardized",2014,"Rate",0.154791878736813,0.0889892238465978,0.239431659821162
1,"Deaths",1801,"Dukes County",25007,512,"Asbestosis",1,"Male",27,"Age-standardized",1980,"Rate",0.118385089112573,0.018390109483069,0.379214925919587
1,"Deaths",1801,"Dukes County",25007,512,"Asbestosis",1,"Male",27,"Age-standardized",1981,"Rate",0.119478444720553,0.0198142242457648,0.360276836830119
1,"Deaths",1801,"Dukes County",25007,512,"Asbestosis",1,"Male",27,"Age-standardized",1982,"Rate",0.1207427497023,0.0198089149823854,0.366096257107664
1,"Deaths",1801,"Dukes County",25007,512,"Asbestosis",1,"Male",27,"Age-standardized",1983,"Rate",0.127428721209625,0.0217301416302179,0.374845740711701
1,"Deaths",1801,"Dukes County",25007,512,"Asbestosis",1,"Male",27,"Age-standardized",1984,"Rate",0.130896309065356,0.0235593487687675,0.39329057932898
1,"Deaths",1801,"Dukes County",25007,512,"Asbestosis",1,"Male",27,"Age-standardized",1985,"Rate",0.139080006468477,0.0261476853877647,0.413450759830905
1,"Deaths",1801,"Dukes County",25007,512,"Asbestosis",1,"Male",27,"Age-standardized",1986,"Rate",0.149177370610969,0.0277680897776791,0.452679892197327
1,"Deaths",1801,"Dukes County",25007,512,"Asbestosis",1,"Male",27,"Age-standardized",1987,"Rate",0.155242351083666,0.02721840044727,0.458460365587927
1,"Deaths",1801,"Dukes County",25007,512,"Asbestosis",1,"Male",27,"Age-standardized",1988,"Rate",0.160829901377917,0.029702170214228,0.477035165599578
1,"Deaths",1801,"Dukes County",25007,512,"Asbestosis",1,"Male",27,"Age-standardized",1989,"Rate",0.17075867037186,0.0303073437725167,0.474442330272015
1,"Deaths",1801,"Dukes County",25007,512,"Asbestosis",1,"Male",27,"Age-standardized",1990,"Rate",0.170748627037375,0.0328846739572759,0.488350165467939
1,"Deaths",1801,"Dukes County",25007,512,"Asbestosis",1,"Male",27,"Age-standardized",1991,"Rate",0.178561982712881,0.0334591802462128,0.565089759197454
1,"Deaths",1801,"Dukes County",25007,512,"Asbestosis",1,"Male",27,"Age-standardized",1992,"Rate",0.184279782835421,0.034664454355461,0.551247841254116
1,"Deaths",1801,"Dukes County",25007,512,"Asbestosis",1,"Male",27,"Age-standardized",1993,"Rate",0.193198833646666,0.0367310057930414,0.574214959233089
1,"Deaths",1801,"Dukes County",25007,512,"Asbestosis",1,"Male",27,"Age-standardized",1994,"Rate",0.201842236838269,0.0398737884686339,0.613211996771699
1,"Deaths",1801,"Dukes County",25007,512,"Asbestosis",1,"Male",27,"Age-standardized",1995,"Rate",0.211596832150366,0.0410397158555382,0.633973730762118
1,"Deaths",1801,"Dukes County",25007,512,"Asbestosis",1,"Male",27,"Age-standardized",1996,"Rate",0.216926412979591,0.0411860111883503,0.609385201158596
1,"Deaths",1801,"Dukes County",25007,512,"Asbestosis",1,"Male",27,"Age-standardized",1997,"Rate",0.228542991619744,0.0439765521145866,0.675298558320687
1,"Deaths",1801,"Dukes County",25007,512,"Asbestosis",1,"Male",27,"Age-standardized",1998,"Rate",0.241159125146451,0.0455685448839457,0.698636755795088
1,"Deaths",1801,"Dukes County",25007,512,"Asbestosis",1,"Male",27,"Age-standardized",1999,"Rate",0.256196724214456,0.0475215886723768,0.788962182298306
1,"Deaths",1801,"Dukes County",25007,512,"Asbestosis",1,"Male",27,"Age-standardized",2000,"Rate",0.266624932116626,0.048612094253241,0.817529242651885
1,"Deaths",1801,"Dukes County",25007,512,"Asbestosis",1,"Male",27,"Age-standardized",2001,"Rate",0.275188865556437,0.0486497771224707,0.845951750708065
1,"Deaths",1801,"Dukes County",25007,512,"Asbestosis",1,"Male",27,"Age-standardized",2002,"Rate",0.275166199583237,0.0472943801972611,0.853205555718858
1,"Deaths",1801,"Dukes County",25007,512,"Asbestosis",1,"Male",27,"Age-standardized",2003,"Rate",0.279161859421121,0.0441568093361247,0.879242496537807
1,"Deaths",1801,"Dukes County",25007,512,"Asbestosis",1,"Male",27,"Age-standardized",2004,"Rate",0.264042914811042,0.0429982072601764,0.856447273659851
1,"Deaths",1801,"Dukes County",25007,512,"Asbestosis",1,"Male",27,"Age-standardized",2005,"Rate",0.265456941492882,0.042495158154901,0.841024518366431
1,"Deaths",1801,"Dukes County",25007,512,"Asbestosis",1,"Male",27,"Age-standardized",2006,"Rate",0.264593309478975,0.0418826943181657,0.828314275860604
1,"Deaths",1801,"Dukes County",25007,512,"Asbestosis",1,"Male",27,"Age-standardized",2007,"Rate",0.253522175824562,0.0379112056294382,0.834733124404882
1,"Deaths",1801,"Dukes County",25007,512,"Asbestosis",1,"Male",27,"Age-standardized",2008,"Rate",0.242109921091108,0.0348526837316283,0.74578977442904
1,"Deaths",1801,"Dukes County",25007,512,"Asbestosis",1,"Male",27,"Age-standardized",2009,"Rate",0.238501658268465,0.0356904288291661,0.807384750008043
1,"Deaths",1801,"Dukes County",25007,512,"Asbestosis",1,"Male",27,"Age-standardized",2010,"Rate",0.237697476303449,0.0326327922092016,0.779021316544449
1,"Deaths",1801,"Dukes County",25007,512,"Asbestosis",1,"Male",27,"Age-standardized",2011,"Rate",0.231985084431986,0.0303323291680954,0.781591802016967
1,"Deaths",1801,"Dukes County",25007,512,"Asbestosis",1,"Male",27,"Age-standardized",2012,"Rate",0.235361389888341,0.0305438820526599,0.790715471890817
1,"Deaths",1801,"Dukes County",25007,512,"Asbestosis",1,"Male",27,"Age-standardized",2013,"Rate",0.234964754413469,0.0287876579379606,0.814400603840822
1,"Deaths",1801,"Dukes County",25007,512,"Asbestosis",1,"Male",27,"Age-standardized",2014,"Rate",0.240703347291936,0.0288784617988372,0.837030041540321
1,"Deaths",1801,"Dukes County",25007,512,"Asbestosis",2,"Female",27,"Age-standardized",1980,"Rate",0.00966253390235793,0.00236255855961128,0.0289652251283469
1,"Deaths",1801,"Dukes County",25007,512,"Asbestosis",2,"Female",27,"Age-standardized",1981,"Rate",0.00954569975764634,0.00238993574870024,0.0281308557039623
1,"Deaths",1801,"Dukes County",25007,512,"Asbestosis",2,"Female",27,"Age-standardized",1982,"Rate",0.00951302269183133,0.00239018398903584,0.0280809712676048
1,"Deaths",1801,"Dukes County",25007,512,"Asbestosis",2,"Female",27,"Age-standardized",1983,"Rate",0.00978844751554395,0.0023488141231633,0.0306116835952176
1,"Deaths",1801,"Dukes County",25007,512,"Asbestosis",2,"Female",27,"Age-standardized",1984,"Rate",0.00982663160837983,0.00240732578383515,0.0295835714808267
1,"Deaths",1801,"Dukes County",25007,512,"Asbestosis",2,"Female",27,"Age-standardized",1985,"Rate",0.0102604960005396,0.0025074586299942,0.0305511351042654
1,"Deaths",1801,"Dukes County",25007,512,"Asbestosis",2,"Female",27,"Age-standardized",1986,"Rate",0.0110541042272193,0.00248939454950808,0.0369699588239433
1,"Deaths",1801,"Dukes County",25007,512,"Asbestosis",2,"Female",27,"Age-standardized",1987,"Rate",0.0114947414858449,0.00260774091407295,0.0375550600431002
1,"Deaths",1801,"Dukes County",25007,512,"Asbestosis",2,"Female",27,"Age-standardized",1988,"Rate",0.011874001753924,0.00263498465239764,0.0394321527267799
1,"Deaths",1801,"Dukes County",25007,512,"Asbestosis",2,"Female",27,"Age-standardized",1989,"Rate",0.0126316288963552,0.00266606171557815,0.0407347901851498
1,"Deaths",1801,"Dukes County",25007,512,"Asbestosis",2,"Female",27,"Age-standardized",1990,"Rate",0.013269861765301,0.00266228117924981,0.0450916532407977
1,"Deaths",1801,"Dukes County",25007,512,"Asbestosis",2,"Female",27,"Age-standardized",1991,"Rate",0.0141840265211727,0.00287034645001994,0.0492733334583076
1,"Deaths",1801,"Dukes County",25007,512,"Asbestosis",2,"Female",27,"Age-standardized",1992,"Rate",0.0136906121050455,0.0026879401601588,0.0454797370570113
1,"Deaths",1801,"Dukes County",25007,512,"Asbestosis",2,"Female",27,"Age-standardized",1993,"Rate",0.0139373340356332,0.00274359078566303,0.0496822262440422
1,"Deaths",1801,"Dukes County",25007,512,"Asbestosis",2,"Female",27,"Age-standardized",1994,"Rate",0.0143374378072226,0.00268356898169594,0.0503177689008669
1,"Deaths",1801,"Dukes County",25007,512,"Asbestosis",2,"Female",27,"Age-standardized",1995,"Rate",0.0146591390835948,0.00277201894667376,0.052995285315462
1,"Deaths",1801,"Dukes County",25007,512,"Asbestosis",2,"Female",27,"Age-standardized",1996,"Rate",0.0145304118554199,0.00274437034398143,0.0529685262865427
1,"Deaths",1801,"Dukes County",25007,512,"Asbestosis",2,"Female",27,"Age-standardized",1997,"Rate",0.0156009620594988,0.00283028077459033,0.0585038037523932
1,"Deaths",1801,"Dukes County",25007,512,"Asbestosis",2,"Female",27,"Age-standardized",1998,"Rate",0.0162323768332529,0.0029171373991439,0.0618995798230943
1,"Deaths",1801,"Dukes County",25007,512,"Asbestosis",2,"Female",27,"Age-standardized",1999,"Rate",0.0165952693076725,0.002833956390042,0.0618299368414151
1,"Deaths",1801,"Dukes County",25007,512,"Asbestosis",2,"Female",27,"Age-standardized",2000,"Rate",0.0186142460169784,0.00291428432654341,0.0711616389929821
1,"Deaths",1801,"Dukes County",25007,512,"Asbestosis",2,"Female",27,"Age-standardized",2001,"Rate",0.0188762740136998,0.00296996741049176,0.0719380296168636
1,"Deaths",1801,"Dukes County",25007,512,"Asbestosis",2,"Female",27,"Age-standardized",2002,"Rate",0.0201004465758897,0.00299576134404784,0.0725767930337348
1,"Deaths",1801,"Dukes County",25007,512,"Asbestosis",2,"Female",27,"Age-standardized",2003,"Rate",0.0210152924885323,0.00308100629281006,0.0830284467882196
1,"Deaths",1801,"Dukes County",25007,512,"Asbestosis",2,"Female",27,"Age-standardized",2004,"Rate",0.0204038459984171,0.00284798737425518,0.0834847205307908
1,"Deaths",1801,"Dukes County",25007,512,"Asbestosis",2,"Female",27,"Age-standardized",2005,"Rate",0.0203959498627434,0.00268436530431597,0.0812603700897476
1,"Deaths",1801,"Dukes County",25007,512,"Asbestosis",2,"Female",27,"Age-standardized",2006,"Rate",0.0202533931404654,0.00277649420190337,0.0816763904240694
1,"Deaths",1801,"Dukes County",25007,512,"Asbestosis",2,"Female",27,"Age-standardized",2007,"Rate",0.0205631823972885,0.00258576746603091,0.0839685646569824
1,"Deaths",1801,"Dukes County",25007,512,"Asbestosis",2,"Female",27,"Age-standardized",2008,"Rate",0.0208135621275179,0.00244525940360922,0.0837032488872218
1,"Deaths",1801,"Dukes County",25007,512,"Asbestosis",2,"Female",27,"Age-standardized",2009,"Rate",0.0212827890902471,0.00245838345612133,0.0894255749766082
1,"Deaths",1801,"Dukes County",25007,512,"Asbestosis",2,"Female",27,"Age-standardized",2010,"Rate",0.0211668696520983,0.00235191025696507,0.0916364102801057
1,"Deaths",1801,"Dukes County",25007,512,"Asbestosis",2,"Female",27,"Age-standardized",2011,"Rate",0.0219665275508356,0.00240451200674732,0.0923998232330228
1,"Deaths",1801,"Dukes County",25007,512,"Asbestosis",2,"Female",27,"Age-standardized",2012,"Rate",0.0214989018168488,0.00213774080604745,0.0962300012214519
1,"Deaths",1801,"Dukes County",25007,512,"Asbestosis",2,"Female",27,"Age-standardized",2013,"Rate",0.0210155547264608,0.00212706340589612,0.0920611895942739
1,"Deaths",1801,"Dukes County",25007,512,"Asbestosis",2,"Female",27,"Age-standardized",2014,"Rate",0.0221745006868765,0.00205338415307914,0.0970180535146059
1,"Deaths",1801,"Dukes County",25007,512,"Asbestosis",3,"Both",27,"Age-standardized",1980,"Rate",0.0482476983782233,0.0106802969265697,0.141018525911137
1,"Deaths",1801,"Dukes County",25007,512,"Asbestosis",3,"Both",27,"Age-standardized",1981,"Rate",0.0488833814921344,0.0111461753800728,0.137463511575373
1,"Deaths",1801,"Dukes County",25007,512,"Asbestosis",3,"Both",27,"Age-standardized",1982,"Rate",0.0492875070459655,0.0118315404248449,0.13779587738807
1,"Deaths",1801,"Dukes County",25007,512,"Asbestosis",3,"Both",27,"Age-standardized",1983,"Rate",0.0519516782014419,0.0124584697930028,0.139823416775981
1,"Deaths",1801,"Dukes County",25007,512,"Asbestosis",3,"Both",27,"Age-standardized",1984,"Rate",0.0534684927089081,0.0130846923982831,0.149104495886394
1,"Deaths",1801,"Dukes County",25007,512,"Asbestosis",3,"Both",27,"Age-standardized",1985,"Rate",0.0571858104998135,0.0142872777750103,0.158876070108803
1,"Deaths",1801,"Dukes County",25007,512,"Asbestosis",3,"Both",27,"Age-standardized",1986,"Rate",0.0617291638840419,0.0147795819233232,0.172133810317891
1,"Deaths",1801,"Dukes County",25007,512,"Asbestosis",3,"Both",27,"Age-standardized",1987,"Rate",0.0644863591236777,0.015144577986328,0.178853048757889
1,"Deaths",1801,"Dukes County",25007,512,"Asbestosis",3,"Both",27,"Age-standardized",1988,"Rate",0.0670983275107088,0.0157960818633901,0.181354943377318
1,"Deaths",1801,"Dukes County",25007,512,"Asbestosis",3,"Both",27,"Age-standardized",1989,"Rate",0.0714201200295707,0.0172211811301097,0.190302613755221
1,"Deaths",1801,"Dukes County",25007,512,"Asbestosis",3,"Both",27,"Age-standardized",1990,"Rate",0.071927878461237,0.0183681591064648,0.192555146167899
1,"Deaths",1801,"Dukes County",25007,512,"Asbestosis",3,"Both",27,"Age-standardized",1991,"Rate",0.0750234057821014,0.0179079194495319,0.216536792916004
1,"Deaths",1801,"Dukes County",25007,512,"Asbestosis",3,"Both",27,"Age-standardized",1992,"Rate",0.0762508097413761,0.0189116790527889,0.213966126796728
1,"Deaths",1801,"Dukes County",25007,512,"Asbestosis",3,"Both",27,"Age-standardized",1993,"Rate",0.0795752472219572,0.0192279513612296,0.220083131170082
1,"Deaths",1801,"Dukes County",25007,512,"Asbestosis",3,"Both",27,"Age-standardized",1994,"Rate",0.0825368681664631,0.0195961659401555,0.234546981954693
1,"Deaths",1801,"Dukes County",25007,512,"Asbestosis",3,"Both",27,"Age-standardized",1995,"Rate",0.0858820505771569,0.0210145903691008,0.23712824248
1,"Deaths",1801,"Dukes County",25007,512,"Asbestosis",3,"Both",27,"Age-standardized",1996,"Rate",0.0874046031698278,0.0203858258856189,0.232357521783684
1,"Deaths",1801,"Dukes County",25007,512,"Asbestosis",3,"Both",27,"Age-standardized",1997,"Rate",0.0921489584544211,0.0224525314473875,0.248877901731532
1,"Deaths",1801,"Dukes County",25007,512,"Asbestosis",3,"Both",27,"Age-standardized",1998,"Rate",0.0962658816794415,0.0228392125699982,0.258195938590632
1,"Deaths",1801,"Dukes County",25007,512,"Asbestosis",3,"Both",27,"Age-standardized",1999,"Rate",0.10190049392479,0.0244062377639162,0.290361508043262
1,"Deaths",1801,"Dukes County",25007,512,"Asbestosis",3,"Both",27,"Age-standardized",2000,"Rate",0.107004647737148,0.0249367204440922,0.30194188814202
1,"Deaths",1801,"Dukes County",25007,512,"Asbestosis",3,"Both",27,"Age-standardized",2001,"Rate",0.111968916497749,0.0258096700615839,0.319284439157198
1,"Deaths",1801,"Dukes County",25007,512,"Asbestosis",3,"Both",27,"Age-standardized",2002,"Rate",0.116816100629383,0.0256698814167068,0.336321716875386
1,"Deaths",1801,"Dukes County",25007,512,"Asbestosis",3,"Both",27,"Age-standardized",2003,"Rate",0.118001831309827,0.0260435049646465,0.342818485732774
1,"Deaths",1801,"Dukes County",25007,512,"Asbestosis",3,"Both",27,"Age-standardized",2004,"Rate",0.115804533578382,0.0248336186571026,0.350027493714812
1,"Deaths",1801,"Dukes County",25007,512,"Asbestosis",3,"Both",27,"Age-standardized",2005,"Rate",0.115582028962263,0.024089495594465,0.342332811009688
1,"Deaths",1801,"Dukes County",25007,512,"Asbestosis",3,"Both",27,"Age-standardized",2006,"Rate",0.115980408120535,0.0246987775561326,0.336453943000342
1,"Deaths",1801,"Dukes County",25007,512,"Asbestosis",3,"Both",27,"Age-standardized",2007,"Rate",0.112968208384567,0.0233952390361158,0.339457032058393
1,"Deaths",1801,"Dukes County",25007,512,"Asbestosis",3,"Both",27,"Age-standardized",2008,"Rate",0.108010059523854,0.0215029226943131,0.304998771987817
1,"Deaths",1801,"Dukes County",25007,512,"Asbestosis",3,"Both",27,"Age-standardized",2009,"Rate",0.108669660443815,0.0208869980069977,0.339126758546745
1,"Deaths",1801,"Dukes County",25007,512,"Asbestosis",3,"Both",27,"Age-standardized",2010,"Rate",0.108593748655837,0.0203416602721076,0.32865603740219
1,"Deaths",1801,"Dukes County",25007,512,"Asbestosis",3,"Both",27,"Age-standardized",2011,"Rate",0.109008315464661,0.0200297410269038,0.336666998007436
1,"Deaths",1801,"Dukes County",25007,512,"Asbestosis",3,"Both",27,"Age-standardized",2012,"Rate",0.109300004267814,0.0209561383260609,0.33008965608228
1,"Deaths",1801,"Dukes County",25007,512,"Asbestosis",3,"Both",27,"Age-standardized",2013,"Rate",0.109940665860326,0.0189430662742213,0.354887025473971
1,"Deaths",1801,"Dukes County",25007,512,"Asbestosis",3,"Both",27,"Age-standardized",2014,"Rate",0.11528876004133,0.0204907078719165,0.364015371911681
1,"Deaths",1789,"Essex County",25009,512,"Asbestosis",1,"Male",27,"Age-standardized",1980,"Rate",0.182074546045702,0.0777494179351725,0.354891141601864
1,"Deaths",1789,"Essex County",25009,512,"Asbestosis",1,"Male",27,"Age-standardized",1981,"Rate",0.183202438763083,0.0767977828873801,0.356314148081764
1,"Deaths",1789,"Essex County",25009,512,"Asbestosis",1,"Male",27,"Age-standardized",1982,"Rate",0.188674443243771,0.0847481476847276,0.358852518450212
1,"Deaths",1789,"Essex County",25009,512,"Asbestosis",1,"Male",27,"Age-standardized",1983,"Rate",0.212796431303955,0.0976756036134074,0.383380561540059
1,"Deaths",1789,"Essex County",25009,512,"Asbestosis",1,"Male",27,"Age-standardized",1984,"Rate",0.215147359734685,0.101794870018691,0.384744248197619
1,"Deaths",1789,"Essex County",25009,512,"Asbestosis",1,"Male",27,"Age-standardized",1985,"Rate",0.226135222187016,0.107225542163056,0.394141544622262
1,"Deaths",1789,"Essex County",25009,512,"Asbestosis",1,"Male",27,"Age-standardized",1986,"Rate",0.255212895915598,0.125478441810326,0.441627743739217
1,"Deaths",1789,"Essex County",25009,512,"Asbestosis",1,"Male",27,"Age-standardized",1987,"Rate",0.259749922424012,0.135468872089058,0.441772545952065
1,"Deaths",1789,"Essex County",25009,512,"Asbestosis",1,"Male",27,"Age-standardized",1988,"Rate",0.279325786536757,0.145844637247376,0.459651577196801
1,"Deaths",1789,"Essex County",25009,512,"Asbestosis",1,"Male",27,"Age-standardized",1989,"Rate",0.292395570636033,0.160610591484742,0.47443881802135
1,"Deaths",1789,"Essex County",25009,512,"Asbestosis",1,"Male",27,"Age-standardized",1990,"Rate",0.301433508567816,0.171507849664653,0.477069233423217
1,"Deaths",1789,"Essex County",25009,512,"Asbestosis",1,"Male",27,"Age-standardized",1991,"Rate",0.308391796340399,0.179069083048071,0.478874136807301
1,"Deaths",1789,"Essex County",25009,512,"Asbestosis",1,"Male",27,"Age-standardized",1992,"Rate",0.343883785030551,0.201981305423962,0.537557062277592
1,"Deaths",1789,"Essex County",25009,512,"Asbestosis",1,"Male",27,"Age-standardized",1993,"Rate",0.357855013171725,0.207785184186651,0.549681938350605
1,"Deaths",1789,"Essex County",25009,512,"Asbestosis",1,"Male",27,"Age-standardized",1994,"Rate",0.391527516933059,0.238310224096997,0.573280848249465
1,"Deaths",1789,"Essex County",25009,512,"Asbestosis",1,"Male",27,"Age-standardized",1995,"Rate",0.403668798575178,0.241659261440855,0.598596199003868
1,"Deaths",1789,"Essex County",25009,512,"Asbestosis",1,"Male",27,"Age-standardized",1996,"Rate",0.418147551369564,0.264990992364064,0.619433163609767
1,"Deaths",1789,"Essex County",25009,512,"Asbestosis",1,"Male",27,"Age-standardized",1997,"Rate",0.426659972064566,0.275835694333174,0.622822666201735
1,"Deaths",1789,"Essex County",25009,512,"Asbestosis",1,"Male",27,"Age-standardized",1998,"Rate",0.48574191566001,0.307365131241061,0.69473356199328
1,"Deaths",1789,"Essex County",25009,512,"Asbestosis",1,"Male",27,"Age-standardized",1999,"Rate",0.497347147218718,0.319663632585613,0.725631351690651
1,"Deaths",1789,"Essex County",25009,512,"Asbestosis",1,"Male",27,"Age-standardized",2000,"Rate",0.517414429196434,0.33394465414731,0.724657124043438
1,"Deaths",1789,"Essex County",25009,512,"Asbestosis",1,"Male",27,"Age-standardized",2001,"Rate",0.512692410853729,0.325706842882988,0.737018001810869
1,"Deaths",1789,"Essex County",25009,512,"Asbestosis",1,"Male",27,"Age-standardized",2002,"Rate",0.550260599364556,0.355254690973442,0.796595803243551
1,"Deaths",1789,"Essex County",25009,512,"Asbestosis",1,"Male",27,"Age-standardized",2003,"Rate",0.539910109951941,0.346262710049572,0.783821787237815
1,"Deaths",1789,"Essex County",25009,512,"Asbestosis",1,"Male",27,"Age-standardized",2004,"Rate",0.556620361185434,0.349992367167709,0.823695038408659
1,"Deaths",1789,"Essex County",25009,512,"Asbestosis",1,"Male",27,"Age-standardized",2005,"Rate",0.518842943244742,0.342988326663568,0.745873344075864
1,"Deaths",1789,"Essex County",25009,512,"Asbestosis",1,"Male",27,"Age-standardized",2006,"Rate",0.490739152904552,0.318029810775276,0.716204009587923
1,"Deaths",1789,"Essex County",25009,512,"Asbestosis",1,"Male",27,"Age-standardized",2007,"Rate",0.514523675273326,0.336412477821616,0.747620869944994
1,"Deaths",1789,"Essex County",25009,512,"Asbestosis",1,"Male",27,"Age-standardized",2008,"Rate",0.496718788847653,0.321153464792658,0.727784949968919
1,"Deaths",1789,"Essex County",25009,512,"Asbestosis",1,"Male",27,"Age-standardized",2009,"Rate",0.478600039010581,0.306530777308115,0.714070621359741
1,"Deaths",1789,"Essex County",25009,512,"Asbestosis",1,"Male",27,"Age-standardized",2010,"Rate",0.461383868211887,0.296960639639077,0.696106951299226
1,"Deaths",1789,"Essex County",25009,512,"Asbestosis",1,"Male",27,"Age-standardized",2011,"Rate",0.460464341569872,0.289210321738443,0.694567343581525
1,"Deaths",1789,"Essex County",25009,512,"Asbestosis",1,"Male",27,"Age-standardized",2012,"Rate",0.471170743465284,0.299061419553122,0.72427790944585
1,"Deaths",1789,"Essex County",25009,512,"Asbestosis",1,"Male",27,"Age-standardized",2013,"Rate",0.458179665546638,0.286696064315172,0.713647549470304
1,"Deaths",1789,"Essex County",25009,512,"Asbestosis",1,"Male",27,"Age-standardized",2014,"Rate",0.47923455236235,0.295884594709144,0.741995335281406
1,"Deaths",1789,"Essex County",25009,512,"Asbestosis",2,"Female",27,"Age-standardized",1980,"Rate",0.00840927228582188,0.00413368342986461,0.0152052751108299
1,"Deaths",1789,"Essex County",25009,512,"Asbestosis",2,"Female",27,"Age-standardized",1981,"Rate",0.00819114786372657,0.0040043547690064,0.0154535933130097
1,"Deaths",1789,"Essex County",25009,512,"Asbestosis",2,"Female",27,"Age-standardized",1982,"Rate",0.0077777107774953,0.00390921695518466,0.0144218702688353
1,"Deaths",1789,"Essex County",25009,512,"Asbestosis",2,"Female",27,"Age-standardized",1983,"Rate",0.00826661940731977,0.00404918702664502,0.0151423857839862
1,"Deaths",1789,"Essex County",25009,512,"Asbestosis",2,"Female",27,"Age-standardized",1984,"Rate",0.00835525408276369,0.00414128814695366,0.0153210748047216
1,"Deaths",1789,"Essex County",25009,512,"Asbestosis",2,"Female",27,"Age-standardized",1985,"Rate",0.00839345642298593,0.00409608342752691,0.0158990127728412
1,"Deaths",1789,"Essex County",25009,512,"Asbestosis",2,"Female",27,"Age-standardized",1986,"Rate",0.0090574857527189,0.00435519498942417,0.0167251027029609
1,"Deaths",1789,"Essex County",25009,512,"Asbestosis",2,"Female",27,"Age-standardized",1987,"Rate",0.00938614447470453,0.00439747535007464,0.0176034594485905
1,"Deaths",1789,"Essex County",25009,512,"Asbestosis",2,"Female",27,"Age-standardized",1988,"Rate",0.00970181410653949,0.00470600253784168,0.0181330095390409
1,"Deaths",1789,"Essex County",25009,512,"Asbestosis",2,"Female",27,"Age-standardized",1989,"Rate",0.0101096985802114,0.00483548885708316,0.0196866013897982
1,"Deaths",1789,"Essex County",25009,512,"Asbestosis",2,"Female",27,"Age-standardized",1990,"Rate",0.0105056411716019,0.00473159621489767,0.0208209910052103
1,"Deaths",1789,"Essex County",25009,512,"Asbestosis",2,"Female",27,"Age-standardized",1991,"Rate",0.010873582953507,0.00481272704991127,0.0214735716385613
1,"Deaths",1789,"Essex County",25009,512,"Asbestosis",2,"Female",27,"Age-standardized",1992,"Rate",0.0108059316678394,0.00483083866855837,0.0212801745979226
1,"Deaths",1789,"Essex County",25009,512,"Asbestosis",2,"Female",27,"Age-standardized",1993,"Rate",0.010669506348651,0.00469676097352406,0.0219274599884098
1,"Deaths",1789,"Essex County",25009,512,"Asbestosis",2,"Female",27,"Age-standardized",1994,"Rate",0.0110035438672602,0.0050084117740703,0.0221174429652129
1,"Deaths",1789,"Essex County",25009,512,"Asbestosis",2,"Female",27,"Age-standardized",1995,"Rate",0.0111987228122529,0.00481546927473232,0.023446947893078
1,"Deaths",1789,"Essex County",25009,512,"Asbestosis",2,"Female",27,"Age-standardized",1996,"Rate",0.0113342630115561,0.00490259564614943,0.0235194796853718
1,"Deaths",1789,"Essex County",25009,512,"Asbestosis",2,"Female",27,"Age-standardized",1997,"Rate",0.0117491567788685,0.00504331930238459,0.0246752628957818
1,"Deaths",1789,"Essex County",25009,512,"Asbestosis",2,"Female",27,"Age-standardized",1998,"Rate",0.0119546163519183,0.00490751283455153,0.025394998685396
1,"Deaths",1789,"Essex County",25009,512,"Asbestosis",2,"Female",27,"Age-standardized",1999,"Rate",0.0121379254373834,0.00510700904652052,0.0254174216130107
1,"Deaths",1789,"Essex County",25009,512,"Asbestosis",2,"Female",27,"Age-standardized",2000,"Rate",0.0133869075831643,0.00537958662149075,0.0287816502433618
1,"Deaths",1789,"Essex County",25009,512,"Asbestosis",2,"Female",27,"Age-standardized",2001,"Rate",0.0135209442701724,0.00537240472034028,0.0287483508715343
1,"Deaths",1789,"Essex County",25009,512,"Asbestosis",2,"Female",27,"Age-standardized",2002,"Rate",0.0141171337781444,0.00556575763315678,0.0300999285242602
1,"Deaths",1789,"Essex County",25009,512,"Asbestosis",2,"Female",27,"Age-standardized",2003,"Rate",0.0147236927372257,0.00560447427712288,0.032473016179294
1,"Deaths",1789,"Essex County",25009,512,"Asbestosis",2,"Female",27,"Age-standardized",2004,"Rate",0.014049585329213,0.00538385503059471,0.0313883152106269
1,"Deaths",1789,"Essex County",25009,512,"Asbestosis",2,"Female",27,"Age-standardized",2005,"Rate",0.0134607249003005,0.00494146828150134,0.0308027707772715
1,"Deaths",1789,"Essex County",25009,512,"Asbestosis",2,"Female",27,"Age-standardized",2006,"Rate",0.0136944886191768,0.00479976419336248,0.0316051267285497
1,"Deaths",1789,"Essex County",25009,512,"Asbestosis",2,"Female",27,"Age-standardized",2007,"Rate",0.0131908243333324,0.00474243895090428,0.0299669383145214
1,"Deaths",1789,"Essex County",25009,512,"Asbestosis",2,"Female",27,"Age-standardized",2008,"Rate",0.0134262163560556,0.00477712856288617,0.0315696513060796
1,"Deaths",1789,"Essex County",25009,512,"Asbestosis",2,"Female",27,"Age-standardized",2009,"Rate",0.0135824949079351,0.00476398949993096,0.0326106713702216
1,"Deaths",1789,"Essex County",25009,512,"Asbestosis",2,"Female",27,"Age-standardized",2010,"Rate",0.0130035555464787,0.00457274203645829,0.0303514254196036
1,"Deaths",1789,"Essex County",25009,512,"Asbestosis",2,"Female",27,"Age-standardized",2011,"Rate",0.0132140902412058,0.00433844231955896,0.0317740294285243
1,"Deaths",1789,"Essex County",25009,512,"Asbestosis",2,"Female",27,"Age-standardized",2012,"Rate",0.0128086444803703,0.00412437350493372,0.0319715207017561
1,"Deaths",1789,"Essex County",25009,512,"Asbestosis",2,"Female",27,"Age-standardized",2013,"Rate",0.0121377380477055,0.00386806961470574,0.0299015482661433
1,"Deaths",1789,"Essex County",25009,512,"Asbestosis",2,"Female",27,"Age-standardized",2014,"Rate",0.0125549097626517,0.00377150507079332,0.031488106180378
1,"Deaths",1789,"Essex County",25009,512,"Asbestosis",3,"Both",27,"Age-standardized",1980,"Rate",0.0700942431424994,0.0329649527591649,0.131021204585332
1,"Deaths",1789,"Essex County",25009,512,"Asbestosis",3,"Both",27,"Age-standardized",1981,"Rate",0.0703118337337707,0.0331888609098456,0.131252475234943
1,"Deaths",1789,"Essex County",25009,512,"Asbestosis",3,"Both",27,"Age-standardized",1982,"Rate",0.0717146403700882,0.0346093642303066,0.131409961955213
1,"Deaths",1789,"Essex County",25009,512,"Asbestosis",3,"Both",27,"Age-standardized",1983,"Rate",0.0805106475549995,0.0394735968805146,0.141586999567694
1,"Deaths",1789,"Essex County",25009,512,"Asbestosis",3,"Both",27,"Age-standardized",1984,"Rate",0.081015411157849,0.0415422373978188,0.140197477281121
1,"Deaths",1789,"Essex County",25009,512,"Asbestosis",3,"Both",27,"Age-standardized",1985,"Rate",0.0846088735701493,0.0428592416001767,0.143339762385435
1,"Deaths",1789,"Essex County",25009,512,"Asbestosis",3,"Both",27,"Age-standardized",1986,"Rate",0.0949562544461673,0.0493751126157901,0.158865568955559
1,"Deaths",1789,"Essex County",25009,512,"Asbestosis",3,"Both",27,"Age-standardized",1987,"Rate",0.0966494776506913,0.0537837226465517,0.161380267371485
1,"Deaths",1789,"Essex County",25009,512,"Asbestosis",3,"Both",27,"Age-standardized",1988,"Rate",0.103508504131713,0.0554894109800527,0.166869433947874
1,"Deaths",1789,"Essex County",25009,512,"Asbestosis",3,"Both",27,"Age-standardized",1989,"Rate",0.108072065274111,0.0607266221043882,0.172320004448289
1,"Deaths",1789,"Essex County",25009,512,"Asbestosis",3,"Both",27,"Age-standardized",1990,"Rate",0.111449296717873,0.0647563979847181,0.172863886624971
1,"Deaths",1789,"Essex County",25009,512,"Asbestosis",3,"Both",27,"Age-standardized",1991,"Rate",0.114063316470154,0.0664481559966443,0.174968683595187
1,"Deaths",1789,"Essex County",25009,512,"Asbestosis",3,"Both",27,"Age-standardized",1992,"Rate",0.126155897315793,0.076328768104538,0.193785299149559
1,"Deaths",1789,"Essex County",25009,512,"Asbestosis",3,"Both",27,"Age-standardized",1993,"Rate",0.131186342018815,0.078063763668646,0.199096418825791
1,"Deaths",1789,"Essex County",25009,512,"Asbestosis",3,"Both",27,"Age-standardized",1994,"Rate",0.143517305149161,0.0893186444931396,0.208303478520224
1,"Deaths",1789,"Essex County",25009,512,"Asbestosis",3,"Both",27,"Age-standardized",1995,"Rate",0.148301372514969,0.0922914782786078,0.218861503781544
1,"Deaths",1789,"Essex County",25009,512,"Asbestosis",3,"Both",27,"Age-standardized",1996,"Rate",0.153552662374178,0.0994685787490743,0.222159871173846
1,"Deaths",1789,"Essex County",25009,512,"Asbestosis",3,"Both",27,"Age-standardized",1997,"Rate",0.157172984512422,0.102406303960403,0.225128533970147
1,"Deaths",1789,"Essex County",25009,512,"Asbestosis",3,"Both",27,"Age-standardized",1998,"Rate",0.178285348610462,0.113828866679687,0.253170317094682
1,"Deaths",1789,"Essex County",25009,512,"Asbestosis",3,"Both",27,"Age-standardized",1999,"Rate",0.183749673138225,0.120624827463824,0.263711906222467
1,"Deaths",1789,"Essex County",25009,512,"Asbestosis",3,"Both",27,"Age-standardized",2000,"Rate",0.192812443161308,0.125964361984066,0.269086378619883
1,"Deaths",1789,"Essex County",25009,512,"Asbestosis",3,"Both",27,"Age-standardized",2001,"Rate",0.191426072085869,0.123652568400184,0.271146033952078
1,"Deaths",1789,"Essex County",25009,512,"Asbestosis",3,"Both",27,"Age-standardized",2002,"Rate",0.205624143546738,0.136595678064626,0.295223411538938
1,"Deaths",1789,"Essex County",25009,512,"Asbestosis",3,"Both",27,"Age-standardized",2003,"Rate",0.203715178984254,0.134034924021156,0.291095805350965
1,"Deaths",1789,"Essex County",25009,512,"Asbestosis",3,"Both",27,"Age-standardized",2004,"Rate",0.211196936991826,0.136834369342259,0.303976147946581
1,"Deaths",1789,"Essex County",25009,512,"Asbestosis",3,"Both",27,"Age-standardized",2005,"Rate",0.198325247738211,0.132801101928861,0.281365505066615
1,"Deaths",1789,"Essex County",25009,512,"Asbestosis",3,"Both",27,"Age-standardized",2006,"Rate",0.188547506258271,0.122894733057497,0.266376310106414
1,"Deaths",1789,"Essex County",25009,512,"Asbestosis",3,"Both",27,"Age-standardized",2007,"Rate",0.198464371033295,0.131969065530619,0.287561204230438
1,"Deaths",1789,"Essex County",25009,512,"Asbestosis",3,"Both",27,"Age-standardized",2008,"Rate",0.192939101255077,0.127136898683173,0.280611050198734
1,"Deaths",1789,"Essex County",25009,512,"Asbestosis",3,"Both",27,"Age-standardized",2009,"Rate",0.187344185306041,0.122088141982566,0.274235464084922
1,"Deaths",1789,"Essex County",25009,512,"Asbestosis",3,"Both",27,"Age-standardized",2010,"Rate",0.180591323326101,0.117841256274134,0.2696402241442
1,"Deaths",1789,"Essex County",25009,512,"Asbestosis",3,"Both",27,"Age-standardized",2011,"Rate",0.18131572734689,0.117363674436389,0.269106979518697
1,"Deaths",1789,"Essex County",25009,512,"Asbestosis",3,"Both",27,"Age-standardized",2012,"Rate",0.186089765768078,0.120183419102157,0.280548158334502
1,"Deaths",1789,"Essex County",25009,512,"Asbestosis",3,"Both",27,"Age-standardized",2013,"Rate",0.181659721345002,0.114269470715383,0.276841136630531
1,"Deaths",1789,"Essex County",25009,512,"Asbestosis",3,"Both",27,"Age-standardized",2014,"Rate",0.190121432537773,0.119151817418199,0.289322771774379
1,"Deaths",1791,"Franklin County",25011,512,"Asbestosis",1,"Male",27,"Age-standardized",1980,"Rate",0.0703499457171064,0.0237567802678356,0.149931034801214
1,"Deaths",1791,"Franklin County",25011,512,"Asbestosis",1,"Male",27,"Age-standardized",1981,"Rate",0.0733850070285196,0.0259798889289866,0.154784734600142
1,"Deaths",1791,"Franklin County",25011,512,"Asbestosis",1,"Male",27,"Age-standardized",1982,"Rate",0.0784584244370559,0.0272759037350023,0.165010425372825
1,"Deaths",1791,"Franklin County",25011,512,"Asbestosis",1,"Male",27,"Age-standardized",1983,"Rate",0.0869105473899413,0.030022798088675,0.176647616907571
1,"Deaths",1791,"Franklin County",25011,512,"Asbestosis",1,"Male",27,"Age-standardized",1984,"Rate",0.0904702205234622,0.0321449628383265,0.186300611008429
1,"Deaths",1791,"Franklin County",25011,512,"Asbestosis",1,"Male",27,"Age-standardized",1985,"Rate",0.102842970017776,0.036881381268067,0.205894179771202
1,"Deaths",1791,"Franklin County",25011,512,"Asbestosis",1,"Male",27,"Age-standardized",1986,"Rate",0.114397299529829,0.0433599913802101,0.2217436937167
1,"Deaths",1791,"Franklin County",25011,512,"Asbestosis",1,"Male",27,"Age-standardized",1987,"Rate",0.1230827758038,0.0494142749470655,0.245658248139018
1,"Deaths",1791,"Franklin County",25011,512,"Asbestosis",1,"Male",27,"Age-standardized",1988,"Rate",0.134653612830712,0.0554253096218474,0.263833054635414
1,"Deaths",1791,"Franklin County",25011,512,"Asbestosis",1,"Male",27,"Age-standardized",1989,"Rate",0.148669985619878,0.0613354224887819,0.284184123280419
1,"Deaths",1791,"Franklin County",25011,512,"Asbestosis",1,"Male",27,"Age-standardized",1990,"Rate",0.151221479716635,0.0627126951523374,0.282855597394289
1,"Deaths",1791,"Franklin County",25011,512,"Asbestosis",1,"Male",27,"Age-standardized",1991,"Rate",0.158576838530908,0.0661404758926742,0.315633754915672
1,"Deaths",1791,"Franklin County",25011,512,"Asbestosis",1,"Male",27,"Age-standardized",1992,"Rate",0.173438357994359,0.0741777641687615,0.325266751158557
1,"Deaths",1791,"Franklin County",25011,512,"Asbestosis",1,"Male",27,"Age-standardized",1993,"Rate",0.181592410848268,0.0744726707772515,0.342212395453743
1,"Deaths",1791,"Franklin County",25011,512,"Asbestosis",1,"Male",27,"Age-standardized",1994,"Rate",0.192791808084312,0.080067097466753,0.35947287637325
1,"Deaths",1791,"Franklin County",25011,512,"Asbestosis",1,"Male",27,"Age-standardized",1995,"Rate",0.209906480223732,0.0873251608864764,0.392908613230302
1,"Deaths",1791,"Franklin County",25011,512,"Asbestosis",1,"Male",27,"Age-standardized",1996,"Rate",0.219673466660975,0.0876127830062865,0.430693238910732
1,"Deaths",1791,"Franklin County",25011,512,"Asbestosis",1,"Male",27,"Age-standardized",1997,"Rate",0.23465729736842,0.095428795103501,0.439789877997594
1,"Deaths",1791,"Franklin County",25011,512,"Asbestosis",1,"Male",27,"Age-standardized",1998,"Rate",0.254950494645671,0.106070399542064,0.485892938301766
1,"Deaths",1791,"Franklin County",25011,512,"Asbestosis",1,"Male",27,"Age-standardized",1999,"Rate",0.27368959105064,0.109528364154992,0.551505172548788
1,"Deaths",1791,"Franklin County",25011,512,"Asbestosis",1,"Male",27,"Age-standardized",2000,"Rate",0.288049519815994,0.115951402493373,0.571653306718099
1,"Deaths",1791,"Franklin County",25011,512,"Asbestosis",1,"Male",27,"Age-standardized",2001,"Rate",0.299466601150854,0.119828624379081,0.604304564941032
1,"Deaths",1791,"Franklin County",25011,512,"Asbestosis",1,"Male",27,"Age-standardized",2002,"Rate",0.306242123053456,0.120882272668981,0.622212574963494
1,"Deaths",1791,"Franklin County",25011,512,"Asbestosis",1,"Male",27,"Age-standardized",2003,"Rate",0.304946917178319,0.122850405092573,0.593712123305575
1,"Deaths",1791,"Franklin County",25011,512,"Asbestosis",1,"Male",27,"Age-standardized",2004,"Rate",0.305518909321761,0.117595849446074,0.622810447570659
1,"Deaths",1791,"Franklin County",25011,512,"Asbestosis",1,"Male",27,"Age-standardized",2005,"Rate",0.30647961631019,0.11781980699121,0.609362630734554
1,"Deaths",1791,"Franklin County",25011,512,"Asbestosis",1,"Male",27,"Age-standardized",2006,"Rate",0.299325063366872,0.108424481755311,0.620510930368853
1,"Deaths",1791,"Franklin County",25011,512,"Asbestosis",1,"Male",27,"Age-standardized",2007,"Rate",0.303485078387279,0.111624669650917,0.635861205812643
1,"Deaths",1791,"Franklin County",25011,512,"Asbestosis",1,"Male",27,"Age-standardized",2008,"Rate",0.298684693592539,0.110886177055675,0.630139881253988
1,"Deaths",1791,"Franklin County",25011,512,"Asbestosis",1,"Male",27,"Age-standardized",2009,"Rate",0.303808627987711,0.113149110088873,0.630993243593927
1,"Deaths",1791,"Franklin County",25011,512,"Asbestosis",1,"Male",27,"Age-standardized",2010,"Rate",0.294203609484269,0.104973105511578,0.616810757521565
1,"Deaths",1791,"Franklin County",25011,512,"Asbestosis",1,"Male",27,"Age-standardized",2011,"Rate",0.295633518826048,0.105481379411764,0.643106995696017
1,"Deaths",1791,"Franklin County",25011,512,"Asbestosis",1,"Male",27,"Age-standardized",2012,"Rate",0.287492136505475,0.10468824211097,0.633852522496121
1,"Deaths",1791,"Franklin County",25011,512,"Asbestosis",1,"Male",27,"Age-standardized",2013,"Rate",0.303010444906266,0.103295483466668,0.651252305054599
1,"Deaths",1791,"Franklin County",25011,512,"Asbestosis",1,"Male",27,"Age-standardized",2014,"Rate",0.303626979493101,0.105197675008866,0.666419867815676
1,"Deaths",1791,"Franklin County",25011,512,"Asbestosis",2,"Female",27,"Age-standardized",1980,"Rate",0.00891591478902071,0.00400933798516487,0.017808169507502
1,"Deaths",1791,"Franklin County",25011,512,"Asbestosis",2,"Female",27,"Age-standardized",1981,"Rate",0.00883228264885876,0.00402055016452202,0.0186477356807413
1,"Deaths",1791,"Franklin County",25011,512,"Asbestosis",2,"Female",27,"Age-standardized",1982,"Rate",0.00869484400331568,0.0039963811287963,0.0177064453873993
1,"Deaths",1791,"Franklin County",25011,512,"Asbestosis",2,"Female",27,"Age-standardized",1983,"Rate",0.00923593547656665,0.00411953266210751,0.0190878758328886
1,"Deaths",1791,"Franklin County",25011,512,"Asbestosis",2,"Female",27,"Age-standardized",1984,"Rate",0.00930385569798516,0.0042295676985839,0.0188915824237225
1,"Deaths",1791,"Franklin County",25011,512,"Asbestosis",2,"Female",27,"Age-standardized",1985,"Rate",0.00965828650072001,0.00433412173540381,0.020450151552951
1,"Deaths",1791,"Franklin County",25011,512,"Asbestosis",2,"Female",27,"Age-standardized",1986,"Rate",0.0105747320735636,0.00454980451019965,0.0224647661069053
1,"Deaths",1791,"Franklin County",25011,512,"Asbestosis",2,"Female",27,"Age-standardized",1987,"Rate",0.0109960846389468,0.00489049603126767,0.0224304520095463
1,"Deaths",1791,"Franklin County",25011,512,"Asbestosis",2,"Female",27,"Age-standardized",1988,"Rate",0.011242735181024,0.00478616329731554,0.0234891983894181
1,"Deaths",1791,"Franklin County",25011,512,"Asbestosis",2,"Female",27,"Age-standardized",1989,"Rate",0.0120196154058995,0.00484135794168911,0.0259659004898656
1,"Deaths",1791,"Franklin County",25011,512,"Asbestosis",2,"Female",27,"Age-standardized",1990,"Rate",0.0126020740165402,0.00527952982480797,0.0275075059508248
1,"Deaths",1791,"Franklin County",25011,512,"Asbestosis",2,"Female",27,"Age-standardized",1991,"Rate",0.0133738790547744,0.00536770975522179,0.0305611970827558
1,"Deaths",1791,"Franklin County",25011,512,"Asbestosis",2,"Female",27,"Age-standardized",1992,"Rate",0.0130893702298576,0.005219917394156,0.0291476879843691
1,"Deaths",1791,"Franklin County",25011,512,"Asbestosis",2,"Female",27,"Age-standardized",1993,"Rate",0.0133945705669181,0.00520346091571601,0.0306178789392084
1,"Deaths",1791,"Franklin County",25011,512,"Asbestosis",2,"Female",27,"Age-standardized",1994,"Rate",0.013753247975634,0.00550219816312055,0.030860138110408
1,"Deaths",1791,"Franklin County",25011,512,"Asbestosis",2,"Female",27,"Age-standardized",1995,"Rate",0.0140745944883166,0.00538346502888796,0.0318991589594199
1,"Deaths",1791,"Franklin County",25011,512,"Asbestosis",2,"Female",27,"Age-standardized",1996,"Rate",0.0143085162942447,0.00542988062416943,0.0321811683265805
1,"Deaths",1791,"Franklin County",25011,512,"Asbestosis",2,"Female",27,"Age-standardized",1997,"Rate",0.0153347470781731,0.00557237942832599,0.0347529615949723
1,"Deaths",1791,"Franklin County",25011,512,"Asbestosis",2,"Female",27,"Age-standardized",1998,"Rate",0.0158851936692173,0.0057936481887466,0.0362966735170773
1,"Deaths",1791,"Franklin County",25011,512,"Asbestosis",2,"Female",27,"Age-standardized",1999,"Rate",0.0166936973997981,0.00592801597974008,0.0395792912235082
1,"Deaths",1791,"Franklin County",25011,512,"Asbestosis",2,"Female",27,"Age-standardized",2000,"Rate",0.0183849616175073,0.00639431627131819,0.0442153802583307
1,"Deaths",1791,"Franklin County",25011,512,"Asbestosis",2,"Female",27,"Age-standardized",2001,"Rate",0.0186938727057537,0.0063119477008503,0.0446374179131426
1,"Deaths",1791,"Franklin County",25011,512,"Asbestosis",2,"Female",27,"Age-standardized",2002,"Rate",0.0202150932257637,0.00690911473776714,0.0495987972947299
1,"Deaths",1791,"Franklin County",25011,512,"Asbestosis",2,"Female",27,"Age-standardized",2003,"Rate",0.0209182563138397,0.00678491903559743,0.0524726541739199
1,"Deaths",1791,"Franklin County",25011,512,"Asbestosis",2,"Female",27,"Age-standardized",2004,"Rate",0.0203910819701301,0.00659168975648498,0.0499939403450695
1,"Deaths",1791,"Franklin County",25011,512,"Asbestosis",2,"Female",27,"Age-standardized",2005,"Rate",0.0202951890423439,0.00663939077144103,0.0505649168647987
1,"Deaths",1791,"Franklin County",25011,512,"Asbestosis",2,"Female",27,"Age-standardized",2006,"Rate",0.0203026722215423,0.00656915730374761,0.0508948072647073
1,"Deaths",1791,"Franklin County",25011,512,"Asbestosis",2,"Female",27,"Age-standardized",2007,"Rate",0.0206864152960862,0.00637917160485497,0.0517159741064242
1,"Deaths",1791,"Franklin County",25011,512,"Asbestosis",2,"Female",27,"Age-standardized",2008,"Rate",0.0206589082251864,0.00643102779434873,0.0513452472095997
1,"Deaths",1791,"Franklin County",25011,512,"Asbestosis",2,"Female",27,"Age-standardized",2009,"Rate",0.020740734117843,0.00604198122095395,0.0532789846967957
1,"Deaths",1791,"Franklin County",25011,512,"Asbestosis",2,"Female",27,"Age-standardized",2010,"Rate",0.0204797104625163,0.00589866879149013,0.0514539471460136
1,"Deaths",1791,"Franklin County",25011,512,"Asbestosis",2,"Female",27,"Age-standardized",2011,"Rate",0.0204128560720368,0.00576026497238293,0.0530727080280948
1,"Deaths",1791,"Franklin County",25011,512,"Asbestosis",2,"Female",27,"Age-standardized",2012,"Rate",0.0208072857772643,0.00598054309526383,0.0553921413976687
1,"Deaths",1791,"Franklin County",25011,512,"Asbestosis",2,"Female",27,"Age-standardized",2013,"Rate",0.0202514836803408,0.00571334630669562,0.0525982832114652
1,"Deaths",1791,"Franklin County",25011,512,"Asbestosis",2,"Female",27,"Age-standardized",2014,"Rate",0.0212508286726339,0.00580336013807669,0.0547078764889626
1,"Deaths",1791,"Franklin County",25011,512,"Asbestosis",3,"Both",27,"Age-standardized",1980,"Rate",0.0324684485207963,0.0136912893184266,0.0628085790480922
1,"Deaths",1791,"Franklin County",25011,512,"Asbestosis",3,"Both",27,"Age-standardized",1981,"Rate",0.0335604873414202,0.014336073930558,0.0633359801452072
1,"Deaths",1791,"Franklin County",25011,512,"Asbestosis",3,"Both",27,"Age-standardized",1982,"Rate",0.0352634863507584,0.014889435452668,0.0687635357281583
1,"Deaths",1791,"Franklin County",25011,512,"Asbestosis",3,"Both",27,"Age-standardized",1983,"Rate",0.0387983069230359,0.016048962963234,0.0743633209076879
1,"Deaths",1791,"Franklin County",25011,512,"Asbestosis",3,"Both",27,"Age-standardized",1984,"Rate",0.0400093062088958,0.0174815111490236,0.0773628556221393
1,"Deaths",1791,"Franklin County",25011,512,"Asbestosis",3,"Both",27,"Age-standardized",1985,"Rate",0.0447717775137845,0.0197293179542599,0.0845067180888297
1,"Deaths",1791,"Franklin County",25011,512,"Asbestosis",3,"Both",27,"Age-standardized",1986,"Rate",0.0496140411246261,0.0217203876830982,0.0915186500586308
1,"Deaths",1791,"Franklin County",25011,512,"Asbestosis",3,"Both",27,"Age-standardized",1987,"Rate",0.0531018212602782,0.0237317477174744,0.10068159032223
1,"Deaths",1791,"Franklin County",25011,512,"Asbestosis",3,"Both",27,"Age-standardized",1988,"Rate",0.0574320635542352,0.0265810940745279,0.106865792460252
1,"Deaths",1791,"Franklin County",25011,512,"Asbestosis",3,"Both",27,"Age-standardized",1989,"Rate",0.063001396941264,0.0292665477095,0.114624363996557
1,"Deaths",1791,"Franklin County",25011,512,"Asbestosis",3,"Both",27,"Age-standardized",1990,"Rate",0.0642023109056383,0.0296028447537334,0.115456899192443
1,"Deaths",1791,"Franklin County",25011,512,"Asbestosis",3,"Both",27,"Age-standardized",1991,"Rate",0.0673589332358889,0.0307840437183554,0.1277146589201
1,"Deaths",1791,"Franklin County",25011,512,"Asbestosis",3,"Both",27,"Age-standardized",1992,"Rate",0.0725084419315534,0.0340394802716324,0.129035305315598
1,"Deaths",1791,"Franklin County",25011,512,"Asbestosis",3,"Both",27,"Age-standardized",1993,"Rate",0.0756733714529113,0.0355792334871879,0.13587431913735
1,"Deaths",1791,"Franklin County",25011,512,"Asbestosis",3,"Both",27,"Age-standardized",1994,"Rate",0.0801110208520409,0.0373533810578136,0.14190699120742
1,"Deaths",1791,"Franklin County",25011,512,"Asbestosis",3,"Both",27,"Age-standardized",1995,"Rate",0.0866450878649034,0.0404115479180532,0.158144396377975
1,"Deaths",1791,"Franklin County",25011,512,"Asbestosis",3,"Both",27,"Age-standardized",1996,"Rate",0.0899963712816499,0.041395870936104,0.167716859054659
1,"Deaths",1791,"Franklin County",25011,512,"Asbestosis",3,"Both",27,"Age-standardized",1997,"Rate",0.0959553199648807,0.0435579505760862,0.175806943495463
1,"Deaths",1791,"Franklin County",25011,512,"Asbestosis",3,"Both",27,"Age-standardized",1998,"Rate",0.103684928287694,0.0482761946910167,0.189268856776193
1,"Deaths",1791,"Franklin County",25011,512,"Asbestosis",3,"Both",27,"Age-standardized",1999,"Rate",0.111344680001269,0.0496189539941082,0.214155238210966
1,"Deaths",1791,"Franklin County",25011,512,"Asbestosis",3,"Both",27,"Age-standardized",2000,"Rate",0.117978983602273,0.0523539485768028,0.220302028923293
1,"Deaths",1791,"Franklin County",25011,512,"Asbestosis",3,"Both",27,"Age-standardized",2001,"Rate",0.122875188919955,0.0558852279452359,0.233962073254092
1,"Deaths",1791,"Franklin County",25011,512,"Asbestosis",3,"Both",27,"Age-standardized",2002,"Rate",0.12770361064874,0.0557208552116487,0.246560009069879
1,"Deaths",1791,"Franklin County",25011,512,"Asbestosis",3,"Both",27,"Age-standardized",2003,"Rate",0.129166251443051,0.0566065453542594,0.246200324512575
1,"Deaths",1791,"Franklin County",25011,512,"Asbestosis",3,"Both",27,"Age-standardized",2004,"Rate",0.130209402400372,0.0565412446699443,0.253747954762589
1,"Deaths",1791,"Franklin County",25011,512,"Asbestosis",3,"Both",27,"Age-standardized",2005,"Rate",0.131347558903116,0.0550730576636538,0.259363302384507
1,"Deaths",1791,"Franklin County",25011,512,"Asbestosis",3,"Both",27,"Age-standardized",2006,"Rate",0.128656479260658,0.0542832407110956,0.258845659715845
1,"Deaths",1791,"Franklin County",25011,512,"Asbestosis",3,"Both",27,"Age-standardized",2007,"Rate",0.131140203251298,0.0538649361529415,0.269210742965421
1,"Deaths",1791,"Franklin County",25011,512,"Asbestosis",3,"Both",27,"Age-standardized",2008,"Rate",0.130412481754131,0.0535100113498971,0.261536518406543
1,"Deaths",1791,"Franklin County",25011,512,"Asbestosis",3,"Both",27,"Age-standardized",2009,"Rate",0.132807423139483,0.054417960236715,0.265788862673635
1,"Deaths",1791,"Franklin County",25011,512,"Asbestosis",3,"Both",27,"Age-standardized",2010,"Rate",0.129106956498718,0.0532630126464119,0.25895734416079
1,"Deaths",1791,"Franklin County",25011,512,"Asbestosis",3,"Both",27,"Age-standardized",2011,"Rate",0.129813823764045,0.0503902697299647,0.269436097664753
1,"Deaths",1791,"Franklin County",25011,512,"Asbestosis",3,"Both",27,"Age-standardized",2012,"Rate",0.127420110078043,0.0508782039078175,0.266538297687393
1,"Deaths",1791,"Franklin County",25011,512,"Asbestosis",3,"Both",27,"Age-standardized",2013,"Rate",0.134071134116032,0.0525329968118865,0.275110081650409
1,"Deaths",1791,"Franklin County",25011,512,"Asbestosis",3,"Both",27,"Age-standardized",2014,"Rate",0.133860854166266,0.0512850447401719,0.28645356240934
1,"Deaths",1796,"Hampden County",25013,512,"Asbestosis",1,"Male",27,"Age-standardized",1980,"Rate",0.170114853035486,0.111750725454092,0.275467551813257
1,"Deaths",1796,"Hampden County",25013,512,"Asbestosis",1,"Male",27,"Age-standardized",1981,"Rate",0.175885237328426,0.11724295599618,0.286809403328665
1,"Deaths",1796,"Hampden County",25013,512,"Asbestosis",1,"Male",27,"Age-standardized",1982,"Rate",0.194070927953636,0.129034287251175,0.307991667776355
1,"Deaths",1796,"Hampden County",25013,512,"Asbestosis",1,"Male",27,"Age-standardized",1983,"Rate",0.206373396082702,0.14087695080089,0.323639821085367
1,"Deaths",1796,"Hampden County",25013,512,"Asbestosis",1,"Male",27,"Age-standardized",1984,"Rate",0.213048639615956,0.139316477408978,0.31716063101896
1,"Deaths",1796,"Hampden County",25013,512,"Asbestosis",1,"Male",27,"Age-standardized",1985,"Rate",0.245926140647274,0.172666436207706,0.357619647500926
1,"Deaths",1796,"Hampden County",25013,512,"Asbestosis",1,"Male",27,"Age-standardized",1986,"Rate",0.26438187747546,0.180240715238558,0.37040574919152
1,"Deaths",1796,"Hampden County",25013,512,"Asbestosis",1,"Male",27,"Age-standardized",1987,"Rate",0.285080933789317,0.19392211695911,0.414863173815197
1,"Deaths",1796,"Hampden County",25013,512,"Asbestosis",1,"Male",27,"Age-standardized",1988,"Rate",0.302627233362894,0.207941300855247,0.418175191938205
1,"Deaths",1796,"Hampden County",25013,512,"Asbestosis",1,"Male",27,"Age-standardized",1989,"Rate",0.3284151140978,0.227832889428276,0.450663671988374
1,"Deaths",1796,"Hampden County",25013,512,"Asbestosis",1,"Male",27,"Age-standardized",1990,"Rate",0.32405514242583,0.221905556266395,0.436586554184122
1,"Deaths",1796,"Hampden County",25013,512,"Asbestosis",1,"Male",27,"Age-standardized",1991,"Rate",0.352843117902427,0.236348101680165,0.481953099995488
1,"Deaths",1796,"Hampden County",25013,512,"Asbestosis",1,"Male",27,"Age-standardized",1992,"Rate",0.36182385283669,0.253847639160227,0.486752388656862
1,"Deaths",1796,"Hampden County",25013,512,"Asbestosis",1,"Male",27,"Age-standardized",1993,"Rate",0.394086538623132,0.274312990701711,0.538770204699031
1,"Deaths",1796,"Hampden County",25013,512,"Asbestosis",1,"Male",27,"Age-standardized",1994,"Rate",0.426739190189138,0.289594906716247,0.566522191146199
1,"Deaths",1796,"Hampden County",25013,512,"Asbestosis",1,"Male",27,"Age-standardized",1995,"Rate",0.440331800324765,0.29599089458226,0.596119671756191
1,"Deaths",1796,"Hampden County",25013,512,"Asbestosis",1,"Male",27,"Age-standardized",1996,"Rate",0.459898263500902,0.313980898300456,0.641449575073986
1,"Deaths",1796,"Hampden County",25013,512,"Asbestosis",1,"Male",27,"Age-standardized",1997,"Rate",0.49084003111691,0.325973999325817,0.65806101253796
1,"Deaths",1796,"Hampden County",25013,512,"Asbestosis",1,"Male",27,"Age-standardized",1998,"Rate",0.533657877949372,0.364119220266542,0.733401810828566
1,"Deaths",1796,"Hampden County",25013,512,"Asbestosis",1,"Male",27,"Age-standardized",1999,"Rate",0.553424354325347,0.377024970543774,0.761190000091433
1,"Deaths",1796,"Hampden County",25013,512,"Asbestosis",1,"Male",27,"Age-standardized",2000,"Rate",0.577101587744988,0.384293687903573,0.818353584341111
1,"Deaths",1796,"Hampden County",25013,512,"Asbestosis",1,"Male",27,"Age-standardized",2001,"Rate",0.571191834169023,0.385675196903505,0.794187287202407
1,"Deaths",1796,"Hampden County",25013,512,"Asbestosis",1,"Male",27,"Age-standardized",2002,"Rate",0.581908277990333,0.396117346072664,0.81758632631233
1,"Deaths",1796,"Hampden County",25013,512,"Asbestosis",1,"Male",27,"Age-standardized",2003,"Rate",0.587950828258211,0.396058409660274,0.808696217798725
1,"Deaths",1796,"Hampden County",25013,512,"Asbestosis",1,"Male",27,"Age-standardized",2004,"Rate",0.603915310666067,0.397574926362083,0.86318431582294
1,"Deaths",1796,"Hampden County",25013,512,"Asbestosis",1,"Male",27,"Age-standardized",2005,"Rate",0.599346242022877,0.391751097989958,0.850449856699967
1,"Deaths",1796,"Hampden County",25013,512,"Asbestosis",1,"Male",27,"Age-standardized",2006,"Rate",0.558294095108265,0.370577266507902,0.784997301684535
1,"Deaths",1796,"Hampden County",25013,512,"Asbestosis",1,"Male",27,"Age-standardized",2007,"Rate",0.546982789257283,0.355334153390547,0.802282710052822
1,"Deaths",1796,"Hampden County",25013,512,"Asbestosis",1,"Male",27,"Age-standardized",2008,"Rate",0.538815353111996,0.345405656620278,0.796966700029012
1,"Deaths",1796,"Hampden County",25013,512,"Asbestosis",1,"Male",27,"Age-standardized",2009,"Rate",0.53028025255812,0.341709135320503,0.778806176315312
1,"Deaths",1796,"Hampden County",25013,512,"Asbestosis",1,"Male",27,"Age-standardized",2010,"Rate",0.523482818470201,0.324365404406002,0.774589589956266
1,"Deaths",1796,"Hampden County",25013,512,"Asbestosis",1,"Male",27,"Age-standardized",2011,"Rate",0.513984607807562,0.312184820244011,0.798149619350951
1,"Deaths",1796,"Hampden County",25013,512,"Asbestosis",1,"Male",27,"Age-standardized",2012,"Rate",0.535682507167989,0.321577232784361,0.818394596728015
1,"Deaths",1796,"Hampden County",25013,512,"Asbestosis",1,"Male",27,"Age-standardized",2013,"Rate",0.538001891107044,0.316926078582369,0.837175567488603
1,"Deaths",1796,"Hampden County",25013,512,"Asbestosis",1,"Male",27,"Age-standardized",2014,"Rate",0.527156363304733,0.318829876147158,0.82132538523301
1,"Deaths",1796,"Hampden County",25013,512,"Asbestosis",2,"Female",27,"Age-standardized",1980,"Rate",0.00722553324510526,0.00370260187958309,0.0134618979442137
1,"Deaths",1796,"Hampden County",25013,512,"Asbestosis",2,"Female",27,"Age-standardized",1981,"Rate",0.00716836251716759,0.00355647046471619,0.0132352587634186
1,"Deaths",1796,"Hampden County",25013,512,"Asbestosis",2,"Female",27,"Age-standardized",1982,"Rate",0.00686949735751083,0.00347402608011756,0.0128891628561871
1,"Deaths",1796,"Hampden County",25013,512,"Asbestosis",2,"Female",27,"Age-standardized",1983,"Rate",0.0071954205107262,0.00365832387039597,0.0135494600578245
1,"Deaths",1796,"Hampden County",25013,512,"Asbestosis",2,"Female",27,"Age-standardized",1984,"Rate",0.00733177878775325,0.00368037451701156,0.0135391388551647
1,"Deaths",1796,"Hampden County",25013,512,"Asbestosis",2,"Female",27,"Age-standardized",1985,"Rate",0.00744670584036133,0.00366853336065019,0.0141615300647152
1,"Deaths",1796,"Hampden County",25013,512,"Asbestosis",2,"Female",27,"Age-standardized",1986,"Rate",0.00807615109705646,0.00390859046638825,0.0151716336973927
1,"Deaths",1796,"Hampden County",25013,512,"Asbestosis",2,"Female",27,"Age-standardized",1987,"Rate",0.00830464459516759,0.00393939716181636,0.0158011011141975
1,"Deaths",1796,"Hampden County",25013,512,"Asbestosis",2,"Female",27,"Age-standardized",1988,"Rate",0.00854848773855212,0.00403647869630612,0.0165513638969464
1,"Deaths",1796,"Hampden County",25013,512,"Asbestosis",2,"Female",27,"Age-standardized",1989,"Rate",0.00865138574294452,0.00399034530472704,0.0174303196270958
1,"Deaths",1796,"Hampden County",25013,512,"Asbestosis",2,"Female",27,"Age-standardized",1990,"Rate",0.00900948174317702,0.00387610622164706,0.0181274122241581
1,"Deaths",1796,"Hampden County",25013,512,"Asbestosis",2,"Female",27,"Age-standardized",1991,"Rate",0.00943796684025845,0.00407960684594408,0.0195206424235578
1,"Deaths",1796,"Hampden County",25013,512,"Asbestosis",2,"Female",27,"Age-standardized",1992,"Rate",0.00942951962434046,0.00420237194590712,0.0197179164202043
1,"Deaths",1796,"Hampden County",25013,512,"Asbestosis",2,"Female",27,"Age-standardized",1993,"Rate",0.00942495016517737,0.00411013917375018,0.0195798064877967
1,"Deaths",1796,"Hampden County",25013,512,"Asbestosis",2,"Female",27,"Age-standardized",1994,"Rate",0.00958039647260871,0.00414453520087571,0.0209558799160936
1,"Deaths",1796,"Hampden County",25013,512,"Asbestosis",2,"Female",27,"Age-standardized",1995,"Rate",0.00974278483036158,0.00412128665238547,0.0213458878092405
1,"Deaths",1796,"Hampden County",25013,512,"Asbestosis",2,"Female",27,"Age-standardized",1996,"Rate",0.00966531385447837,0.00393187551527769,0.0212062002618805
1,"Deaths",1796,"Hampden County",25013,512,"Asbestosis",2,"Female",27,"Age-standardized",1997,"Rate",0.0103660389739755,0.00412079694871764,0.0229551020722989
1,"Deaths",1796,"Hampden County",25013,512,"Asbestosis",2,"Female",27,"Age-standardized",1998,"Rate",0.0105573933716619,0.00423016316773209,0.0234134739288896
1,"Deaths",1796,"Hampden County",25013,512,"Asbestosis",2,"Female",27,"Age-standardized",1999,"Rate",0.0108775141942238,0.00430644589730572,0.0240199080629355
1,"Deaths",1796,"Hampden County",25013,512,"Asbestosis",2,"Female",27,"Age-standardized",2000,"Rate",0.0121056459059093,0.00455731110311984,0.0281425757535884
1,"Deaths",1796,"Hampden County",25013,512,"Asbestosis",2,"Female",27,"Age-standardized",2001,"Rate",0.0121951615947287,0.00465253785816928,0.0280263790252092
1,"Deaths",1796,"Hampden County",25013,512,"Asbestosis",2,"Female",27,"Age-standardized",2002,"Rate",0.0131071293936157,0.00488596940510559,0.0303263501750867
1,"Deaths",1796,"Hampden County",25013,512,"Asbestosis",2,"Female",27,"Age-standardized",2003,"Rate",0.0134170230441341,0.00473884193297973,0.0306126003431527
1,"Deaths",1796,"Hampden County",25013,512,"Asbestosis",2,"Female",27,"Age-standardized",2004,"Rate",0.0127945362390132,0.00453046200628992,0.0308407673915917
1,"Deaths",1796,"Hampden County",25013,512,"Asbestosis",2,"Female",27,"Age-standardized",2005,"Rate",0.0125089013893169,0.0044005487512615,0.0286982037356661
1,"Deaths",1796,"Hampden County",25013,512,"Asbestosis",2,"Female",27,"Age-standardized",2006,"Rate",0.0124036808814731,0.00439872989892648,0.0292149107460322
1,"Deaths",1796,"Hampden County",25013,512,"Asbestosis",2,"Female",27,"Age-standardized",2007,"Rate",0.0123891694517358,0.00408728034834406,0.0292100537542592
1,"Deaths",1796,"Hampden County",25013,512,"Asbestosis",2,"Female",27,"Age-standardized",2008,"Rate",0.0121741621697986,0.00407692486596702,0.0286667287819882
1,"Deaths",1796,"Hampden County",25013,512,"Asbestosis",2,"Female",27,"Age-standardized",2009,"Rate",0.0122614947429692,0.00396302571220689,0.0293435269001527
1,"Deaths",1796,"Hampden County",25013,512,"Asbestosis",2,"Female",27,"Age-standardized",2010,"Rate",0.0118745003134843,0.0038766063378365,0.0281323330948683
1,"Deaths",1796,"Hampden County",25013,512,"Asbestosis",2,"Female",27,"Age-standardized",2011,"Rate",0.0120304866299698,0.00386177969348117,0.0292246374678964
1,"Deaths",1796,"Hampden County",25013,512,"Asbestosis",2,"Female",27,"Age-standardized",2012,"Rate",0.0118862699224563,0.00368872103996139,0.0285248157718471
1,"Deaths",1796,"Hampden County",25013,512,"Asbestosis",2,"Female",27,"Age-standardized",2013,"Rate",0.0114908072777925,0.00339782975557735,0.0293018405021192
1,"Deaths",1796,"Hampden County",25013,512,"Asbestosis",2,"Female",27,"Age-standardized",2014,"Rate",0.0118816402375686,0.00356550868023589,0.0300585459223375
1,"Deaths",1796,"Hampden County",25013,512,"Asbestosis",3,"Both",27,"Age-standardized",1980,"Rate",0.0662128339898455,0.0447574602304201,0.100604653446049
1,"Deaths",1796,"Hampden County",25013,512,"Asbestosis",3,"Both",27,"Age-standardized",1981,"Rate",0.068173775368719,0.0456580219578306,0.107767386939872
1,"Deaths",1796,"Hampden County",25013,512,"Asbestosis",3,"Both",27,"Age-standardized",1982,"Rate",0.0742907775912854,0.0500905314176577,0.11564510126921
1,"Deaths",1796,"Hampden County",25013,512,"Asbestosis",3,"Both",27,"Age-standardized",1983,"Rate",0.0788133613281675,0.0554097150456672,0.11932836306037
1,"Deaths",1796,"Hampden County",25013,512,"Asbestosis",3,"Both",27,"Age-standardized",1984,"Rate",0.0809640691134109,0.0546153658655087,0.117167288215366
1,"Deaths",1796,"Hampden County",25013,512,"Asbestosis",3,"Both",27,"Age-standardized",1985,"Rate",0.0925344630053957,0.0658285630331006,0.129566216793736
1,"Deaths",1796,"Hampden County",25013,512,"Asbestosis",3,"Both",27,"Age-standardized",1986,"Rate",0.099295945314118,0.0692313861887073,0.13708876398916
1,"Deaths",1796,"Hampden County",25013,512,"Asbestosis",3,"Both",27,"Age-standardized",1987,"Rate",0.106662274843368,0.0737904673910378,0.152299823973128
1,"Deaths",1796,"Hampden County",25013,512,"Asbestosis",3,"Both",27,"Age-standardized",1988,"Rate",0.112888771170477,0.0785885642668488,0.15472098826136
1,"Deaths",1796,"Hampden County",25013,512,"Asbestosis",3,"Both",27,"Age-standardized",1989,"Rate",0.121781760684204,0.0852858710053188,0.166597226122478
1,"Deaths",1796,"Hampden County",25013,512,"Asbestosis",3,"Both",27,"Age-standardized",1990,"Rate",0.120390200879882,0.0837781157519431,0.161498692819729
1,"Deaths",1796,"Hampden County",25013,512,"Asbestosis",3,"Both",27,"Age-standardized",1991,"Rate",0.130938519549814,0.087908888858752,0.178343315442114
1,"Deaths",1796,"Hampden County",25013,512,"Asbestosis",3,"Both",27,"Age-standardized",1992,"Rate",0.134207657486327,0.0954390397784841,0.178033921251687
1,"Deaths",1796,"Hampden County",25013,512,"Asbestosis",3,"Both",27,"Age-standardized",1993,"Rate",0.145944220740554,0.103714713473637,0.198710880733612
1,"Deaths",1796,"Hampden County",25013,512,"Asbestosis",3,"Both",27,"Age-standardized",1994,"Rate",0.158053990986189,0.108547453204423,0.210458295321895
1,"Deaths",1796,"Hampden County",25013,512,"Asbestosis",3,"Both",27,"Age-standardized",1995,"Rate",0.163881314575714,0.112300192319541,0.223144099452423
1,"Deaths",1796,"Hampden County",25013,512,"Asbestosis",3,"Both",27,"Age-standardized",1996,"Rate",0.170755682362042,0.117195873810816,0.236961179861458
1,"Deaths",1796,"Hampden County",25013,512,"Asbestosis",3,"Both",27,"Age-standardized",1997,"Rate",0.182623036446522,0.124468200342372,0.242989786834216
1,"Deaths",1796,"Hampden County",25013,512,"Asbestosis",3,"Both",27,"Age-standardized",1998,"Rate",0.198841329999247,0.136831881579272,0.270924491962657
1,"Deaths",1796,"Hampden County",25013,512,"Asbestosis",3,"Both",27,"Age-standardized",1999,"Rate",0.207588002405916,0.143571285038869,0.283161566959609
1,"Deaths",1796,"Hampden County",25013,512,"Asbestosis",3,"Both",27,"Age-standardized",2000,"Rate",0.218294119839192,0.147630229311425,0.30562563844431
1,"Deaths",1796,"Hampden County",25013,512,"Asbestosis",3,"Both",27,"Age-standardized",2001,"Rate",0.217868205405184,0.148706529839016,0.300558735697134
1,"Deaths",1796,"Hampden County",25013,512,"Asbestosis",3,"Both",27,"Age-standardized",2002,"Rate",0.222954947637262,0.155158050457199,0.310995578607886
1,"Deaths",1796,"Hampden County",25013,512,"Asbestosis",3,"Both",27,"Age-standardized",2003,"Rate",0.224781200385081,0.152074657287163,0.304714558005881
1,"Deaths",1796,"Hampden County",25013,512,"Asbestosis",3,"Both",27,"Age-standardized",2004,"Rate",0.232476818508527,0.154441903791574,0.327094619435016
1,"Deaths",1796,"Hampden County",25013,512,"Asbestosis",3,"Both",27,"Age-standardized",2005,"Rate",0.230708466352859,0.151768507604858,0.325386249947292
1,"Deaths",1796,"Hampden County",25013,512,"Asbestosis",3,"Both",27,"Age-standardized",2006,"Rate",0.215797439089402,0.146914554481229,0.297850739875985
1,"Deaths",1796,"Hampden County",25013,512,"Asbestosis",3,"Both",27,"Age-standardized",2007,"Rate",0.213214328306396,0.139972654233143,0.309398639426274
1,"Deaths",1796,"Hampden County",25013,512,"Asbestosis",3,"Both",27,"Age-standardized",2008,"Rate",0.210746122171003,0.138402029879973,0.308198241638895
1,"Deaths",1796,"Hampden County",25013,512,"Asbestosis",3,"Both",27,"Age-standardized",2009,"Rate",0.208029733042389,0.137531844605049,0.301788657453058
1,"Deaths",1796,"Hampden County",25013,512,"Asbestosis",3,"Both",27,"Age-standardized",2010,"Rate",0.205013076486775,0.128174353515693,0.301664030639622
1,"Deaths",1796,"Hampden County",25013,512,"Asbestosis",3,"Both",27,"Age-standardized",2011,"Rate",0.201744922513312,0.124514604203445,0.308181918564788
1,"Deaths",1796,"Hampden County",25013,512,"Asbestosis",3,"Both",27,"Age-standardized",2012,"Rate",0.210869535823758,0.128153915631848,0.318837077995461
1,"Deaths",1796,"Hampden County",25013,512,"Asbestosis",3,"Both",27,"Age-standardized",2013,"Rate",0.212736320167922,0.125713907120673,0.326115013410269
1,"Deaths",1796,"Hampden County",25013,512,"Asbestosis",3,"Both",27,"Age-standardized",2014,"Rate",0.209207476061579,0.129040665103467,0.321960315436168
1,"Deaths",1794,"Hampshire County",25015,512,"Asbestosis",1,"Male",27,"Age-standardized",1980,"Rate",0.182574254513414,0.0982329757728535,0.321010824615702
1,"Deaths",1794,"Hampshire County",25015,512,"Asbestosis",1,"Male",27,"Age-standardized",1981,"Rate",0.195743452664454,0.108103467092629,0.348599468012857
1,"Deaths",1794,"Hampshire County",25015,512,"Asbestosis",1,"Male",27,"Age-standardized",1982,"Rate",0.202715118085069,0.113664666265605,0.344625590948264
1,"Deaths",1794,"Hampshire County",25015,512,"Asbestosis",1,"Male",27,"Age-standardized",1983,"Rate",0.227062984789671,0.128381267212429,0.372805292745082
1,"Deaths",1794,"Hampshire County",25015,512,"Asbestosis",1,"Male",27,"Age-standardized",1984,"Rate",0.242742814170384,0.1364332259366,0.394372511540331
1,"Deaths",1794,"Hampshire County",25015,512,"Asbestosis",1,"Male",27,"Age-standardized",1985,"Rate",0.261186695825947,0.152696318682708,0.419645696192028
1,"Deaths",1794,"Hampshire County",25015,512,"Asbestosis",1,"Male",27,"Age-standardized",1986,"Rate",0.287947571270879,0.167209930635438,0.469040665941232
1,"Deaths",1794,"Hampshire County",25015,512,"Asbestosis",1,"Male",27,"Age-standardized",1987,"Rate",0.311856250649397,0.188448384520814,0.50011244457373
1,"Deaths",1794,"Hampshire County",25015,512,"Asbestosis",1,"Male",27,"Age-standardized",1988,"Rate",0.332843702212734,0.200080224557247,0.525668274389265
1,"Deaths",1794,"Hampshire County",25015,512,"Asbestosis",1,"Male",27,"Age-standardized",1989,"Rate",0.361342107978027,0.216454498987114,0.554885457210979
1,"Deaths",1794,"Hampshire County",25015,512,"Asbestosis",1,"Male",27,"Age-standardized",1990,"Rate",0.365194320803094,0.217826507221066,0.560854079603871
1,"Deaths",1794,"Hampshire County",25015,512,"Asbestosis",1,"Male",27,"Age-standardized",1991,"Rate",0.40168368238354,0.246239726545404,0.60057856570471
1,"Deaths",1794,"Hampshire County",25015,512,"Asbestosis",1,"Male",27,"Age-standardized",1992,"Rate",0.42186395113108,0.252945165104211,0.634851556598101
1,"Deaths",1794,"Hampshire County",25015,512,"Asbestosis",1,"Male",27,"Age-standardized",1993,"Rate",0.448829342417858,0.271499397860819,0.680463176846841
1,"Deaths",1794,"Hampshire County",25015,512,"Asbestosis",1,"Male",27,"Age-standardized",1994,"Rate",0.474235871933614,0.284424432667289,0.720996226777626
1,"Deaths",1794,"Hampshire County",25015,512,"Asbestosis",1,"Male",27,"Age-standardized",1995,"Rate",0.502962019407584,0.299087976979606,0.79493082780768
1,"Deaths",1794,"Hampshire County",25015,512,"Asbestosis",1,"Male",27,"Age-standardized",1996,"Rate",0.529268777704837,0.32246033565271,0.799557515937669
1,"Deaths",1794,"Hampshire County",25015,512,"Asbestosis",1,"Male",27,"Age-standardized",1997,"Rate",0.552426524028159,0.331773897629099,0.84600808367838
1,"Deaths",1794,"Hampshire County",25015,512,"Asbestosis",1,"Male",27,"Age-standardized",1998,"Rate",0.593707081897417,0.354408614904406,0.911415136835998
1,"Deaths",1794,"Hampshire County",25015,512,"Asbestosis",1,"Male",27,"Age-standardized",1999,"Rate",0.627639334886589,0.387599230906449,0.969432406272274
1,"Deaths",1794,"Hampshire County",25015,512,"Asbestosis",1,"Male",27,"Age-standardized",2000,"Rate",0.690184289948743,0.404615078494792,1.07900320884884
1,"Deaths",1794,"Hampshire County",25015,512,"Asbestosis",1,"Male",27,"Age-standardized",2001,"Rate",0.671675554307709,0.393830258871798,1.01929154867668
1,"Deaths",1794,"Hampshire County",25015,512,"Asbestosis",1,"Male",27,"Age-standardized",2002,"Rate",0.705471921437891,0.40361399967442,1.13802762478826
1,"Deaths",1794,"Hampshire County",25015,512,"Asbestosis",1,"Male",27,"Age-standardized",2003,"Rate",0.706212630128763,0.392611134644607,1.13874378257573
1,"Deaths",1794,"Hampshire County",25015,512,"Asbestosis",1,"Male",27,"Age-standardized",2004,"Rate",0.689997868181745,0.382233555461302,1.12655395923618
1,"Deaths",1794,"Hampshire County",25015,512,"Asbestosis",1,"Male",27,"Age-standardized",2005,"Rate",0.70464254053346,0.399767101539756,1.1505680271412
1,"Deaths",1794,"Hampshire County",25015,512,"Asbestosis",1,"Male",27,"Age-standardized",2006,"Rate",0.678207927118245,0.387711168748885,1.0973355389533
1,"Deaths",1794,"Hampshire County",25015,512,"Asbestosis",1,"Male",27,"Age-standardized",2007,"Rate",0.703627776363196,0.383956386906938,1.2204018419468
1,"Deaths",1794,"Hampshire County",25015,512,"Asbestosis",1,"Male",27,"Age-standardized",2008,"Rate",0.680036028748489,0.35509099119458,1.12215120734844
1,"Deaths",1794,"Hampshire County",25015,512,"Asbestosis",1,"Male",27,"Age-standardized",2009,"Rate",0.678226057735018,0.360572886400782,1.1500908524627
1,"Deaths",1794,"Hampshire County",25015,512,"Asbestosis",1,"Male",27,"Age-standardized",2010,"Rate",0.672736298791863,0.348519708636561,1.20709083372351
1,"Deaths",1794,"Hampshire County",25015,512,"Asbestosis",1,"Male",27,"Age-standardized",2011,"Rate",0.649234054073456,0.334710379341723,1.13320953566812
1,"Deaths",1794,"Hampshire County",25015,512,"Asbestosis",1,"Male",27,"Age-standardized",2012,"Rate",0.641606727840056,0.320647176074569,1.09698365502209
1,"Deaths",1794,"Hampshire County",25015,512,"Asbestosis",1,"Male",27,"Age-standardized",2013,"Rate",0.651100920190787,0.310195909873297,1.1912530141125
1,"Deaths",1794,"Hampshire County",25015,512,"Asbestosis",1,"Male",27,"Age-standardized",2014,"Rate",0.717483633453471,0.339429293088557,1.28961285720042
1,"Deaths",1794,"Hampshire County",25015,512,"Asbestosis",2,"Female",27,"Age-standardized",1980,"Rate",0.0106926561207334,0.00447221601272166,0.022523004526052
1,"Deaths",1794,"Hampshire County",25015,512,"Asbestosis",2,"Female",27,"Age-standardized",1981,"Rate",0.0103756564486569,0.00425164671506705,0.0226255121256664
1,"Deaths",1794,"Hampshire County",25015,512,"Asbestosis",2,"Female",27,"Age-standardized",1982,"Rate",0.0103147826231982,0.00428373472926267,0.021884725316929
1,"Deaths",1794,"Hampshire County",25015,512,"Asbestosis",2,"Female",27,"Age-standardized",1983,"Rate",0.0107001945703999,0.00428958433439256,0.0234884547015094
1,"Deaths",1794,"Hampshire County",25015,512,"Asbestosis",2,"Female",27,"Age-standardized",1984,"Rate",0.0107999689108261,0.00441197757092015,0.0230433578284447
1,"Deaths",1794,"Hampshire County",25015,512,"Asbestosis",2,"Female",27,"Age-standardized",1985,"Rate",0.0113740013696204,0.00452344355520079,0.0243682548704936
1,"Deaths",1794,"Hampshire County",25015,512,"Asbestosis",2,"Female",27,"Age-standardized",1986,"Rate",0.0121315322744783,0.00467901935074655,0.0276398387952991
1,"Deaths",1794,"Hampshire County",25015,512,"Asbestosis",2,"Female",27,"Age-standardized",1987,"Rate",0.012861179864148,0.00474072542619108,0.0281312534225201
1,"Deaths",1794,"Hampshire County",25015,512,"Asbestosis",2,"Female",27,"Age-standardized",1988,"Rate",0.013083311283438,0.00475727356484281,0.0302265585931829
1,"Deaths",1794,"Hampshire County",25015,512,"Asbestosis",2,"Female",27,"Age-standardized",1989,"Rate",0.0142054445239341,0.00503200927585264,0.0323272251625124
1,"Deaths",1794,"Hampshire County",25015,512,"Asbestosis",2,"Female",27,"Age-standardized",1990,"Rate",0.0149855877065297,0.00520173550664004,0.0346271517326377
1,"Deaths",1794,"Hampshire County",25015,512,"Asbestosis",2,"Female",27,"Age-standardized",1991,"Rate",0.0156288127269869,0.00536979805174903,0.0368134719133898
1,"Deaths",1794,"Hampshire County",25015,512,"Asbestosis",2,"Female",27,"Age-standardized",1992,"Rate",0.0157727760722487,0.00525261287303892,0.037450366452345
1,"Deaths",1794,"Hampshire County",25015,512,"Asbestosis",2,"Female",27,"Age-standardized",1993,"Rate",0.0158566711910879,0.00509304687220176,0.0378218546866955
1,"Deaths",1794,"Hampshire County",25015,512,"Asbestosis",2,"Female",27,"Age-standardized",1994,"Rate",0.0163524269185532,0.0051026809858959,0.0398740162751277
1,"Deaths",1794,"Hampshire County",25015,512,"Asbestosis",2,"Female",27,"Age-standardized",1995,"Rate",0.0168765691062733,0.00536654791585155,0.0404046139435652
1,"Deaths",1794,"Hampshire County",25015,512,"Asbestosis",2,"Female",27,"Age-standardized",1996,"Rate",0.0169897881109204,0.00519876594322927,0.0437536228293868
1,"Deaths",1794,"Hampshire County",25015,512,"Asbestosis",2,"Female",27,"Age-standardized",1997,"Rate",0.0181755761815404,0.0055339113572465,0.0465939899124792
1,"Deaths",1794,"Hampshire County",25015,512,"Asbestosis",2,"Female",27,"Age-standardized",1998,"Rate",0.0186023979456122,0.00528025425314144,0.0467365465478899
1,"Deaths",1794,"Hampshire County",25015,512,"Asbestosis",2,"Female",27,"Age-standardized",1999,"Rate",0.0197017270965426,0.00574144632481286,0.0499478514347828
1,"Deaths",1794,"Hampshire County",25015,512,"Asbestosis",2,"Female",27,"Age-standardized",2000,"Rate",0.0223008332791856,0.00644432171743754,0.0575420508342046
1,"Deaths",1794,"Hampshire County",25015,512,"Asbestosis",2,"Female",27,"Age-standardized",2001,"Rate",0.0223995874245749,0.00631156007622104,0.0577663359773305
1,"Deaths",1794,"Hampshire County",25015,512,"Asbestosis",2,"Female",27,"Age-standardized",2002,"Rate",0.0247493532704032,0.00676529649776627,0.0641023187472832
1,"Deaths",1794,"Hampshire County",25015,512,"Asbestosis",2,"Female",27,"Age-standardized",2003,"Rate",0.0254551679833371,0.00681038473913812,0.067360866286895
1,"Deaths",1794,"Hampshire County",25015,512,"Asbestosis",2,"Female",27,"Age-standardized",2004,"Rate",0.0242108903356547,0.00608321957777993,0.064936964592555
1,"Deaths",1794,"Hampshire County",25015,512,"Asbestosis",2,"Female",27,"Age-standardized",2005,"Rate",0.0242030828804851,0.0062843865735188,0.0644717227076102
1,"Deaths",1794,"Hampshire County",25015,512,"Asbestosis",2,"Female",27,"Age-standardized",2006,"Rate",0.0234030221347123,0.00579516763002638,0.0648748724658055
1,"Deaths",1794,"Hampshire County",25015,512,"Asbestosis",2,"Female",27,"Age-standardized",2007,"Rate",0.0243098715871565,0.00588834921385888,0.0649618826960202
1,"Deaths",1794,"Hampshire County",25015,512,"Asbestosis",2,"Female",27,"Age-standardized",2008,"Rate",0.0244443427202233,0.00584816768464823,0.0666620860954163
1,"Deaths",1794,"Hampshire County",25015,512,"Asbestosis",2,"Female",27,"Age-standardized",2009,"Rate",0.0247149224234801,0.00595076832612276,0.0665964870436836
1,"Deaths",1794,"Hampshire County",25015,512,"Asbestosis",2,"Female",27,"Age-standardized",2010,"Rate",0.0243534778514109,0.00575012110375922,0.0683408217578014
1,"Deaths",1794,"Hampshire County",25015,512,"Asbestosis",2,"Female",27,"Age-standardized",2011,"Rate",0.024632760320286,0.00541723331267985,0.0680984253848162
1,"Deaths",1794,"Hampshire County",25015,512,"Asbestosis",2,"Female",27,"Age-standardized",2012,"Rate",0.0243686252527096,0.00534232478732044,0.066056614068929
1,"Deaths",1794,"Hampshire County",25015,512,"Asbestosis",2,"Female",27,"Age-standardized",2013,"Rate",0.023699783228994,0.00506089330670305,0.0658759239918793
1,"Deaths",1794,"Hampshire County",25015,512,"Asbestosis",2,"Female",27,"Age-standardized",2014,"Rate",0.0247849306684695,0.00511044098072175,0.0693275042867031
1,"Deaths",1794,"Hampshire County",25015,512,"Asbestosis",3,"Both",27,"Age-standardized",1980,"Rate",0.0749120647479757,0.0420097311926493,0.127244731360466
1,"Deaths",1794,"Hampshire County",25015,512,"Asbestosis",3,"Both",27,"Age-standardized",1981,"Rate",0.0796952260974432,0.0447353481665075,0.135351574310714
1,"Deaths",1794,"Hampshire County",25015,512,"Asbestosis",3,"Both",27,"Age-standardized",1982,"Rate",0.081959427461665,0.046774177975397,0.135833971386885
1,"Deaths",1794,"Hampshire County",25015,512,"Asbestosis",3,"Both",27,"Age-standardized",1983,"Rate",0.0912258542321122,0.0535105393492557,0.145000319716144
1,"Deaths",1794,"Hampshire County",25015,512,"Asbestosis",3,"Both",27,"Age-standardized",1984,"Rate",0.0968458576064492,0.0556839346288466,0.155948847201785
1,"Deaths",1794,"Hampshire County",25015,512,"Asbestosis",3,"Both",27,"Age-standardized",1985,"Rate",0.103855035345526,0.0617537624501038,0.165677859084096
1,"Deaths",1794,"Hampshire County",25015,512,"Asbestosis",3,"Both",27,"Age-standardized",1986,"Rate",0.114045384204567,0.0681077318838762,0.179757614297693
1,"Deaths",1794,"Hampshire County",25015,512,"Asbestosis",3,"Both",27,"Age-standardized",1987,"Rate",0.123238802715527,0.0748140960020196,0.190143218670133
1,"Deaths",1794,"Hampshire County",25015,512,"Asbestosis",3,"Both",27,"Age-standardized",1988,"Rate",0.131022186888021,0.0814140567025408,0.199344736179512
1,"Deaths",1794,"Hampshire County",25015,512,"Asbestosis",3,"Both",27,"Age-standardized",1989,"Rate",0.141934179909842,0.0867331688514679,0.212621863549949
1,"Deaths",1794,"Hampshire County",25015,512,"Asbestosis",3,"Both",27,"Age-standardized",1990,"Rate",0.143752297729233,0.0869883127951472,0.217459913850547
1,"Deaths",1794,"Hampshire County",25015,512,"Asbestosis",3,"Both",27,"Age-standardized",1991,"Rate",0.156943018593439,0.097983518924425,0.231245403620854
1,"Deaths",1794,"Hampshire County",25015,512,"Asbestosis",3,"Both",27,"Age-standardized",1992,"Rate",0.163975757942952,0.0997058753975784,0.245926739542456
1,"Deaths",1794,"Hampshire County",25015,512,"Asbestosis",3,"Both",27,"Age-standardized",1993,"Rate",0.173723097210628,0.105821100400425,0.258680413192478
1,"Deaths",1794,"Hampshire County",25015,512,"Asbestosis",3,"Both",27,"Age-standardized",1994,"Rate",0.183529868297462,0.113172158466257,0.273640443115708
1,"Deaths",1794,"Hampshire County",25015,512,"Asbestosis",3,"Both",27,"Age-standardized",1995,"Rate",0.194475607379607,0.121309324270013,0.300346265515821
1,"Deaths",1794,"Hampshire County",25015,512,"Asbestosis",3,"Both",27,"Age-standardized",1996,"Rate",0.203671674786843,0.126116577622658,0.299549501665075
1,"Deaths",1794,"Hampshire County",25015,512,"Asbestosis",3,"Both",27,"Age-standardized",1997,"Rate",0.212992748742254,0.13012910737199,0.321804525567721
1,"Deaths",1794,"Hampshire County",25015,512,"Asbestosis",3,"Both",27,"Age-standardized",1998,"Rate",0.228728028522713,0.141838171419391,0.340692255112508
1,"Deaths",1794,"Hampshire County",25015,512,"Asbestosis",3,"Both",27,"Age-standardized",1999,"Rate",0.24285948643398,0.152000528754565,0.373393957217812
1,"Deaths",1794,"Hampshire County",25015,512,"Asbestosis",3,"Both",27,"Age-standardized",2000,"Rate",0.268297632539749,0.163641282036619,0.416550088183057
1,"Deaths",1794,"Hampshire County",25015,512,"Asbestosis",3,"Both",27,"Age-standardized",2001,"Rate",0.261980269358928,0.158047969898912,0.391288585824469
1,"Deaths",1794,"Hampshire County",25015,512,"Asbestosis",3,"Both",27,"Age-standardized",2002,"Rate",0.27833400453163,0.166348049218925,0.445688632564118
1,"Deaths",1794,"Hampshire County",25015,512,"Asbestosis",3,"Both",27,"Age-standardized",2003,"Rate",0.280433784748527,0.164220646970138,0.445084704582613
1,"Deaths",1794,"Hampshire County",25015,512,"Asbestosis",3,"Both",27,"Age-standardized",2004,"Rate",0.275464709030823,0.158426969410721,0.438620240971452
1,"Deaths",1794,"Hampshire County",25015,512,"Asbestosis",3,"Both",27,"Age-standardized",2005,"Rate",0.280924089007204,0.164988589731052,0.450497142173419
1,"Deaths",1794,"Hampshire County",25015,512,"Asbestosis",3,"Both",27,"Age-standardized",2006,"Rate",0.271402032497335,0.159746724386132,0.436299919408974
1,"Deaths",1794,"Hampshire County",25015,512,"Asbestosis",3,"Both",27,"Age-standardized",2007,"Rate",0.283926236831129,0.161220640145149,0.486717135447194
1,"Deaths",1794,"Hampshire County",25015,512,"Asbestosis",3,"Both",27,"Age-standardized",2008,"Rate",0.275017832043774,0.149656377616097,0.450865782464416
1,"Deaths",1794,"Hampshire County",25015,512,"Asbestosis",3,"Both",27,"Age-standardized",2009,"Rate",0.275057289908549,0.154243916430594,0.453544074787795
1,"Deaths",1794,"Hampshire County",25015,512,"Asbestosis",3,"Both",27,"Age-standardized",2010,"Rate",0.274559271455286,0.147939729407848,0.47297643839644
1,"Deaths",1794,"Hampshire County",25015,512,"Asbestosis",3,"Both",27,"Age-standardized",2011,"Rate",0.266339356035578,0.143987602824353,0.456360181729112
1,"Deaths",1794,"Hampshire County",25015,512,"Asbestosis",3,"Both",27,"Age-standardized",2012,"Rate",0.265188420974354,0.139664652762539,0.444794610551993
1,"Deaths",1794,"Hampshire County",25015,512,"Asbestosis",3,"Both",27,"Age-standardized",2013,"Rate",0.269713933975682,0.135755398452266,0.476293700400842
1,"Deaths",1794,"Hampshire County",25015,512,"Asbestosis",3,"Both",27,"Age-standardized",2014,"Rate",0.295674571546435,0.146276759989674,0.520630187339631
1,"Deaths",1792,"Middlesex County",25017,512,"Asbestosis",1,"Male",27,"Age-standardized",1980,"Rate",0.32971514652693,0.197660053584312,0.491370333132387
1,"Deaths",1792,"Middlesex County",25017,512,"Asbestosis",1,"Male",27,"Age-standardized",1981,"Rate",0.308964809691992,0.185898085577546,0.450453345604278
1,"Deaths",1792,"Middlesex County",25017,512,"Asbestosis",1,"Male",27,"Age-standardized",1982,"Rate",0.317709572590872,0.201992642823834,0.47199513225164
1,"Deaths",1792,"Middlesex County",25017,512,"Asbestosis",1,"Male",27,"Age-standardized",1983,"Rate",0.343075528749044,0.217831301400396,0.500159202142146
1,"Deaths",1792,"Middlesex County",25017,512,"Asbestosis",1,"Male",27,"Age-standardized",1984,"Rate",0.330632842568799,0.213842680610424,0.474666629792754
1,"Deaths",1792,"Middlesex County",25017,512,"Asbestosis",1,"Male",27,"Age-standardized",1985,"Rate",0.351448754848269,0.233172500002893,0.48847610751904
1,"Deaths",1792,"Middlesex County",25017,512,"Asbestosis",1,"Male",27,"Age-standardized",1986,"Rate",0.36720040915287,0.239943771101349,0.52690415901604
1,"Deaths",1792,"Middlesex County",25017,512,"Asbestosis",1,"Male",27,"Age-standardized",1987,"Rate",0.394460158115652,0.266082412812796,0.552299933357842
1,"Deaths",1792,"Middlesex County",25017,512,"Asbestosis",1,"Male",27,"Age-standardized",1988,"Rate",0.375223983445411,0.2583795131029,0.515722247791846
1,"Deaths",1792,"Middlesex County",25017,512,"Asbestosis",1,"Male",27,"Age-standardized",1989,"Rate",0.418851311668003,0.284489519679023,0.567132087439112
1,"Deaths",1792,"Middlesex County",25017,512,"Asbestosis",1,"Male",27,"Age-standardized",1990,"Rate",0.400116787354819,0.275720696459592,0.547214781469544
1,"Deaths",1792,"Middlesex County",25017,512,"Asbestosis",1,"Male",27,"Age-standardized",1991,"Rate",0.399344028906515,0.282559366483942,0.545695468787069
1,"Deaths",1792,"Middlesex County",25017,512,"Asbestosis",1,"Male",27,"Age-standardized",1992,"Rate",0.440557042533911,0.306028512083834,0.588969471889466
1,"Deaths",1792,"Middlesex County",25017,512,"Asbestosis",1,"Male",27,"Age-standardized",1993,"Rate",0.431554749413594,0.304428852872425,0.574012169433056
1,"Deaths",1792,"Middlesex County",25017,512,"Asbestosis",1,"Male",27,"Age-standardized",1994,"Rate",0.468372334897906,0.334519405183727,0.623100572875187
1,"Deaths",1792,"Middlesex County",25017,512,"Asbestosis",1,"Male",27,"Age-standardized",1995,"Rate",0.457548610352293,0.320489419096604,0.611470491785719
1,"Deaths",1792,"Middlesex County",25017,512,"Asbestosis",1,"Male",27,"Age-standardized",1996,"Rate",0.482709682528872,0.347214705697861,0.635343643479194
1,"Deaths",1792,"Middlesex County",25017,512,"Asbestosis",1,"Male",27,"Age-standardized",1997,"Rate",0.49124003923581,0.352044445611842,0.662507530397857
1,"Deaths",1792,"Middlesex County",25017,512,"Asbestosis",1,"Male",27,"Age-standardized",1998,"Rate",0.533642250769788,0.380921199680176,0.720265294564674
1,"Deaths",1792,"Middlesex County",25017,512,"Asbestosis",1,"Male",27,"Age-standardized",1999,"Rate",0.541926637124641,0.392344920378707,0.72701123996122
1,"Deaths",1792,"Middlesex County",25017,512,"Asbestosis",1,"Male",27,"Age-standardized",2000,"Rate",0.542035982114743,0.39364060587235,0.72688495120851
1,"Deaths",1792,"Middlesex County",25017,512,"Asbestosis",1,"Male",27,"Age-standardized",2001,"Rate",0.537633674872047,0.390751238562993,0.725746567250323
1,"Deaths",1792,"Middlesex County",25017,512,"Asbestosis",1,"Male",27,"Age-standardized",2002,"Rate",0.506546654386115,0.356456729930135,0.696018674464297
1,"Deaths",1792,"Middlesex County",25017,512,"Asbestosis",1,"Male",27,"Age-standardized",2003,"Rate",0.540942491291725,0.387126498931588,0.721650325246492
1,"Deaths",1792,"Middlesex County",25017,512,"Asbestosis",1,"Male",27,"Age-standardized",2004,"Rate",0.499204948959669,0.362821510962494,0.686681671129827
1,"Deaths",1792,"Middlesex County",25017,512,"Asbestosis",1,"Male",27,"Age-standardized",2005,"Rate",0.497157959152851,0.347423402978006,0.669884493521184
1,"Deaths",1792,"Middlesex County",25017,512,"Asbestosis",1,"Male",27,"Age-standardized",2006,"Rate",0.471891519123279,0.334567524399176,0.652447603992406
1,"Deaths",1792,"Middlesex County",25017,512,"Asbestosis",1,"Male",27,"Age-standardized",2007,"Rate",0.469119248009325,0.33121547694399,0.647784358168342
1,"Deaths",1792,"Middlesex County",25017,512,"Asbestosis",1,"Male",27,"Age-standardized",2008,"Rate",0.468655720005354,0.328133055686019,0.655519543060122
1,"Deaths",1792,"Middlesex County",25017,512,"Asbestosis",1,"Male",27,"Age-standardized",2009,"Rate",0.412986851038916,0.287963267974255,0.590323874081822
1,"Deaths",1792,"Middlesex County",25017,512,"Asbestosis",1,"Male",27,"Age-standardized",2010,"Rate",0.413161884892119,0.281414097139514,0.587795155297642
1,"Deaths",1792,"Middlesex County",25017,512,"Asbestosis",1,"Male",27,"Age-standardized",2011,"Rate",0.400377828313113,0.269084364124978,0.568141327132378
1,"Deaths",1792,"Middlesex County",25017,512,"Asbestosis",1,"Male",27,"Age-standardized",2012,"Rate",0.387076774629995,0.258655850099697,0.564529291756792
1,"Deaths",1792,"Middlesex County",25017,512,"Asbestosis",1,"Male",27,"Age-standardized",2013,"Rate",0.380878099868076,0.255201262182377,0.538958112443905
1,"Deaths",1792,"Middlesex County",25017,512,"Asbestosis",1,"Male",27,"Age-standardized",2014,"Rate",0.381987489917591,0.252728141305284,0.552147049475263
1,"Deaths",1792,"Middlesex County",25017,512,"Asbestosis",2,"Female",27,"Age-standardized",1980,"Rate",0.00814008579667772,0.00426492737670659,0.0140448168161047
1,"Deaths",1792,"Middlesex County",25017,512,"Asbestosis",2,"Female",27,"Age-standardized",1981,"Rate",0.00810910175173212,0.00439756393848803,0.0140589358801224
1,"Deaths",1792,"Middlesex County",25017,512,"Asbestosis",2,"Female",27,"Age-standardized",1982,"Rate",0.00787759998494674,0.00427834635544409,0.0133707573411466
1,"Deaths",1792,"Middlesex County",25017,512,"Asbestosis",2,"Female",27,"Age-standardized",1983,"Rate",0.00810115757246615,0.00433257926427129,0.0136475415415429
1,"Deaths",1792,"Middlesex County",25017,512,"Asbestosis",2,"Female",27,"Age-standardized",1984,"Rate",0.00836546730410436,0.00455273164905474,0.0142374025700672
1,"Deaths",1792,"Middlesex County",25017,512,"Asbestosis",2,"Female",27,"Age-standardized",1985,"Rate",0.00876959787591988,0.00463416472919054,0.0148254848457751
1,"Deaths",1792,"Middlesex County",25017,512,"Asbestosis",2,"Female",27,"Age-standardized",1986,"Rate",0.009215079596993,0.00482007318944932,0.0160170385315217
1,"Deaths",1792,"Middlesex County",25017,512,"Asbestosis",2,"Female",27,"Age-standardized",1987,"Rate",0.0095779910987967,0.00498559166354298,0.0162999173343322
1,"Deaths",1792,"Middlesex County",25017,512,"Asbestosis",2,"Female",27,"Age-standardized",1988,"Rate",0.00980163152062975,0.00502685984269345,0.0167396907289789
1,"Deaths",1792,"Middlesex County",25017,512,"Asbestosis",2,"Female",27,"Age-standardized",1989,"Rate",0.0101751759539928,0.00510805528903618,0.0177927711100338
1,"Deaths",1792,"Middlesex County",25017,512,"Asbestosis",2,"Female",27,"Age-standardized",1990,"Rate",0.0108185197370066,0.00565303891395193,0.0192032447215654
1,"Deaths",1792,"Middlesex County",25017,512,"Asbestosis",2,"Female",27,"Age-standardized",1991,"Rate",0.0112238973642273,0.00569762646473307,0.020089574864045
1,"Deaths",1792,"Middlesex County",25017,512,"Asbestosis",2,"Female",27,"Age-standardized",1992,"Rate",0.0109038317360626,0.0053928686394597,0.019805844115278
1,"Deaths",1792,"Middlesex County",25017,512,"Asbestosis",2,"Female",27,"Age-standardized",1993,"Rate",0.0112197730449837,0.00572662944718343,0.0199986001185352
1,"Deaths",1792,"Middlesex County",25017,512,"Asbestosis",2,"Female",27,"Age-standardized",1994,"Rate",0.0114203620264382,0.00578616753698877,0.020167755194485
1,"Deaths",1792,"Middlesex County",25017,512,"Asbestosis",2,"Female",27,"Age-standardized",1995,"Rate",0.0117911957918894,0.00580756888984987,0.0211449362666029
1,"Deaths",1792,"Middlesex County",25017,512,"Asbestosis",2,"Female",27,"Age-standardized",1996,"Rate",0.0114714941521264,0.00556185822289349,0.0205586099409834
1,"Deaths",1792,"Middlesex County",25017,512,"Asbestosis",2,"Female",27,"Age-standardized",1997,"Rate",0.0121142361799658,0.00593734374607866,0.0221514092149282
1,"Deaths",1792,"Middlesex County",25017,512,"Asbestosis",2,"Female",27,"Age-standardized",1998,"Rate",0.0127002261470326,0.00613399980152497,0.0233052544949336
1,"Deaths",1792,"Middlesex County",25017,512,"Asbestosis",2,"Female",27,"Age-standardized",1999,"Rate",0.0129884011704728,0.00598082584109003,0.0239622403317492
1,"Deaths",1792,"Middlesex County",25017,512,"Asbestosis",2,"Female",27,"Age-standardized",2000,"Rate",0.0147433402880156,0.006707046075445,0.0277337395048922
1,"Deaths",1792,"Middlesex County",25017,512,"Asbestosis",2,"Female",27,"Age-standardized",2001,"Rate",0.0143683385632724,0.00654455142715064,0.0276596314258289
1,"Deaths",1792,"Middlesex County",25017,512,"Asbestosis",2,"Female",27,"Age-standardized",2002,"Rate",0.0152743837576947,0.00671254126266653,0.0289923991528203
1,"Deaths",1792,"Middlesex County",25017,512,"Asbestosis",2,"Female",27,"Age-standardized",2003,"Rate",0.015382404355207,0.00657521603943281,0.0301398597147805
1,"Deaths",1792,"Middlesex County",25017,512,"Asbestosis",2,"Female",27,"Age-standardized",2004,"Rate",0.0147858639381143,0.00649582258192007,0.028557612522957
1,"Deaths",1792,"Middlesex County",25017,512,"Asbestosis",2,"Female",27,"Age-standardized",2005,"Rate",0.0147134551179165,0.00632744382873988,0.0295275209317301
1,"Deaths",1792,"Middlesex County",25017,512,"Asbestosis",2,"Female",27,"Age-standardized",2006,"Rate",0.0142055597304841,0.00577726300684653,0.0275248702303942
1,"Deaths",1792,"Middlesex County",25017,512,"Asbestosis",2,"Female",27,"Age-standardized",2007,"Rate",0.0142870718129092,0.00570404621693668,0.0275190961057676
1,"Deaths",1792,"Middlesex County",25017,512,"Asbestosis",2,"Female",27,"Age-standardized",2008,"Rate",0.0142020996717261,0.00553407831917395,0.0290219982146924
1,"Deaths",1792,"Middlesex County",25017,512,"Asbestosis",2,"Female",27,"Age-standardized",2009,"Rate",0.0143712354717353,0.00561211946540194,0.0293467597649605
1,"Deaths",1792,"Middlesex County",25017,512,"Asbestosis",2,"Female",27,"Age-standardized",2010,"Rate",0.0141610773193733,0.00549664243852018,0.0298846002945774
1,"Deaths",1792,"Middlesex County",25017,512,"Asbestosis",2,"Female",27,"Age-standardized",2011,"Rate",0.0141991064894941,0.00517316685979804,0.0304645243769596
1,"Deaths",1792,"Middlesex County",25017,512,"Asbestosis",2,"Female",27,"Age-standardized",2012,"Rate",0.0137763626840583,0.00489545980900798,0.0296234790684464
1,"Deaths",1792,"Middlesex County",25017,512,"Asbestosis",2,"Female",27,"Age-standardized",2013,"Rate",0.0130930889643303,0.00474545425987387,0.0290607654339636
1,"Deaths",1792,"Middlesex County",25017,512,"Asbestosis",2,"Female",27,"Age-standardized",2014,"Rate",0.0135252167581843,0.00472029502037451,0.029991222984948
1,"Deaths",1792,"Middlesex County",25017,512,"Asbestosis",3,"Both",27,"Age-standardized",1980,"Rate",0.120347553576374,0.0730398964901587,0.177588920284536
1,"Deaths",1792,"Middlesex County",25017,512,"Asbestosis",3,"Both",27,"Age-standardized",1981,"Rate",0.112898309716573,0.0698588549569734,0.16299439040644
1,"Deaths",1792,"Middlesex County",25017,512,"Asbestosis",3,"Both",27,"Age-standardized",1982,"Rate",0.115320538669135,0.0750882454831703,0.171145081277166
1,"Deaths",1792,"Middlesex County",25017,512,"Asbestosis",3,"Both",27,"Age-standardized",1983,"Rate",0.124188232602234,0.0796740459862383,0.179081045770403
1,"Deaths",1792,"Middlesex County",25017,512,"Asbestosis",3,"Both",27,"Age-standardized",1984,"Rate",0.119720125766368,0.0784014318953183,0.168734427486035
1,"Deaths",1792,"Middlesex County",25017,512,"Asbestosis",3,"Both",27,"Age-standardized",1985,"Rate",0.126777088152168,0.0850389280438823,0.17530170682977
1,"Deaths",1792,"Middlesex County",25017,512,"Asbestosis",3,"Both",27,"Age-standardized",1986,"Rate",0.132187489081001,0.08790662775703,0.185954507277888
1,"Deaths",1792,"Middlesex County",25017,512,"Asbestosis",3,"Both",27,"Age-standardized",1987,"Rate",0.141593517933506,0.0964178671292858,0.195351603585399
1,"Deaths",1792,"Middlesex County",25017,512,"Asbestosis",3,"Both",27,"Age-standardized",1988,"Rate",0.135111008709441,0.0941091783262564,0.184895512197021
1,"Deaths",1792,"Middlesex County",25017,512,"Asbestosis",3,"Both",27,"Age-standardized",1989,"Rate",0.149948757288484,0.103354212997231,0.20091519349275
1,"Deaths",1792,"Middlesex County",25017,512,"Asbestosis",3,"Both",27,"Age-standardized",1990,"Rate",0.144031090731402,0.100249094832827,0.193514429292067
1,"Deaths",1792,"Middlesex County",25017,512,"Asbestosis",3,"Both",27,"Age-standardized",1991,"Rate",0.144145874345176,0.1020925991077,0.192240800611813
1,"Deaths",1792,"Middlesex County",25017,512,"Asbestosis",3,"Both",27,"Age-standardized",1992,"Rate",0.158240958622223,0.111839967276655,0.2103463103496
1,"Deaths",1792,"Middlesex County",25017,512,"Asbestosis",3,"Both",27,"Age-standardized",1993,"Rate",0.155938883529022,0.112255130969708,0.205599659511894
1,"Deaths",1792,"Middlesex County",25017,512,"Asbestosis",3,"Both",27,"Age-standardized",1994,"Rate",0.169377973502202,0.122130726980449,0.225075729943975
1,"Deaths",1792,"Middlesex County",25017,512,"Asbestosis",3,"Both",27,"Age-standardized",1995,"Rate",0.166323202893003,0.11607193213507,0.220241610539695
1,"Deaths",1792,"Middlesex County",25017,512,"Asbestosis",3,"Both",27,"Age-standardized",1996,"Rate",0.174883539028805,0.126307390446543,0.229424113876623
1,"Deaths",1792,"Middlesex County",25017,512,"Asbestosis",3,"Both",27,"Age-standardized",1997,"Rate",0.17899885179508,0.131118519312193,0.239774625793198
1,"Deaths",1792,"Middlesex County",25017,512,"Asbestosis",3,"Both",27,"Age-standardized",1998,"Rate",0.194678267011515,0.141828535636318,0.258581843105991
1,"Deaths",1792,"Middlesex County",25017,512,"Asbestosis",3,"Both",27,"Age-standardized",1999,"Rate",0.199390556243511,0.144773648939636,0.265160007442163
1,"Deaths",1792,"Middlesex County",25017,512,"Asbestosis",3,"Both",27,"Age-standardized",2000,"Rate",0.202083265643308,0.148942886356577,0.268644576256689
1,"Deaths",1792,"Middlesex County",25017,512,"Asbestosis",3,"Both",27,"Age-standardized",2001,"Rate",0.202223925321511,0.150351189340267,0.27184728039702
1,"Deaths",1792,"Middlesex County",25017,512,"Asbestosis",3,"Both",27,"Age-standardized",2002,"Rate",0.193220993072027,0.139490535347156,0.260689644027497
1,"Deaths",1792,"Middlesex County",25017,512,"Asbestosis",3,"Both",27,"Age-standardized",2003,"Rate",0.20717106775519,0.150764563195435,0.272499259623001
1,"Deaths",1792,"Middlesex County",25017,512,"Asbestosis",3,"Both",27,"Age-standardized",2004,"Rate",0.193046430814652,0.143106397738865,0.264911598534548
1,"Deaths",1792,"Middlesex County",25017,512,"Asbestosis",3,"Both",27,"Age-standardized",2005,"Rate",0.19387297762608,0.137415380855099,0.259865168277944
1,"Deaths",1792,"Middlesex County",25017,512,"Asbestosis",3,"Both",27,"Age-standardized",2006,"Rate",0.185866562557176,0.132707768006265,0.253196440990174
1,"Deaths",1792,"Middlesex County",25017,512,"Asbestosis",3,"Both",27,"Age-standardized",2007,"Rate",0.186245823876344,0.13204258022275,0.253315635477015
1,"Deaths",1792,"Middlesex County",25017,512,"Asbestosis",3,"Both",27,"Age-standardized",2008,"Rate",0.187143714156666,0.131709686486164,0.256427419467444
1,"Deaths",1792,"Middlesex County",25017,512,"Asbestosis",3,"Both",27,"Age-standardized",2009,"Rate",0.166827602536054,0.117579773702546,0.234085990149451
1,"Deaths",1792,"Middlesex County",25017,512,"Asbestosis",3,"Both",27,"Age-standardized",2010,"Rate",0.167463317553457,0.115989860926035,0.236861292266117
1,"Deaths",1792,"Middlesex County",25017,512,"Asbestosis",3,"Both",27,"Age-standardized",2011,"Rate",0.163243317400401,0.111894270437081,0.227656787592929
1,"Deaths",1792,"Middlesex County",25017,512,"Asbestosis",3,"Both",27,"Age-standardized",2012,"Rate",0.158781193757511,0.107572337221677,0.226796355665094
1,"Deaths",1792,"Middlesex County",25017,512,"Asbestosis",3,"Both",27,"Age-standardized",2013,"Rate",0.156297045255559,0.104278724206909,0.218648525647816
1,"Deaths",1792,"Middlesex County",25017,512,"Asbestosis",3,"Both",27,"Age-standardized",2014,"Rate",0.157475088699307,0.107682184739204,0.225481980661237
1,"Deaths",1802,"Nantucket County",25019,512,"Asbestosis",1,"Male",27,"Age-standardized",1980,"Rate",0.125279374936751,0.00630995346048247,0.526136262172485
1,"Deaths",1802,"Nantucket County",25019,512,"Asbestosis",1,"Male",27,"Age-standardized",1981,"Rate",0.123353931640698,0.00621153449078227,0.521764834801654
1,"Deaths",1802,"Nantucket County",25019,512,"Asbestosis",1,"Male",27,"Age-standardized",1982,"Rate",0.125388706934564,0.00693553213575364,0.515460184036826
1,"Deaths",1802,"Nantucket County",25019,512,"Asbestosis",1,"Male",27,"Age-standardized",1983,"Rate",0.133504385278926,0.00755716753160877,0.560638631723354
1,"Deaths",1802,"Nantucket County",25019,512,"Asbestosis",1,"Male",27,"Age-standardized",1984,"Rate",0.136262169983641,0.00793743041948497,0.551525556033777
1,"Deaths",1802,"Nantucket County",25019,512,"Asbestosis",1,"Male",27,"Age-standardized",1985,"Rate",0.146960631617556,0.00779872694497876,0.619315742697893
1,"Deaths",1802,"Nantucket County",25019,512,"Asbestosis",1,"Male",27,"Age-standardized",1986,"Rate",0.156433759527596,0.00819265998444727,0.642680261576871
1,"Deaths",1802,"Nantucket County",25019,512,"Asbestosis",1,"Male",27,"Age-standardized",1987,"Rate",0.162521454590427,0.00930008486262908,0.694364254366902
1,"Deaths",1802,"Nantucket County",25019,512,"Asbestosis",1,"Male",27,"Age-standardized",1988,"Rate",0.172440665080443,0.00981376512925044,0.724833023191687
1,"Deaths",1802,"Nantucket County",25019,512,"Asbestosis",1,"Male",27,"Age-standardized",1989,"Rate",0.182665804108944,0.00924713587009439,0.759796303839999
1,"Deaths",1802,"Nantucket County",25019,512,"Asbestosis",1,"Male",27,"Age-standardized",1990,"Rate",0.18363371212877,0.00980202156853903,0.8268025787479
1,"Deaths",1802,"Nantucket County",25019,512,"Asbestosis",1,"Male",27,"Age-standardized",1991,"Rate",0.189090160500796,0.0111284314502591,0.832492850672186
1,"Deaths",1802,"Nantucket County",25019,512,"Asbestosis",1,"Male",27,"Age-standardized",1992,"Rate",0.199446833517187,0.0112520088089434,0.925841716199776
1,"Deaths",1802,"Nantucket County",25019,512,"Asbestosis",1,"Male",27,"Age-standardized",1993,"Rate",0.208003421395716,0.0121272277895111,0.910220774122281
1,"Deaths",1802,"Nantucket County",25019,512,"Asbestosis",1,"Male",27,"Age-standardized",1994,"Rate",0.219671490759617,0.0127466452665147,0.967593377474714
1,"Deaths",1802,"Nantucket County",25019,512,"Asbestosis",1,"Male",27,"Age-standardized",1995,"Rate",0.226183051381733,0.0129444053153213,1.04498346881108
1,"Deaths",1802,"Nantucket County",25019,512,"Asbestosis",1,"Male",27,"Age-standardized",1996,"Rate",0.235457130727193,0.0133040710174009,1.15507294214647
1,"Deaths",1802,"Nantucket County",25019,512,"Asbestosis",1,"Male",27,"Age-standardized",1997,"Rate",0.24530783842219,0.0131702976869752,1.14843145472483
1,"Deaths",1802,"Nantucket County",25019,512,"Asbestosis",1,"Male",27,"Age-standardized",1998,"Rate",0.256960278444459,0.0133266153015144,1.30827375441058
1,"Deaths",1802,"Nantucket County",25019,512,"Asbestosis",1,"Male",27,"Age-standardized",1999,"Rate",0.273898228311813,0.0144943399966917,1.33686751780769
1,"Deaths",1802,"Nantucket County",25019,512,"Asbestosis",1,"Male",27,"Age-standardized",2000,"Rate",0.282692379768282,0.0132219031361365,1.48421292047902
1,"Deaths",1802,"Nantucket County",25019,512,"Asbestosis",1,"Male",27,"Age-standardized",2001,"Rate",0.292484203546951,0.0135132670891291,1.59491318553578
1,"Deaths",1802,"Nantucket County",25019,512,"Asbestosis",1,"Male",27,"Age-standardized",2002,"Rate",0.30537312176674,0.012701099229932,1.53922015973003
1,"Deaths",1802,"Nantucket County",25019,512,"Asbestosis",1,"Male",27,"Age-standardized",2003,"Rate",0.316409015386416,0.0128400424381237,1.60740875187175
1,"Deaths",1802,"Nantucket County",25019,512,"Asbestosis",1,"Male",27,"Age-standardized",2004,"Rate",0.297822680248547,0.0118797659536893,1.5887659640747
1,"Deaths",1802,"Nantucket County",25019,512,"Asbestosis",1,"Male",27,"Age-standardized",2005,"Rate",0.282404494413611,0.0103858863046639,1.52830547799992
1,"Deaths",1802,"Nantucket County",25019,512,"Asbestosis",1,"Male",27,"Age-standardized",2006,"Rate",0.266899715435533,0.00913395117644341,1.48414569054247
1,"Deaths",1802,"Nantucket County",25019,512,"Asbestosis",1,"Male",27,"Age-standardized",2007,"Rate",0.269803122933391,0.00948104472832062,1.56591520431715
1,"Deaths",1802,"Nantucket County",25019,512,"Asbestosis",1,"Male",27,"Age-standardized",2008,"Rate",0.275170555583911,0.00903191059069255,1.52286836909016
1,"Deaths",1802,"Nantucket County",25019,512,"Asbestosis",1,"Male",27,"Age-standardized",2009,"Rate",0.278730092822957,0.00789734374673469,1.53283341067267
1,"Deaths",1802,"Nantucket County",25019,512,"Asbestosis",1,"Male",27,"Age-standardized",2010,"Rate",0.281360975903896,0.00786307338820475,1.55146813903836
1,"Deaths",1802,"Nantucket County",25019,512,"Asbestosis",1,"Male",27,"Age-standardized",2011,"Rate",0.262177328724958,0.0062849116085197,1.42418180455413
1,"Deaths",1802,"Nantucket County",25019,512,"Asbestosis",1,"Male",27,"Age-standardized",2012,"Rate",0.26283443444859,0.00618556109180522,1.50049982879733
1,"Deaths",1802,"Nantucket County",25019,512,"Asbestosis",1,"Male",27,"Age-standardized",2013,"Rate",0.26270718730887,0.00544271453053843,1.42585473698943
1,"Deaths",1802,"Nantucket County",25019,512,"Asbestosis",1,"Male",27,"Age-standardized",2014,"Rate",0.266206978040177,0.00486616701743155,1.60838854889244
1,"Deaths",1802,"Nantucket County",25019,512,"Asbestosis",2,"Female",27,"Age-standardized",1980,"Rate",0.0127652029406543,0.00184885357447635,0.0495225554459289
1,"Deaths",1802,"Nantucket County",25019,512,"Asbestosis",2,"Female",27,"Age-standardized",1981,"Rate",0.0128072419181743,0.00185552235248986,0.0491374140106274
1,"Deaths",1802,"Nantucket County",25019,512,"Asbestosis",2,"Female",27,"Age-standardized",1982,"Rate",0.0128023138395662,0.00186574397749091,0.0502445962803919
1,"Deaths",1802,"Nantucket County",25019,512,"Asbestosis",2,"Female",27,"Age-standardized",1983,"Rate",0.0134126421128392,0.00184472333833258,0.0530188015199893
1,"Deaths",1802,"Nantucket County",25019,512,"Asbestosis",2,"Female",27,"Age-standardized",1984,"Rate",0.0135288014865459,0.00177503803594339,0.0557122096392748
1,"Deaths",1802,"Nantucket County",25019,512,"Asbestosis",2,"Female",27,"Age-standardized",1985,"Rate",0.0142085767664525,0.00179718243267067,0.0564382947250794
1,"Deaths",1802,"Nantucket County",25019,512,"Asbestosis",2,"Female",27,"Age-standardized",1986,"Rate",0.0154859099154984,0.00185035480377328,0.0665856208096526
1,"Deaths",1802,"Nantucket County",25019,512,"Asbestosis",2,"Female",27,"Age-standardized",1987,"Rate",0.0162893011898168,0.00182839982846967,0.0689653457374229
1,"Deaths",1802,"Nantucket County",25019,512,"Asbestosis",2,"Female",27,"Age-standardized",1988,"Rate",0.0170561636633977,0.00184119992675777,0.0744548428693969
1,"Deaths",1802,"Nantucket County",25019,512,"Asbestosis",2,"Female",27,"Age-standardized",1989,"Rate",0.0181497032672445,0.00190457759240711,0.077042009695853
1,"Deaths",1802,"Nantucket County",25019,512,"Asbestosis",2,"Female",27,"Age-standardized",1990,"Rate",0.0195676006670487,0.00190242393542916,0.086785724678569
1,"Deaths",1802,"Nantucket County",25019,512,"Asbestosis",2,"Female",27,"Age-standardized",1991,"Rate",0.0208734888342147,0.00189433204513104,0.0973265494674529
1,"Deaths",1802,"Nantucket County",25019,512,"Asbestosis",2,"Female",27,"Age-standardized",1992,"Rate",0.0207006281288909,0.00175534737578201,0.0953231343675893
1,"Deaths",1802,"Nantucket County",25019,512,"Asbestosis",2,"Female",27,"Age-standardized",1993,"Rate",0.0212436604403172,0.00163676882280275,0.100202782010242
1,"Deaths",1802,"Nantucket County",25019,512,"Asbestosis",2,"Female",27,"Age-standardized",1994,"Rate",0.0221668290430229,0.00166688740973348,0.107452729466713
1,"Deaths",1802,"Nantucket County",25019,512,"Asbestosis",2,"Female",27,"Age-standardized",1995,"Rate",0.0228676564152033,0.00159172403442451,0.117016614009087
1,"Deaths",1802,"Nantucket County",25019,512,"Asbestosis",2,"Female",27,"Age-standardized",1996,"Rate",0.0235477723269301,0.00160676672678132,0.123142089838166
1,"Deaths",1802,"Nantucket County",25019,512,"Asbestosis",2,"Female",27,"Age-standardized",1997,"Rate",0.0254527441184222,0.00153852682960026,0.131436390229549
1,"Deaths",1802,"Nantucket County",25019,512,"Asbestosis",2,"Female",27,"Age-standardized",1998,"Rate",0.0272939830295056,0.00150391837359332,0.149400295755498
1,"Deaths",1802,"Nantucket County",25019,512,"Asbestosis",2,"Female",27,"Age-standardized",1999,"Rate",0.0285725197917832,0.00153499797777683,0.156288049626626
1,"Deaths",1802,"Nantucket County",25019,512,"Asbestosis",2,"Female",27,"Age-standardized",2000,"Rate",0.0319556583860219,0.00152833933058323,0.186030793750035
1,"Deaths",1802,"Nantucket County",25019,512,"Asbestosis",2,"Female",27,"Age-standardized",2001,"Rate",0.0315526183765551,0.00152463357929856,0.187537499782918
1,"Deaths",1802,"Nantucket County",25019,512,"Asbestosis",2,"Female",27,"Age-standardized",2002,"Rate",0.0336010919118481,0.00156799727644271,0.195377795031131
1,"Deaths",1802,"Nantucket County",25019,512,"Asbestosis",2,"Female",27,"Age-standardized",2003,"Rate",0.035751172015321,0.00147582011498804,0.213217971486054
1,"Deaths",1802,"Nantucket County",25019,512,"Asbestosis",2,"Female",27,"Age-standardized",2004,"Rate",0.0346153567508192,0.00130326315870081,0.199779872433782
1,"Deaths",1802,"Nantucket County",25019,512,"Asbestosis",2,"Female",27,"Age-standardized",2005,"Rate",0.0339187830120153,0.0012761879837686,0.198882829937462
1,"Deaths",1802,"Nantucket County",25019,512,"Asbestosis",2,"Female",27,"Age-standardized",2006,"Rate",0.0327573163874496,0.0012179628862278,0.209795868877158
1,"Deaths",1802,"Nantucket County",25019,512,"Asbestosis",2,"Female",27,"Age-standardized",2007,"Rate",0.0328791896699409,0.00113004462135101,0.209740047154366
1,"Deaths",1802,"Nantucket County",25019,512,"Asbestosis",2,"Female",27,"Age-standardized",2008,"Rate",0.0327546449152376,0.00108159869265764,0.208195852827974
1,"Deaths",1802,"Nantucket County",25019,512,"Asbestosis",2,"Female",27,"Age-standardized",2009,"Rate",0.0343957945505652,0.00103271409805237,0.207217683817852
1,"Deaths",1802,"Nantucket County",25019,512,"Asbestosis",2,"Female",27,"Age-standardized",2010,"Rate",0.0351623159944503,0.00107365894690716,0.21532375121131
1,"Deaths",1802,"Nantucket County",25019,512,"Asbestosis",2,"Female",27,"Age-standardized",2011,"Rate",0.0364531654662969,0.000967116439178921,0.236338350400634
1,"Deaths",1802,"Nantucket County",25019,512,"Asbestosis",2,"Female",27,"Age-standardized",2012,"Rate",0.036770751146334,0.000972799869108507,0.240149920182579
1,"Deaths",1802,"Nantucket County",25019,512,"Asbestosis",2,"Female",27,"Age-standardized",2013,"Rate",0.0357057781005896,0.000852905655741646,0.230933209137099
1,"Deaths",1802,"Nantucket County",25019,512,"Asbestosis",2,"Female",27,"Age-standardized",2014,"Rate",0.0379212589468532,0.000817810893105338,0.258640399194216
1,"Deaths",1802,"Nantucket County",25019,512,"Asbestosis",3,"Both",27,"Age-standardized",1980,"Rate",0.0530578079815645,0.00571734774232492,0.199529657763958
1,"Deaths",1802,"Nantucket County",25019,512,"Asbestosis",3,"Both",27,"Age-standardized",1981,"Rate",0.0528975643419666,0.00562791548681774,0.196541121925787
1,"Deaths",1802,"Nantucket County",25019,512,"Asbestosis",3,"Both",27,"Age-standardized",1982,"Rate",0.0535390254338129,0.00606945174917938,0.196775137153952
1,"Deaths",1802,"Nantucket County",25019,512,"Asbestosis",3,"Both",27,"Age-standardized",1983,"Rate",0.0567379060138038,0.00646097187382145,0.218241447283335
1,"Deaths",1802,"Nantucket County",25019,512,"Asbestosis",3,"Both",27,"Age-standardized",1984,"Rate",0.0584370676155635,0.00656486988836683,0.214978733810576
1,"Deaths",1802,"Nantucket County",25019,512,"Asbestosis",3,"Both",27,"Age-standardized",1985,"Rate",0.0622530344582683,0.00752796362099224,0.237372644671804
1,"Deaths",1802,"Nantucket County",25019,512,"Asbestosis",3,"Both",27,"Age-standardized",1986,"Rate",0.0666169790064184,0.00797903899237719,0.239445245542676
1,"Deaths",1802,"Nantucket County",25019,512,"Asbestosis",3,"Both",27,"Age-standardized",1987,"Rate",0.0698650782278627,0.00830859910027519,0.257444303554216
1,"Deaths",1802,"Nantucket County",25019,512,"Asbestosis",3,"Both",27,"Age-standardized",1988,"Rate",0.0745662708951903,0.00897620569087023,0.283901745619636
1,"Deaths",1802,"Nantucket County",25019,512,"Asbestosis",3,"Both",27,"Age-standardized",1989,"Rate",0.0792690764185851,0.00909517695170341,0.293579989263056
1,"Deaths",1802,"Nantucket County",25019,512,"Asbestosis",3,"Both",27,"Age-standardized",1990,"Rate",0.0800841496831195,0.00871743476018391,0.308864297901662
1,"Deaths",1802,"Nantucket County",25019,512,"Asbestosis",3,"Both",27,"Age-standardized",1991,"Rate",0.0830351755560053,0.00986731638737164,0.317174787695318
1,"Deaths",1802,"Nantucket County",25019,512,"Asbestosis",3,"Both",27,"Age-standardized",1992,"Rate",0.0871293798121327,0.00971701990725364,0.36124969829458
1,"Deaths",1802,"Nantucket County",25019,512,"Asbestosis",3,"Both",27,"Age-standardized",1993,"Rate",0.0904679236450612,0.00978810069220625,0.346030214871396
1,"Deaths",1802,"Nantucket County",25019,512,"Asbestosis",3,"Both",27,"Age-standardized",1994,"Rate",0.0957750179195472,0.0102933318379085,0.371847545717549
1,"Deaths",1802,"Nantucket County",25019,512,"Asbestosis",3,"Both",27,"Age-standardized",1995,"Rate",0.0992657971554582,0.010702400996532,0.413202985693827
1,"Deaths",1802,"Nantucket County",25019,512,"Asbestosis",3,"Both",27,"Age-standardized",1996,"Rate",0.103156241221897,0.0107038525268684,0.448181332631642
1,"Deaths",1802,"Nantucket County",25019,512,"Asbestosis",3,"Both",27,"Age-standardized",1997,"Rate",0.108341343494998,0.0106776727897331,0.460062647971037
1,"Deaths",1802,"Nantucket County",25019,512,"Asbestosis",3,"Both",27,"Age-standardized",1998,"Rate",0.113589862862222,0.0107654929033353,0.511129812416661
1,"Deaths",1802,"Nantucket County",25019,512,"Asbestosis",3,"Both",27,"Age-standardized",1999,"Rate",0.12099867288933,0.0106876230268131,0.504184809027692
1,"Deaths",1802,"Nantucket County",25019,512,"Asbestosis",3,"Both",27,"Age-standardized",2000,"Rate",0.127034863807246,0.0107576778065311,0.569461497095243
1,"Deaths",1802,"Nantucket County",25019,512,"Asbestosis",3,"Both",27,"Age-standardized",2001,"Rate",0.130346962120111,0.0110393070542071,0.613610241345412
1,"Deaths",1802,"Nantucket County",25019,512,"Asbestosis",3,"Both",27,"Age-standardized",2002,"Rate",0.136903291797304,0.0109950099539536,0.611789522804496
1,"Deaths",1802,"Nantucket County",25019,512,"Asbestosis",3,"Both",27,"Age-standardized",2003,"Rate",0.145658664784557,0.0111147968501851,0.653257215373143
1,"Deaths",1802,"Nantucket County",25019,512,"Asbestosis",3,"Both",27,"Age-standardized",2004,"Rate",0.134026160368378,0.00984726815061478,0.625634144864868
1,"Deaths",1802,"Nantucket County",25019,512,"Asbestosis",3,"Both",27,"Age-standardized",2005,"Rate",0.128857645165047,0.00932500037347629,0.604893538937993
1,"Deaths",1802,"Nantucket County",25019,512,"Asbestosis",3,"Both",27,"Age-standardized",2006,"Rate",0.121790419950712,0.00848848850041051,0.583228516086362
1,"Deaths",1802,"Nantucket County",25019,512,"Asbestosis",3,"Both",27,"Age-standardized",2007,"Rate",0.123148468580744,0.00820522637625501,0.607274120222556
1,"Deaths",1802,"Nantucket County",25019,512,"Asbestosis",3,"Both",27,"Age-standardized",2008,"Rate",0.128172655843297,0.00779667340484764,0.630373464379198
1,"Deaths",1802,"Nantucket County",25019,512,"Asbestosis",3,"Both",27,"Age-standardized",2009,"Rate",0.128007602771428,0.00730021265962809,0.611551998214509
1,"Deaths",1802,"Nantucket County",25019,512,"Asbestosis",3,"Both",27,"Age-standardized",2010,"Rate",0.132180486735256,0.00758407387319584,0.639512374961732
1,"Deaths",1802,"Nantucket County",25019,512,"Asbestosis",3,"Both",27,"Age-standardized",2011,"Rate",0.124118336429525,0.00701539094961062,0.593086344932351
1,"Deaths",1802,"Nantucket County",25019,512,"Asbestosis",3,"Both",27,"Age-standardized",2012,"Rate",0.12676092471462,0.00617213342538678,0.622297510743224
1,"Deaths",1802,"Nantucket County",25019,512,"Asbestosis",3,"Both",27,"Age-standardized",2013,"Rate",0.124970825325756,0.00587220142837073,0.598298256102049
1,"Deaths",1802,"Nantucket County",25019,512,"Asbestosis",3,"Both",27,"Age-standardized",2014,"Rate",0.127663053397382,0.00583166477424377,0.654030552843053
1,"Deaths",1798,"Norfolk County",25021,512,"Asbestosis",1,"Male",27,"Age-standardized",1980,"Rate",0.504575791816987,0.285572692133884,0.79376787174819
1,"Deaths",1798,"Norfolk County",25021,512,"Asbestosis",1,"Male",27,"Age-standardized",1981,"Rate",0.508279009464741,0.290440440307677,0.770640317810061
1,"Deaths",1798,"Norfolk County",25021,512,"Asbestosis",1,"Male",27,"Age-standardized",1982,"Rate",0.542475525763825,0.315877216281947,0.828945219916378
1,"Deaths",1798,"Norfolk County",25021,512,"Asbestosis",1,"Male",27,"Age-standardized",1983,"Rate",0.573537775127951,0.342866251910265,0.859930544531925
1,"Deaths",1798,"Norfolk County",25021,512,"Asbestosis",1,"Male",27,"Age-standardized",1984,"Rate",0.567087352473311,0.33684693895982,0.858595616491809
1,"Deaths",1798,"Norfolk County",25021,512,"Asbestosis",1,"Male",27,"Age-standardized",1985,"Rate",0.621407161802178,0.371323140964937,0.896904504358741
1,"Deaths",1798,"Norfolk County",25021,512,"Asbestosis",1,"Male",27,"Age-standardized",1986,"Rate",0.678358119085025,0.430051702379237,0.983035275009511
1,"Deaths",1798,"Norfolk County",25021,512,"Asbestosis",1,"Male",27,"Age-standardized",1987,"Rate",0.648433458228953,0.409219046228752,0.9370944633142
1,"Deaths",1798,"Norfolk County",25021,512,"Asbestosis",1,"Male",27,"Age-standardized",1988,"Rate",0.728765153341276,0.466030504211014,1.0386425655508
1,"Deaths",1798,"Norfolk County",25021,512,"Asbestosis",1,"Male",27,"Age-standardized",1989,"Rate",0.725080993947945,0.476270378612582,1.00929270555183
1,"Deaths",1798,"Norfolk County",25021,512,"Asbestosis",1,"Male",27,"Age-standardized",1990,"Rate",0.715686451436696,0.467501554401989,1.01496877358602
1,"Deaths",1798,"Norfolk County",25021,512,"Asbestosis",1,"Male",27,"Age-standardized",1991,"Rate",0.726662914772344,0.491262958080348,1.02608703491068
1,"Deaths",1798,"Norfolk County",25021,512,"Asbestosis",1,"Male",27,"Age-standardized",1992,"Rate",0.784053240888387,0.535019667931851,1.10619933591375
1,"Deaths",1798,"Norfolk County",25021,512,"Asbestosis",1,"Male",27,"Age-standardized",1993,"Rate",0.768429773836505,0.529340055269924,1.06858047293932
1,"Deaths",1798,"Norfolk County",25021,512,"Asbestosis",1,"Male",27,"Age-standardized",1994,"Rate",0.804082045741603,0.557923993786143,1.10793093993577
1,"Deaths",1798,"Norfolk County",25021,512,"Asbestosis",1,"Male",27,"Age-standardized",1995,"Rate",0.825517184365728,0.564105520380054,1.12563099879389
1,"Deaths",1798,"Norfolk County",25021,512,"Asbestosis",1,"Male",27,"Age-standardized",1996,"Rate",0.848040541689109,0.600869958706996,1.1519703152389
1,"Deaths",1798,"Norfolk County",25021,512,"Asbestosis",1,"Male",27,"Age-standardized",1997,"Rate",0.892355407079988,0.625678117875986,1.23870228607691
1,"Deaths",1798,"Norfolk County",25021,512,"Asbestosis",1,"Male",27,"Age-standardized",1998,"Rate",0.877155664939022,0.601753897801718,1.22204533565527
1,"Deaths",1798,"Norfolk County",25021,512,"Asbestosis",1,"Male",27,"Age-standardized",1999,"Rate",0.96393652115455,0.669265022953093,1.30470287595123
1,"Deaths",1798,"Norfolk County",25021,512,"Asbestosis",1,"Male",27,"Age-standardized",2000,"Rate",0.932355716557103,0.647336139691859,1.2727259237511
1,"Deaths",1798,"Norfolk County",25021,512,"Asbestosis",1,"Male",27,"Age-standardized",2001,"Rate",1.00029299106459,0.702453580655695,1.36163161989245
1,"Deaths",1798,"Norfolk County",25021,512,"Asbestosis",1,"Male",27,"Age-standardized",2002,"Rate",0.979953714612308,0.68790029761459,1.31635826893091
1,"Deaths",1798,"Norfolk County",25021,512,"Asbestosis",1,"Male",27,"Age-standardized",2003,"Rate",0.995746801403589,0.704787192184602,1.36798411490079
1,"Deaths",1798,"Norfolk County",25021,512,"Asbestosis",1,"Male",27,"Age-standardized",2004,"Rate",0.888125527293621,0.621088931021096,1.20257052493678
1,"Deaths",1798,"Norfolk County",25021,512,"Asbestosis",1,"Male",27,"Age-standardized",2005,"Rate",0.927447334634425,0.649257823549094,1.24127917444562
1,"Deaths",1798,"Norfolk County",25021,512,"Asbestosis",1,"Male",27,"Age-standardized",2006,"Rate",0.878306486389367,0.619094826518989,1.18872702910132
1,"Deaths",1798,"Norfolk County",25021,512,"Asbestosis",1,"Male",27,"Age-standardized",2007,"Rate",0.905718691967732,0.627168929372414,1.2362647825896
1,"Deaths",1798,"Norfolk County",25021,512,"Asbestosis",1,"Male",27,"Age-standardized",2008,"Rate",0.85944056362716,0.596839087601152,1.18921215537889
1,"Deaths",1798,"Norfolk County",25021,512,"Asbestosis",1,"Male",27,"Age-standardized",2009,"Rate",0.832198604108109,0.582114142247492,1.17609098711556
1,"Deaths",1798,"Norfolk County",25021,512,"Asbestosis",1,"Male",27,"Age-standardized",2010,"Rate",0.81274757863385,0.549724615352963,1.162397014082
1,"Deaths",1798,"Norfolk County",25021,512,"Asbestosis",1,"Male",27,"Age-standardized",2011,"Rate",0.801866901562285,0.55480370489594,1.11651738301332
1,"Deaths",1798,"Norfolk County",25021,512,"Asbestosis",1,"Male",27,"Age-standardized",2012,"Rate",0.755857638779196,0.506573032701173,1.08288574840763
1,"Deaths",1798,"Norfolk County",25021,512,"Asbestosis",1,"Male",27,"Age-standardized",2013,"Rate",0.742295416534548,0.488435971977888,1.07306044666973
1,"Deaths",1798,"Norfolk County",25021,512,"Asbestosis",1,"Male",27,"Age-standardized",2014,"Rate",0.811787816876867,0.524280594443677,1.18046100319989
1,"Deaths",1798,"Norfolk County",25021,512,"Asbestosis",2,"Female",27,"Age-standardized",1980,"Rate",0.0101976486032619,0.00502776303156233,0.0188006213380133
1,"Deaths",1798,"Norfolk County",25021,512,"Asbestosis",2,"Female",27,"Age-standardized",1981,"Rate",0.0097067521364384,0.00484411292019365,0.0181284200536157
1,"Deaths",1798,"Norfolk County",25021,512,"Asbestosis",2,"Female",27,"Age-standardized",1982,"Rate",0.0097284514981723,0.00475797247565005,0.0175795595537221
1,"Deaths",1798,"Norfolk County",25021,512,"Asbestosis",2,"Female",27,"Age-standardized",1983,"Rate",0.0102433080315173,0.00532916754215084,0.0184909922265929
1,"Deaths",1798,"Norfolk County",25021,512,"Asbestosis",2,"Female",27,"Age-standardized",1984,"Rate",0.0101653095890448,0.00522416413040332,0.0177923049700794
1,"Deaths",1798,"Norfolk County",25021,512,"Asbestosis",2,"Female",27,"Age-standardized",1985,"Rate",0.0109686745232192,0.00555681814155476,0.0191487790243169
1,"Deaths",1798,"Norfolk County",25021,512,"Asbestosis",2,"Female",27,"Age-standardized",1986,"Rate",0.0115384695254998,0.0058581704675967,0.0205772551647444
1,"Deaths",1798,"Norfolk County",25021,512,"Asbestosis",2,"Female",27,"Age-standardized",1987,"Rate",0.0121869014242763,0.00612821337288918,0.0228574015898506
1,"Deaths",1798,"Norfolk County",25021,512,"Asbestosis",2,"Female",27,"Age-standardized",1988,"Rate",0.0124837792587922,0.00633405372420554,0.0229771455632078
1,"Deaths",1798,"Norfolk County",25021,512,"Asbestosis",2,"Female",27,"Age-standardized",1989,"Rate",0.0130952488624837,0.00657916902450832,0.023793836538576
1,"Deaths",1798,"Norfolk County",25021,512,"Asbestosis",2,"Female",27,"Age-standardized",1990,"Rate",0.0141918951791196,0.0070728886134543,0.026416389979206
1,"Deaths",1798,"Norfolk County",25021,512,"Asbestosis",2,"Female",27,"Age-standardized",1991,"Rate",0.0146931919049136,0.00726073603404228,0.027836893168455
1,"Deaths",1798,"Norfolk County",25021,512,"Asbestosis",2,"Female",27,"Age-standardized",1992,"Rate",0.0146475077713594,0.00730157137047178,0.0274647792001855
1,"Deaths",1798,"Norfolk County",25021,512,"Asbestosis",2,"Female",27,"Age-standardized",1993,"Rate",0.0143428389177612,0.00690765883418564,0.0264841772090558
1,"Deaths",1798,"Norfolk County",25021,512,"Asbestosis",2,"Female",27,"Age-standardized",1994,"Rate",0.0152646959627178,0.00709515693765411,0.0299586131261279
1,"Deaths",1798,"Norfolk County",25021,512,"Asbestosis",2,"Female",27,"Age-standardized",1995,"Rate",0.015583573628339,0.00729404954675353,0.0292448637595983
1,"Deaths",1798,"Norfolk County",25021,512,"Asbestosis",2,"Female",27,"Age-standardized",1996,"Rate",0.0152746392660007,0.00708470136514532,0.0287897852618643
1,"Deaths",1798,"Norfolk County",25021,512,"Asbestosis",2,"Female",27,"Age-standardized",1997,"Rate",0.0164048962234984,0.0074647426172804,0.0306835139903256
1,"Deaths",1798,"Norfolk County",25021,512,"Asbestosis",2,"Female",27,"Age-standardized",1998,"Rate",0.0173441183809108,0.00798005552933222,0.0326024118558105
1,"Deaths",1798,"Norfolk County",25021,512,"Asbestosis",2,"Female",27,"Age-standardized",1999,"Rate",0.0175009490847119,0.00785705879457921,0.033482871352353
1,"Deaths",1798,"Norfolk County",25021,512,"Asbestosis",2,"Female",27,"Age-standardized",2000,"Rate",0.0200174982505035,0.00872701846497907,0.0384126784156993
1,"Deaths",1798,"Norfolk County",25021,512,"Asbestosis",2,"Female",27,"Age-standardized",2001,"Rate",0.0195097731028896,0.00835489314276621,0.0373573538143424
1,"Deaths",1798,"Norfolk County",25021,512,"Asbestosis",2,"Female",27,"Age-standardized",2002,"Rate",0.0212551852717392,0.0093823171793306,0.0417565638317101
1,"Deaths",1798,"Norfolk County",25021,512,"Asbestosis",2,"Female",27,"Age-standardized",2003,"Rate",0.0215529610988186,0.0090820504547815,0.0433516096945368
1,"Deaths",1798,"Norfolk County",25021,512,"Asbestosis",2,"Female",27,"Age-standardized",2004,"Rate",0.0208806211845319,0.00897953717909833,0.0421431217000752
1,"Deaths",1798,"Norfolk County",25021,512,"Asbestosis",2,"Female",27,"Age-standardized",2005,"Rate",0.019724039826596,0.00820618053229368,0.0400016216188763
1,"Deaths",1798,"Norfolk County",25021,512,"Asbestosis",2,"Female",27,"Age-standardized",2006,"Rate",0.019996534020468,0.00850105993640376,0.041233555980847
1,"Deaths",1798,"Norfolk County",25021,512,"Asbestosis",2,"Female",27,"Age-standardized",2007,"Rate",0.0200956667347643,0.00817418189674873,0.0420219990535263
1,"Deaths",1798,"Norfolk County",25021,512,"Asbestosis",2,"Female",27,"Age-standardized",2008,"Rate",0.0195330927205003,0.00788280175676105,0.0417790193594849
1,"Deaths",1798,"Norfolk County",25021,512,"Asbestosis",2,"Female",27,"Age-standardized",2009,"Rate",0.0202627389270289,0.00791876690511704,0.0432824644768745
1,"Deaths",1798,"Norfolk County",25021,512,"Asbestosis",2,"Female",27,"Age-standardized",2010,"Rate",0.0195699283691014,0.00737975806354633,0.0419064546875071
1,"Deaths",1798,"Norfolk County",25021,512,"Asbestosis",2,"Female",27,"Age-standardized",2011,"Rate",0.0200590521349889,0.00743049459370004,0.0439763481427308
1,"Deaths",1798,"Norfolk County",25021,512,"Asbestosis",2,"Female",27,"Age-standardized",2012,"Rate",0.0193095616122026,0.00708466482801578,0.0430497409975432
1,"Deaths",1798,"Norfolk County",25021,512,"Asbestosis",2,"Female",27,"Age-standardized",2013,"Rate",0.0186270140584911,0.00686927462548737,0.0428120704548025
1,"Deaths",1798,"Norfolk County",25021,512,"Asbestosis",2,"Female",27,"Age-standardized",2014,"Rate",0.0193196337790693,0.00684989795143748,0.044701775750419
1,"Deaths",1798,"Norfolk County",25021,512,"Asbestosis",3,"Both",27,"Age-standardized",1980,"Rate",0.182170303986456,0.106447380089568,0.281463633611263
1,"Deaths",1798,"Norfolk County",25021,512,"Asbestosis",3,"Both",27,"Age-standardized",1981,"Rate",0.182375941105759,0.107286037496719,0.274854500091232
1,"Deaths",1798,"Norfolk County",25021,512,"Asbestosis",3,"Both",27,"Age-standardized",1982,"Rate",0.193491545145432,0.116309411878081,0.293422472635625
1,"Deaths",1798,"Norfolk County",25021,512,"Asbestosis",3,"Both",27,"Age-standardized",1983,"Rate",0.204299497603537,0.124816939725006,0.300666396116108
1,"Deaths",1798,"Norfolk County",25021,512,"Asbestosis",3,"Both",27,"Age-standardized",1984,"Rate",0.201263337360745,0.122389474015502,0.302447034790693
1,"Deaths",1798,"Norfolk County",25021,512,"Asbestosis",3,"Both",27,"Age-standardized",1985,"Rate",0.219757824994014,0.135344047955388,0.314837478000012
1,"Deaths",1798,"Norfolk County",25021,512,"Asbestosis",3,"Both",27,"Age-standardized",1986,"Rate",0.238992301514373,0.154845519683009,0.34146605780868
1,"Deaths",1798,"Norfolk County",25021,512,"Asbestosis",3,"Both",27,"Age-standardized",1987,"Rate",0.228883499306705,0.147133767866305,0.328344732045336
1,"Deaths",1798,"Norfolk County",25021,512,"Asbestosis",3,"Both",27,"Age-standardized",1988,"Rate",0.25635863899645,0.165733620779408,0.361337154764442
1,"Deaths",1798,"Norfolk County",25021,512,"Asbestosis",3,"Both",27,"Age-standardized",1989,"Rate",0.254704445395244,0.168143224185369,0.351393138619489
1,"Deaths",1798,"Norfolk County",25021,512,"Asbestosis",3,"Both",27,"Age-standardized",1990,"Rate",0.25264118099323,0.167928492442896,0.352382607452554
1,"Deaths",1798,"Norfolk County",25021,512,"Asbestosis",3,"Both",27,"Age-standardized",1991,"Rate",0.256612934523742,0.175161221125558,0.357401595043853
1,"Deaths",1798,"Norfolk County",25021,512,"Asbestosis",3,"Both",27,"Age-standardized",1992,"Rate",0.276339738792025,0.191678666674679,0.384057983338117
1,"Deaths",1798,"Norfolk County",25021,512,"Asbestosis",3,"Both",27,"Age-standardized",1993,"Rate",0.272043153106136,0.190145033696593,0.37567960374922
1,"Deaths",1798,"Norfolk County",25021,512,"Asbestosis",3,"Both",27,"Age-standardized",1994,"Rate",0.28558266057731,0.199672655848259,0.392531376445091
1,"Deaths",1798,"Norfolk County",25021,512,"Asbestosis",3,"Both",27,"Age-standardized",1995,"Rate",0.294782020710032,0.201464431464563,0.39556205144938
1,"Deaths",1798,"Norfolk County",25021,512,"Asbestosis",3,"Both",27,"Age-standardized",1996,"Rate",0.302741971644442,0.214847672108851,0.408717699355043
1,"Deaths",1798,"Norfolk County",25021,512,"Asbestosis",3,"Both",27,"Age-standardized",1997,"Rate",0.319722074308194,0.22678519986166,0.44172772405509
1,"Deaths",1798,"Norfolk County",25021,512,"Asbestosis",3,"Both",27,"Age-standardized",1998,"Rate",0.316223731091068,0.219992704161692,0.432844109377745
1,"Deaths",1798,"Norfolk County",25021,512,"Asbestosis",3,"Both",27,"Age-standardized",1999,"Rate",0.349222374405299,0.244741489125255,0.46842687286519
1,"Deaths",1798,"Norfolk County",25021,512,"Asbestosis",3,"Both",27,"Age-standardized",2000,"Rate",0.342245698807297,0.242247035361975,0.461534647764577
1,"Deaths",1798,"Norfolk County",25021,512,"Asbestosis",3,"Both",27,"Age-standardized",2001,"Rate",0.369513628287085,0.261630547762065,0.494745986552388
1,"Deaths",1798,"Norfolk County",25021,512,"Asbestosis",3,"Both",27,"Age-standardized",2002,"Rate",0.366739071379151,0.262896715666838,0.492788382123535
1,"Deaths",1798,"Norfolk County",25021,512,"Asbestosis",3,"Both",27,"Age-standardized",2003,"Rate",0.374973722440609,0.267221611225497,0.512420066947518
1,"Deaths",1798,"Norfolk County",25021,512,"Asbestosis",3,"Both",27,"Age-standardized",2004,"Rate",0.33718096747058,0.239577983837489,0.451138103362844
1,"Deaths",1798,"Norfolk County",25021,512,"Asbestosis",3,"Both",27,"Age-standardized",2005,"Rate",0.352339647940313,0.247642491296541,0.468090338956686
1,"Deaths",1798,"Norfolk County",25021,512,"Asbestosis",3,"Both",27,"Age-standardized",2006,"Rate",0.33572372327019,0.2384755535213,0.451816893933411
1,"Deaths",1798,"Norfolk County",25021,512,"Asbestosis",3,"Both",27,"Age-standardized",2007,"Rate",0.347635974292356,0.243953739564886,0.479206311140314
1,"Deaths",1798,"Norfolk County",25021,512,"Asbestosis",3,"Both",27,"Age-standardized",2008,"Rate",0.332944181134269,0.232598205679494,0.45695058548963
1,"Deaths",1798,"Norfolk County",25021,512,"Asbestosis",3,"Both",27,"Age-standardized",2009,"Rate",0.325543892221708,0.229967964689518,0.456645540548604
1,"Deaths",1798,"Norfolk County",25021,512,"Asbestosis",3,"Both",27,"Age-standardized",2010,"Rate",0.319307297456248,0.220291982690395,0.450706414386925
1,"Deaths",1798,"Norfolk County",25021,512,"Asbestosis",3,"Both",27,"Age-standardized",2011,"Rate",0.316049999881486,0.220189314747801,0.434126293525077
1,"Deaths",1798,"Norfolk County",25021,512,"Asbestosis",3,"Both",27,"Age-standardized",2012,"Rate",0.298514777083388,0.203411829253133,0.427040980697393
1,"Deaths",1798,"Norfolk County",25021,512,"Asbestosis",3,"Both",27,"Age-standardized",2013,"Rate",0.293862406669427,0.197176653723572,0.419985729866038
1,"Deaths",1798,"Norfolk County",25021,512,"Asbestosis",3,"Both",27,"Age-standardized",2014,"Rate",0.320860251799616,0.208234296359553,0.458281661457199
1,"Deaths",1797,"Plymouth County",25023,512,"Asbestosis",1,"Male",27,"Age-standardized",1980,"Rate",0.215974521662551,0.126151795944026,0.347016662257988
1,"Deaths",1797,"Plymouth County",25023,512,"Asbestosis",1,"Male",27,"Age-standardized",1981,"Rate",0.220085887196488,0.132179467040563,0.338101906039352
1,"Deaths",1797,"Plymouth County",25023,512,"Asbestosis",1,"Male",27,"Age-standardized",1982,"Rate",0.230149194939473,0.142515419234738,0.348103477131271
1,"Deaths",1797,"Plymouth County",25023,512,"Asbestosis",1,"Male",27,"Age-standardized",1983,"Rate",0.259542072347379,0.159235283451681,0.403084500538149
1,"Deaths",1797,"Plymouth County",25023,512,"Asbestosis",1,"Male",27,"Age-standardized",1984,"Rate",0.274321187992319,0.174902441025964,0.418087488631385
1,"Deaths",1797,"Plymouth County",25023,512,"Asbestosis",1,"Male",27,"Age-standardized",1985,"Rate",0.293889741863927,0.192076322171292,0.441878845649278
1,"Deaths",1797,"Plymouth County",25023,512,"Asbestosis",1,"Male",27,"Age-standardized",1986,"Rate",0.321057278107237,0.208250901737966,0.459927423258306
1,"Deaths",1797,"Plymouth County",25023,512,"Asbestosis",1,"Male",27,"Age-standardized",1987,"Rate",0.336649458976947,0.216229103577541,0.480230298782723
1,"Deaths",1797,"Plymouth County",25023,512,"Asbestosis",1,"Male",27,"Age-standardized",1988,"Rate",0.351944337642206,0.227717538786372,0.496970469029937
1,"Deaths",1797,"Plymouth County",25023,512,"Asbestosis",1,"Male",27,"Age-standardized",1989,"Rate",0.394954083510792,0.25542667185783,0.569023451428438
1,"Deaths",1797,"Plymouth County",25023,512,"Asbestosis",1,"Male",27,"Age-standardized",1990,"Rate",0.382012430867969,0.267140624220054,0.529118331496873
1,"Deaths",1797,"Plymouth County",25023,512,"Asbestosis",1,"Male",27,"Age-standardized",1991,"Rate",0.412627246159977,0.282317605613521,0.590362010561761
1,"Deaths",1797,"Plymouth County",25023,512,"Asbestosis",1,"Male",27,"Age-standardized",1992,"Rate",0.432681906430405,0.289429846149357,0.612984499393621
1,"Deaths",1797,"Plymouth County",25023,512,"Asbestosis",1,"Male",27,"Age-standardized",1993,"Rate",0.467388257437567,0.320812093647028,0.644268426442816
1,"Deaths",1797,"Plymouth County",25023,512,"Asbestosis",1,"Male",27,"Age-standardized",1994,"Rate",0.498105667981679,0.334534128893414,0.685331836104436
1,"Deaths",1797,"Plymouth County",25023,512,"Asbestosis",1,"Male",27,"Age-standardized",1995,"Rate",0.519600639123403,0.359340612542365,0.717889261917812
1,"Deaths",1797,"Plymouth County",25023,512,"Asbestosis",1,"Male",27,"Age-standardized",1996,"Rate",0.565595729092538,0.387631655827715,0.791147284978021
1,"Deaths",1797,"Plymouth County",25023,512,"Asbestosis",1,"Male",27,"Age-standardized",1997,"Rate",0.609982576693698,0.410781586837587,0.850746334803621
1,"Deaths",1797,"Plymouth County",25023,512,"Asbestosis",1,"Male",27,"Age-standardized",1998,"Rate",0.646146222198138,0.440264697641054,0.905249300416799
1,"Deaths",1797,"Plymouth County",25023,512,"Asbestosis",1,"Male",27,"Age-standardized",1999,"Rate",0.656458747155047,0.438094800207215,0.924963861518091
1,"Deaths",1797,"Plymouth County",25023,512,"Asbestosis",1,"Male",27,"Age-standardized",2000,"Rate",0.719767163691708,0.480349190532502,1.01343099545661
1,"Deaths",1797,"Plymouth County",25023,512,"Asbestosis",1,"Male",27,"Age-standardized",2001,"Rate",0.784036184147472,0.508281218394474,1.12860944216235
1,"Deaths",1797,"Plymouth County",25023,512,"Asbestosis",1,"Male",27,"Age-standardized",2002,"Rate",0.730092242281669,0.483298598853947,1.03496328674162
1,"Deaths",1797,"Plymouth County",25023,512,"Asbestosis",1,"Male",27,"Age-standardized",2003,"Rate",0.754339042196503,0.509964629095425,1.08937417234557
1,"Deaths",1797,"Plymouth County",25023,512,"Asbestosis",1,"Male",27,"Age-standardized",2004,"Rate",0.759849277841943,0.492866716776541,1.0890932029456
1,"Deaths",1797,"Plymouth County",25023,512,"Asbestosis",1,"Male",27,"Age-standardized",2005,"Rate",0.71950141808803,0.487863798643282,1.02150727972104
1,"Deaths",1797,"Plymouth County",25023,512,"Asbestosis",1,"Male",27,"Age-standardized",2006,"Rate",0.734344811839186,0.486081918667683,1.05254991707836
1,"Deaths",1797,"Plymouth County",25023,512,"Asbestosis",1,"Male",27,"Age-standardized",2007,"Rate",0.705705378672926,0.449883239801451,1.01173820012418
1,"Deaths",1797,"Plymouth County",25023,512,"Asbestosis",1,"Male",27,"Age-standardized",2008,"Rate",0.75547374504197,0.489573890156492,1.10059410063542
1,"Deaths",1797,"Plymouth County",25023,512,"Asbestosis",1,"Male",27,"Age-standardized",2009,"Rate",0.712396685890057,0.46343620511029,1.04890693847857
1,"Deaths",1797,"Plymouth County",25023,512,"Asbestosis",1,"Male",27,"Age-standardized",2010,"Rate",0.728503466199304,0.464312385726525,1.06659056171011
1,"Deaths",1797,"Plymouth County",25023,512,"Asbestosis",1,"Male",27,"Age-standardized",2011,"Rate",0.742222646604112,0.465006845429834,1.12802131762535
1,"Deaths",1797,"Plymouth County",25023,512,"Asbestosis",1,"Male",27,"Age-standardized",2012,"Rate",0.671862576661743,0.412360119359633,1.05357264918279
1,"Deaths",1797,"Plymouth County",25023,512,"Asbestosis",1,"Male",27,"Age-standardized",2013,"Rate",0.732286646633963,0.447817652996258,1.14842869118609
1,"Deaths",1797,"Plymouth County",25023,512,"Asbestosis",1,"Male",27,"Age-standardized",2014,"Rate",0.763789241586404,0.449775279115009,1.17488009469144
1,"Deaths",1797,"Plymouth County",25023,512,"Asbestosis",2,"Female",27,"Age-standardized",1980,"Rate",0.0145917173367582,0.00687885120563914,0.0282873262856056
1,"Deaths",1797,"Plymouth County",25023,512,"Asbestosis",2,"Female",27,"Age-standardized",1981,"Rate",0.0147026511537976,0.00705353147558586,0.0287188371048279
1,"Deaths",1797,"Plymouth County",25023,512,"Asbestosis",2,"Female",27,"Age-standardized",1982,"Rate",0.0144212702092236,0.00701597095471872,0.0280051445145998
1,"Deaths",1797,"Plymouth County",25023,512,"Asbestosis",2,"Female",27,"Age-standardized",1983,"Rate",0.0154392066051598,0.00747328276870385,0.0296079562851328
1,"Deaths",1797,"Plymouth County",25023,512,"Asbestosis",2,"Female",27,"Age-standardized",1984,"Rate",0.0157216843935336,0.00773911552329712,0.0307046513322985
1,"Deaths",1797,"Plymouth County",25023,512,"Asbestosis",2,"Female",27,"Age-standardized",1985,"Rate",0.016562181895232,0.00789969660806238,0.03065402609398
1,"Deaths",1797,"Plymouth County",25023,512,"Asbestosis",2,"Female",27,"Age-standardized",1986,"Rate",0.018270222548215,0.00876270938670898,0.0349911761087248
1,"Deaths",1797,"Plymouth County",25023,512,"Asbestosis",2,"Female",27,"Age-standardized",1987,"Rate",0.0192785389603462,0.00916199008655771,0.0366317480729065
1,"Deaths",1797,"Plymouth County",25023,512,"Asbestosis",2,"Female",27,"Age-standardized",1988,"Rate",0.0201109330240193,0.00961676815835479,0.0374966471211942
1,"Deaths",1797,"Plymouth County",25023,512,"Asbestosis",2,"Female",27,"Age-standardized",1989,"Rate",0.0213803140627219,0.0102402004340146,0.0401396639895581
1,"Deaths",1797,"Plymouth County",25023,512,"Asbestosis",2,"Female",27,"Age-standardized",1990,"Rate",0.0229050685124902,0.010508139897642,0.0434530658899855
1,"Deaths",1797,"Plymouth County",25023,512,"Asbestosis",2,"Female",27,"Age-standardized",1991,"Rate",0.0245883202678875,0.0110094520110968,0.0459848945771994
1,"Deaths",1797,"Plymouth County",25023,512,"Asbestosis",2,"Female",27,"Age-standardized",1992,"Rate",0.0246844354682277,0.011288398463789,0.0461347001909037
1,"Deaths",1797,"Plymouth County",25023,512,"Asbestosis",2,"Female",27,"Age-standardized",1993,"Rate",0.0251055353619072,0.0117384256064667,0.0473107892955126
1,"Deaths",1797,"Plymouth County",25023,512,"Asbestosis",2,"Female",27,"Age-standardized",1994,"Rate",0.0264504509136263,0.0121964880741799,0.0484888598133945
1,"Deaths",1797,"Plymouth County",25023,512,"Asbestosis",2,"Female",27,"Age-standardized",1995,"Rate",0.0268788393677331,0.0118618556899238,0.0495425088351448
1,"Deaths",1797,"Plymouth County",25023,512,"Asbestosis",2,"Female",27,"Age-standardized",1996,"Rate",0.0280652263834696,0.0126186923938649,0.0535489674173614
1,"Deaths",1797,"Plymouth County",25023,512,"Asbestosis",2,"Female",27,"Age-standardized",1997,"Rate",0.0299231957801263,0.0133091169420968,0.0564837379252952
1,"Deaths",1797,"Plymouth County",25023,512,"Asbestosis",2,"Female",27,"Age-standardized",1998,"Rate",0.0313109259650883,0.0139454977756741,0.0588309423221438
1,"Deaths",1797,"Plymouth County",25023,512,"Asbestosis",2,"Female",27,"Age-standardized",1999,"Rate",0.0324112442777817,0.0140617103614107,0.0623145415560833
1,"Deaths",1797,"Plymouth County",25023,512,"Asbestosis",2,"Female",27,"Age-standardized",2000,"Rate",0.0373133806442544,0.0151090500630022,0.0724785028148568
1,"Deaths",1797,"Plymouth County",25023,512,"Asbestosis",2,"Female",27,"Age-standardized",2001,"Rate",0.0391294234757823,0.0159281122950698,0.0750513271247003
1,"Deaths",1797,"Plymouth County",25023,512,"Asbestosis",2,"Female",27,"Age-standardized",2002,"Rate",0.0422894716874943,0.0166611967820226,0.0805177989166955
1,"Deaths",1797,"Plymouth County",25023,512,"Asbestosis",2,"Female",27,"Age-standardized",2003,"Rate",0.0441579199822795,0.0171391076855198,0.0863057201055162
1,"Deaths",1797,"Plymouth County",25023,512,"Asbestosis",2,"Female",27,"Age-standardized",2004,"Rate",0.0427874547295075,0.016661685308916,0.0857873580327998
1,"Deaths",1797,"Plymouth County",25023,512,"Asbestosis",2,"Female",27,"Age-standardized",2005,"Rate",0.0425936352318216,0.0163108634261556,0.0877455765990123
1,"Deaths",1797,"Plymouth County",25023,512,"Asbestosis",2,"Female",27,"Age-standardized",2006,"Rate",0.0425559640555741,0.0158577514017972,0.0871607162786179
1,"Deaths",1797,"Plymouth County",25023,512,"Asbestosis",2,"Female",27,"Age-standardized",2007,"Rate",0.0431889086516399,0.0159920537274379,0.0878802304752022
1,"Deaths",1797,"Plymouth County",25023,512,"Asbestosis",2,"Female",27,"Age-standardized",2008,"Rate",0.0442130762976197,0.0167261971155236,0.0923684998010111
1,"Deaths",1797,"Plymouth County",25023,512,"Asbestosis",2,"Female",27,"Age-standardized",2009,"Rate",0.0459993818522335,0.016631929226587,0.0960920310831892
1,"Deaths",1797,"Plymouth County",25023,512,"Asbestosis",2,"Female",27,"Age-standardized",2010,"Rate",0.0449832531850578,0.0159863948447506,0.0942078050613244
1,"Deaths",1797,"Plymouth County",25023,512,"Asbestosis",2,"Female",27,"Age-standardized",2011,"Rate",0.0458688345090361,0.0155102815878736,0.0941603269184927
1,"Deaths",1797,"Plymouth County",25023,512,"Asbestosis",2,"Female",27,"Age-standardized",2012,"Rate",0.0454661112674489,0.0153792539719454,0.0964455502202412
1,"Deaths",1797,"Plymouth County",25023,512,"Asbestosis",2,"Female",27,"Age-standardized",2013,"Rate",0.0452937695206171,0.0151717769945731,0.0968388239633126
1,"Deaths",1797,"Plymouth County",25023,512,"Asbestosis",2,"Female",27,"Age-standardized",2014,"Rate",0.046514904308465,0.0156628732278351,0.102990281961181
1,"Deaths",1797,"Plymouth County",25023,512,"Asbestosis",3,"Both",27,"Age-standardized",1980,"Rate",0.089206846353859,0.0555532256522611,0.138356337625877
1,"Deaths",1797,"Plymouth County",25023,512,"Asbestosis",3,"Both",27,"Age-standardized",1981,"Rate",0.0906727068960961,0.0563556893227718,0.135216475284853
1,"Deaths",1797,"Plymouth County",25023,512,"Asbestosis",3,"Both",27,"Age-standardized",1982,"Rate",0.0938984804950756,0.0597290782600889,0.140144129470543
1,"Deaths",1797,"Plymouth County",25023,512,"Asbestosis",3,"Both",27,"Age-standardized",1983,"Rate",0.105126813525425,0.0669055050130424,0.157953226484554
1,"Deaths",1797,"Plymouth County",25023,512,"Asbestosis",3,"Both",27,"Age-standardized",1984,"Rate",0.11032733620513,0.0721061930450457,0.163019008524347
1,"Deaths",1797,"Plymouth County",25023,512,"Asbestosis",3,"Both",27,"Age-standardized",1985,"Rate",0.117646322006139,0.0779117474778026,0.170045508603948
1,"Deaths",1797,"Plymouth County",25023,512,"Asbestosis",3,"Both",27,"Age-standardized",1986,"Rate",0.128246727763472,0.0844276723675257,0.179635455347796
1,"Deaths",1797,"Plymouth County",25023,512,"Asbestosis",3,"Both",27,"Age-standardized",1987,"Rate",0.134536755905829,0.0894640276937047,0.187194947610521
1,"Deaths",1797,"Plymouth County",25023,512,"Asbestosis",3,"Both",27,"Age-standardized",1988,"Rate",0.140266017060945,0.0947034971317717,0.195190507307509
1,"Deaths",1797,"Plymouth County",25023,512,"Asbestosis",3,"Both",27,"Age-standardized",1989,"Rate",0.156357430141552,0.103637609207871,0.218104954730288
1,"Deaths",1797,"Plymouth County",25023,512,"Asbestosis",3,"Both",27,"Age-standardized",1990,"Rate",0.152609127321943,0.10914780604477,0.209844537517156
1,"Deaths",1797,"Plymouth County",25023,512,"Asbestosis",3,"Both",27,"Age-standardized",1991,"Rate",0.164481219913242,0.113104977611551,0.229422197464487
1,"Deaths",1797,"Plymouth County",25023,512,"Asbestosis",3,"Both",27,"Age-standardized",1992,"Rate",0.171982417385456,0.120326700835485,0.237624525802704
1,"Deaths",1797,"Plymouth County",25023,512,"Asbestosis",3,"Both",27,"Age-standardized",1993,"Rate",0.185182374942285,0.128919374213021,0.24897336389757
1,"Deaths",1797,"Plymouth County",25023,512,"Asbestosis",3,"Both",27,"Age-standardized",1994,"Rate",0.197113462864091,0.136603793966144,0.266634933048356
1,"Deaths",1797,"Plymouth County",25023,512,"Asbestosis",3,"Both",27,"Age-standardized",1995,"Rate",0.205889760596266,0.145241155340113,0.276805382978685
1,"Deaths",1797,"Plymouth County",25023,512,"Asbestosis",3,"Both",27,"Age-standardized",1996,"Rate",0.223312553506502,0.156356139618349,0.307387532140154
1,"Deaths",1797,"Plymouth County",25023,512,"Asbestosis",3,"Both",27,"Age-standardized",1997,"Rate",0.240674788440299,0.16526392516456,0.327608965112817
1,"Deaths",1797,"Plymouth County",25023,512,"Asbestosis",3,"Both",27,"Age-standardized",1998,"Rate",0.255451690281366,0.178233636868521,0.350132276743163
1,"Deaths",1797,"Plymouth County",25023,512,"Asbestosis",3,"Both",27,"Age-standardized",1999,"Rate",0.260924960836657,0.180207595063989,0.35958759354524
1,"Deaths",1797,"Plymouth County",25023,512,"Asbestosis",3,"Both",27,"Age-standardized",2000,"Rate",0.288563615752805,0.198771729821464,0.399865809383743
1,"Deaths",1797,"Plymouth County",25023,512,"Asbestosis",3,"Both",27,"Age-standardized",2001,"Rate",0.31451484181599,0.209074858908381,0.434911358503581
1,"Deaths",1797,"Plymouth County",25023,512,"Asbestosis",3,"Both",27,"Age-standardized",2002,"Rate",0.297879490726484,0.20576644623711,0.413307523590336
1,"Deaths",1797,"Plymouth County",25023,512,"Asbestosis",3,"Both",27,"Age-standardized",2003,"Rate",0.310124072029785,0.213970439536367,0.439542471226141
1,"Deaths",1797,"Plymouth County",25023,512,"Asbestosis",3,"Both",27,"Age-standardized",2004,"Rate",0.312642672992489,0.209875363802564,0.4411418887453
1,"Deaths",1797,"Plymouth County",25023,512,"Asbestosis",3,"Both",27,"Age-standardized",2005,"Rate",0.297363137399788,0.204353982571787,0.419713888692394
1,"Deaths",1797,"Plymouth County",25023,512,"Asbestosis",3,"Both",27,"Age-standardized",2006,"Rate",0.303707863008372,0.212299528885022,0.425179017241638
1,"Deaths",1797,"Plymouth County",25023,512,"Asbestosis",3,"Both",27,"Age-standardized",2007,"Rate",0.295151722613712,0.20001884508076,0.414205045375359
1,"Deaths",1797,"Plymouth County",25023,512,"Asbestosis",3,"Both",27,"Age-standardized",2008,"Rate",0.316274222590726,0.214450418469443,0.45593338516372
1,"Deaths",1797,"Plymouth County",25023,512,"Asbestosis",3,"Both",27,"Age-standardized",2009,"Rate",0.302685069847967,0.202453063747713,0.43743485292491
1,"Deaths",1797,"Plymouth County",25023,512,"Asbestosis",3,"Both",27,"Age-standardized",2010,"Rate",0.309204099512014,0.202940251857427,0.441484220470477
1,"Deaths",1797,"Plymouth County",25023,512,"Asbestosis",3,"Both",27,"Age-standardized",2011,"Rate",0.315623633061027,0.203051850306821,0.472131701823148
1,"Deaths",1797,"Plymouth County",25023,512,"Asbestosis",3,"Both",27,"Age-standardized",2012,"Rate",0.289694840856148,0.186048729792154,0.440060067735904
1,"Deaths",1797,"Plymouth County",25023,512,"Asbestosis",3,"Both",27,"Age-standardized",2013,"Rate",0.315099028436827,0.198657776065352,0.478485437560597
1,"Deaths",1797,"Plymouth County",25023,512,"Asbestosis",3,"Both",27,"Age-standardized",2014,"Rate",0.329997638209036,0.198252930835514,0.495241267986343
1,"Deaths",1795,"Suffolk County",25025,512,"Asbestosis",1,"Male",27,"Age-standardized",1980,"Rate",0.341583208724066,0.22244379256313,0.484553528258366
1,"Deaths",1795,"Suffolk County",25025,512,"Asbestosis",1,"Male",27,"Age-standardized",1981,"Rate",0.328361615505281,0.224053531063591,0.46181626324089
1,"Deaths",1795,"Suffolk County",25025,512,"Asbestosis",1,"Male",27,"Age-standardized",1982,"Rate",0.34902717278224,0.241651483993951,0.487364231620414
1,"Deaths",1795,"Suffolk County",25025,512,"Asbestosis",1,"Male",27,"Age-standardized",1983,"Rate",0.378878144664977,0.256473157842567,0.534445481290445
1,"Deaths",1795,"Suffolk County",25025,512,"Asbestosis",1,"Male",27,"Age-standardized",1984,"Rate",0.377241213501693,0.265853932850107,0.508900230960993
1,"Deaths",1795,"Suffolk County",25025,512,"Asbestosis",1,"Male",27,"Age-standardized",1985,"Rate",0.397473067102124,0.276386049009754,0.544961626313968
1,"Deaths",1795,"Suffolk County",25025,512,"Asbestosis",1,"Male",27,"Age-standardized",1986,"Rate",0.429668502961098,0.306381441112473,0.587504246287101
1,"Deaths",1795,"Suffolk County",25025,512,"Asbestosis",1,"Male",27,"Age-standardized",1987,"Rate",0.450932224558764,0.315370264507746,0.60045707404212
1,"Deaths",1795,"Suffolk County",25025,512,"Asbestosis",1,"Male",27,"Age-standardized",1988,"Rate",0.464237628820228,0.321864963633111,0.640636557996825
1,"Deaths",1795,"Suffolk County",25025,512,"Asbestosis",1,"Male",27,"Age-standardized",1989,"Rate",0.499559855060841,0.356516108101954,0.670328380887284
1,"Deaths",1795,"Suffolk County",25025,512,"Asbestosis",1,"Male",27,"Age-standardized",1990,"Rate",0.482457948027244,0.33796480752317,0.654149333125261
1,"Deaths",1795,"Suffolk County",25025,512,"Asbestosis",1,"Male",27,"Age-standardized",1991,"Rate",0.505473777368862,0.349444441736267,0.666832150045428
1,"Deaths",1795,"Suffolk County",25025,512,"Asbestosis",1,"Male",27,"Age-standardized",1992,"Rate",0.512888586421688,0.365181087078973,0.695219114820965
1,"Deaths",1795,"Suffolk County",25025,512,"Asbestosis",1,"Male",27,"Age-standardized",1993,"Rate",0.525126791661591,0.366917937468999,0.707825776842725
1,"Deaths",1795,"Suffolk County",25025,512,"Asbestosis",1,"Male",27,"Age-standardized",1994,"Rate",0.551628369681834,0.395267190848421,0.736562734823667
1,"Deaths",1795,"Suffolk County",25025,512,"Asbestosis",1,"Male",27,"Age-standardized",1995,"Rate",0.579038196572677,0.414347646593763,0.790015261582863
1,"Deaths",1795,"Suffolk County",25025,512,"Asbestosis",1,"Male",27,"Age-standardized",1996,"Rate",0.578184708905658,0.402004649288062,0.788677194192644
1,"Deaths",1795,"Suffolk County",25025,512,"Asbestosis",1,"Male",27,"Age-standardized",1997,"Rate",0.60559710954672,0.420552462797525,0.830404841794857
1,"Deaths",1795,"Suffolk County",25025,512,"Asbestosis",1,"Male",27,"Age-standardized",1998,"Rate",0.603565344941586,0.409531023903281,0.835903040256057
1,"Deaths",1795,"Suffolk County",25025,512,"Asbestosis",1,"Male",27,"Age-standardized",1999,"Rate",0.643314023060128,0.444776571127138,0.897012772987387
1,"Deaths",1795,"Suffolk County",25025,512,"Asbestosis",1,"Male",27,"Age-standardized",2000,"Rate",0.667104475703451,0.466397655055242,0.9255759436762
1,"Deaths",1795,"Suffolk County",25025,512,"Asbestosis",1,"Male",27,"Age-standardized",2001,"Rate",0.667896099952269,0.471464824696811,0.919246528981374
1,"Deaths",1795,"Suffolk County",25025,512,"Asbestosis",1,"Male",27,"Age-standardized",2002,"Rate",0.670747440432266,0.463864624306998,0.928061424646135
1,"Deaths",1795,"Suffolk County",25025,512,"Asbestosis",1,"Male",27,"Age-standardized",2003,"Rate",0.67066980168488,0.454211744558139,0.966067964669287
1,"Deaths",1795,"Suffolk County",25025,512,"Asbestosis",1,"Male",27,"Age-standardized",2004,"Rate",0.655197949946668,0.450851418961371,0.929835714368743
1,"Deaths",1795,"Suffolk County",25025,512,"Asbestosis",1,"Male",27,"Age-standardized",2005,"Rate",0.654964618498456,0.434526906168802,0.969023506718719
1,"Deaths",1795,"Suffolk County",25025,512,"Asbestosis",1,"Male",27,"Age-standardized",2006,"Rate",0.641479719228656,0.424736238569232,0.93133189589521
1,"Deaths",1795,"Suffolk County",25025,512,"Asbestosis",1,"Male",27,"Age-standardized",2007,"Rate",0.589096317750364,0.389308331957377,0.843435280182327
1,"Deaths",1795,"Suffolk County",25025,512,"Asbestosis",1,"Male",27,"Age-standardized",2008,"Rate",0.613402476125589,0.39654460372342,0.92257075179707
1,"Deaths",1795,"Suffolk County",25025,512,"Asbestosis",1,"Male",27,"Age-standardized",2009,"Rate",0.572723894997012,0.361797123879132,0.884575062125743
1,"Deaths",1795,"Suffolk County",25025,512,"Asbestosis",1,"Male",27,"Age-standardized",2010,"Rate",0.591251585890199,0.37514371630843,0.893951722022308
1,"Deaths",1795,"Suffolk County",25025,512,"Asbestosis",1,"Male",27,"Age-standardized",2011,"Rate",0.55427678361534,0.343032488457444,0.861107331157402
1,"Deaths",1795,"Suffolk County",25025,512,"Asbestosis",1,"Male",27,"Age-standardized",2012,"Rate",0.548209403861914,0.339012945043548,0.826213217886778
1,"Deaths",1795,"Suffolk County",25025,512,"Asbestosis",1,"Male",27,"Age-standardized",2013,"Rate",0.535233199505121,0.328400605723755,0.824228808950472
1,"Deaths",1795,"Suffolk County",25025,512,"Asbestosis",1,"Male",27,"Age-standardized",2014,"Rate",0.599838930871386,0.35627134715615,1.00160823515739
1,"Deaths",1795,"Suffolk County",25025,512,"Asbestosis",2,"Female",27,"Age-standardized",1980,"Rate",0.00627897898092331,0.00263764056848946,0.0124815109267992
1,"Deaths",1795,"Suffolk County",25025,512,"Asbestosis",2,"Female",27,"Age-standardized",1981,"Rate",0.00622655946775257,0.0027504775879071,0.0124952020113974
1,"Deaths",1795,"Suffolk County",25025,512,"Asbestosis",2,"Female",27,"Age-standardized",1982,"Rate",0.00610103279819819,0.0026711030139078,0.012683582578889
1,"Deaths",1795,"Suffolk County",25025,512,"Asbestosis",2,"Female",27,"Age-standardized",1983,"Rate",0.00619871877495509,0.00269344818209553,0.0128109501965409
1,"Deaths",1795,"Suffolk County",25025,512,"Asbestosis",2,"Female",27,"Age-standardized",1984,"Rate",0.0062502505146341,0.00268882668741165,0.0127126163011052
1,"Deaths",1795,"Suffolk County",25025,512,"Asbestosis",2,"Female",27,"Age-standardized",1985,"Rate",0.00633290503215869,0.00270059905603647,0.0131107304620039
1,"Deaths",1795,"Suffolk County",25025,512,"Asbestosis",2,"Female",27,"Age-standardized",1986,"Rate",0.00671228219452427,0.00286551551298171,0.0140867966629451
1,"Deaths",1795,"Suffolk County",25025,512,"Asbestosis",2,"Female",27,"Age-standardized",1987,"Rate",0.00698010466236789,0.00292258737462116,0.0150726913459134
1,"Deaths",1795,"Suffolk County",25025,512,"Asbestosis",2,"Female",27,"Age-standardized",1988,"Rate",0.00732345629129842,0.00316454777686229,0.0156326406897445
1,"Deaths",1795,"Suffolk County",25025,512,"Asbestosis",2,"Female",27,"Age-standardized",1989,"Rate",0.00738491141747653,0.00313432404016853,0.0164081219791087
1,"Deaths",1795,"Suffolk County",25025,512,"Asbestosis",2,"Female",27,"Age-standardized",1990,"Rate",0.00798993629236688,0.00330189152173189,0.0174701587045311
1,"Deaths",1795,"Suffolk County",25025,512,"Asbestosis",2,"Female",27,"Age-standardized",1991,"Rate",0.00806288090514267,0.00316529611261276,0.0179970938950362
1,"Deaths",1795,"Suffolk County",25025,512,"Asbestosis",2,"Female",27,"Age-standardized",1992,"Rate",0.00804267979575711,0.00326209017018144,0.0177353185829131
1,"Deaths",1795,"Suffolk County",25025,512,"Asbestosis",2,"Female",27,"Age-standardized",1993,"Rate",0.0079858118253639,0.00320622570233528,0.0177431188264202
1,"Deaths",1795,"Suffolk County",25025,512,"Asbestosis",2,"Female",27,"Age-standardized",1994,"Rate",0.00798873558458137,0.00309516562424895,0.0176454281213564
1,"Deaths",1795,"Suffolk County",25025,512,"Asbestosis",2,"Female",27,"Age-standardized",1995,"Rate",0.00815316672587153,0.00323914990018519,0.0189175864087331
1,"Deaths",1795,"Suffolk County",25025,512,"Asbestosis",2,"Female",27,"Age-standardized",1996,"Rate",0.00801323058837754,0.0029709625303192,0.0184351946738094
1,"Deaths",1795,"Suffolk County",25025,512,"Asbestosis",2,"Female",27,"Age-standardized",1997,"Rate",0.0085811029091487,0.00318285142905,0.0208801987650657
1,"Deaths",1795,"Suffolk County",25025,512,"Asbestosis",2,"Female",27,"Age-standardized",1998,"Rate",0.00881297796020209,0.00324978684716327,0.0210919410311642
1,"Deaths",1795,"Suffolk County",25025,512,"Asbestosis",2,"Female",27,"Age-standardized",1999,"Rate",0.00889464531658334,0.00320097040608372,0.0210513948798582
1,"Deaths",1795,"Suffolk County",25025,512,"Asbestosis",2,"Female",27,"Age-standardized",2000,"Rate",0.00964845764162693,0.00344134411007852,0.0228583597746979
1,"Deaths",1795,"Suffolk County",25025,512,"Asbestosis",2,"Female",27,"Age-standardized",2001,"Rate",0.00989919455918556,0.00342932800042249,0.0234074819596566
1,"Deaths",1795,"Suffolk County",25025,512,"Asbestosis",2,"Female",27,"Age-standardized",2002,"Rate",0.0105226257547154,0.00354391316683327,0.0260863998872351
1,"Deaths",1795,"Suffolk County",25025,512,"Asbestosis",2,"Female",27,"Age-standardized",2003,"Rate",0.0107745276071979,0.00360433841436694,0.0264675236895527
1,"Deaths",1795,"Suffolk County",25025,512,"Asbestosis",2,"Female",27,"Age-standardized",2004,"Rate",0.0104920902301905,0.00345933240163908,0.0268736858436012
1,"Deaths",1795,"Suffolk County",25025,512,"Asbestosis",2,"Female",27,"Age-standardized",2005,"Rate",0.0103948265396608,0.00336416951422801,0.027282365451267
1,"Deaths",1795,"Suffolk County",25025,512,"Asbestosis",2,"Female",27,"Age-standardized",2006,"Rate",0.0100527072278362,0.00321397049238199,0.0258957872779693
1,"Deaths",1795,"Suffolk County",25025,512,"Asbestosis",2,"Female",27,"Age-standardized",2007,"Rate",0.0104101188040614,0.00326644955312808,0.0256922547923387
1,"Deaths",1795,"Suffolk County",25025,512,"Asbestosis",2,"Female",27,"Age-standardized",2008,"Rate",0.0101840162337255,0.00312779082219181,0.0258374139277026
1,"Deaths",1795,"Suffolk County",25025,512,"Asbestosis",2,"Female",27,"Age-standardized",2009,"Rate",0.0102934721316563,0.0031387528266502,0.0271392121089672
1,"Deaths",1795,"Suffolk County",25025,512,"Asbestosis",2,"Female",27,"Age-standardized",2010,"Rate",0.00983181491608379,0.00300258236530312,0.025520675968984
1,"Deaths",1795,"Suffolk County",25025,512,"Asbestosis",2,"Female",27,"Age-standardized",2011,"Rate",0.0100445637143715,0.00294034815970579,0.0259710194233547
1,"Deaths",1795,"Suffolk County",25025,512,"Asbestosis",2,"Female",27,"Age-standardized",2012,"Rate",0.0098616514750601,0.00280984205708689,0.027167860144252
1,"Deaths",1795,"Suffolk County",25025,512,"Asbestosis",2,"Female",27,"Age-standardized",2013,"Rate",0.00970478707939967,0.00262911793596719,0.0272946232038484
1,"Deaths",1795,"Suffolk County",25025,512,"Asbestosis",2,"Female",27,"Age-standardized",2014,"Rate",0.00965007714561466,0.00252682437520984,0.0276344092009037
1,"Deaths",1795,"Suffolk County",25025,512,"Asbestosis",3,"Both",27,"Age-standardized",1980,"Rate",0.123950587905741,0.0817663155983692,0.174739198814457
1,"Deaths",1795,"Suffolk County",25025,512,"Asbestosis",3,"Both",27,"Age-standardized",1981,"Rate",0.118897416545809,0.0811382110052885,0.167045693753806
1,"Deaths",1795,"Suffolk County",25025,512,"Asbestosis",3,"Both",27,"Age-standardized",1982,"Rate",0.125488181852106,0.0876160063456117,0.171983576643668
1,"Deaths",1795,"Suffolk County",25025,512,"Asbestosis",3,"Both",27,"Age-standardized",1983,"Rate",0.135495421233848,0.0927490005003035,0.187920089197566
1,"Deaths",1795,"Suffolk County",25025,512,"Asbestosis",3,"Both",27,"Age-standardized",1984,"Rate",0.134545999931264,0.0942088868643267,0.181203200489027
1,"Deaths",1795,"Suffolk County",25025,512,"Asbestosis",3,"Both",27,"Age-standardized",1985,"Rate",0.141004803123235,0.0976145836408047,0.192201285168648
1,"Deaths",1795,"Suffolk County",25025,512,"Asbestosis",3,"Both",27,"Age-standardized",1986,"Rate",0.151857984010054,0.108576602783604,0.206635568317718
1,"Deaths",1795,"Suffolk County",25025,512,"Asbestosis",3,"Both",27,"Age-standardized",1987,"Rate",0.15905249651365,0.111326848538256,0.212324635632807
1,"Deaths",1795,"Suffolk County",25025,512,"Asbestosis",3,"Both",27,"Age-standardized",1988,"Rate",0.163611031653777,0.11393583928997,0.223978595029822
1,"Deaths",1795,"Suffolk County",25025,512,"Asbestosis",3,"Both",27,"Age-standardized",1989,"Rate",0.175216920988282,0.125432568973724,0.233341158142725
1,"Deaths",1795,"Suffolk County",25025,512,"Asbestosis",3,"Both",27,"Age-standardized",1990,"Rate",0.16974198670041,0.120048435523868,0.229077159605963
1,"Deaths",1795,"Suffolk County",25025,512,"Asbestosis",3,"Both",27,"Age-standardized",1991,"Rate",0.177894823438083,0.124940893513885,0.232578879095031
1,"Deaths",1795,"Suffolk County",25025,512,"Asbestosis",3,"Both",27,"Age-standardized",1992,"Rate",0.18025101693548,0.131103207085934,0.242785182176011
1,"Deaths",1795,"Suffolk County",25025,512,"Asbestosis",3,"Both",27,"Age-standardized",1993,"Rate",0.184735268020215,0.130232318966436,0.246082255690257
1,"Deaths",1795,"Suffolk County",25025,512,"Asbestosis",3,"Both",27,"Age-standardized",1994,"Rate",0.194519399179158,0.139571773821407,0.260046233949875
1,"Deaths",1795,"Suffolk County",25025,512,"Asbestosis",3,"Both",27,"Age-standardized",1995,"Rate",0.204758093401552,0.145368853276833,0.27623211892699
1,"Deaths",1795,"Suffolk County",25025,512,"Asbestosis",3,"Both",27,"Age-standardized",1996,"Rate",0.203988906377393,0.14375428770188,0.278660931023002
1,"Deaths",1795,"Suffolk County",25025,512,"Asbestosis",3,"Both",27,"Age-standardized",1997,"Rate",0.214369226126694,0.149978648902453,0.291462231952552
1,"Deaths",1795,"Suffolk County",25025,512,"Asbestosis",3,"Both",27,"Age-standardized",1998,"Rate",0.214339213943635,0.148479857162724,0.292740249360539
1,"Deaths",1795,"Suffolk County",25025,512,"Asbestosis",3,"Both",27,"Age-standardized",1999,"Rate",0.229317835182219,0.160791183401733,0.319569238094665
1,"Deaths",1795,"Suffolk County",25025,512,"Asbestosis",3,"Both",27,"Age-standardized",2000,"Rate",0.239608323616331,0.168762439450757,0.327333681122529
1,"Deaths",1795,"Suffolk County",25025,512,"Asbestosis",3,"Both",27,"Age-standardized",2001,"Rate",0.243091488160595,0.172684979938472,0.332817280388368
1,"Deaths",1795,"Suffolk County",25025,512,"Asbestosis",3,"Both",27,"Age-standardized",2002,"Rate",0.245531794080141,0.17098061917376,0.338304125640401
1,"Deaths",1795,"Suffolk County",25025,512,"Asbestosis",3,"Both",27,"Age-standardized",2003,"Rate",0.247174568778402,0.170320801100254,0.351110591917164
1,"Deaths",1795,"Suffolk County",25025,512,"Asbestosis",3,"Both",27,"Age-standardized",2004,"Rate",0.242249953669052,0.16870338284624,0.340054852113153
1,"Deaths",1795,"Suffolk County",25025,512,"Asbestosis",3,"Both",27,"Age-standardized",2005,"Rate",0.243560184907653,0.162547561401529,0.353616622983328
1,"Deaths",1795,"Suffolk County",25025,512,"Asbestosis",3,"Both",27,"Age-standardized",2006,"Rate",0.240042844313437,0.161611817536851,0.345252797972409
1,"Deaths",1795,"Suffolk County",25025,512,"Asbestosis",3,"Both",27,"Age-standardized",2007,"Rate",0.221597943139023,0.147947366857524,0.317576604795781
1,"Deaths",1795,"Suffolk County",25025,512,"Asbestosis",3,"Both",27,"Age-standardized",2008,"Rate",0.231413974592707,0.149345423495392,0.344721871445578
1,"Deaths",1795,"Suffolk County",25025,512,"Asbestosis",3,"Both",27,"Age-standardized",2009,"Rate",0.217171690339664,0.139276718979256,0.330976836972931
1,"Deaths",1795,"Suffolk County",25025,512,"Asbestosis",3,"Both",27,"Age-standardized",2010,"Rate",0.224183205455214,0.144253564503882,0.331041622544205
1,"Deaths",1795,"Suffolk County",25025,512,"Asbestosis",3,"Both",27,"Age-standardized",2011,"Rate",0.210956702526833,0.132590766658337,0.323208597507698
1,"Deaths",1795,"Suffolk County",25025,512,"Asbestosis",3,"Both",27,"Age-standardized",2012,"Rate",0.209637548168064,0.130515874989103,0.315792956883309
1,"Deaths",1795,"Suffolk County",25025,512,"Asbestosis",3,"Both",27,"Age-standardized",2013,"Rate",0.207058810252283,0.13014894044609,0.312696470584112
1,"Deaths",1795,"Suffolk County",25025,512,"Asbestosis",3,"Both",27,"Age-standardized",2014,"Rate",0.232046798696996,0.141178319522726,0.38129169639466
1,"Deaths",1793,"Worcester County",25027,512,"Asbestosis",1,"Male",27,"Age-standardized",1980,"Rate",0.147272000886846,0.0766238938807771,0.274410121168696
1,"Deaths",1793,"Worcester County",25027,512,"Asbestosis",1,"Male",27,"Age-standardized",1981,"Rate",0.140196742252785,0.0775469326785747,0.236701104652666
1,"Deaths",1793,"Worcester County",25027,512,"Asbestosis",1,"Male",27,"Age-standardized",1982,"Rate",0.140589572388401,0.0764940353294198,0.247883733019771
1,"Deaths",1793,"Worcester County",25027,512,"Asbestosis",1,"Male",27,"Age-standardized",1983,"Rate",0.155580805110183,0.0879416092210962,0.276072917884089
1,"Deaths",1793,"Worcester County",25027,512,"Asbestosis",1,"Male",27,"Age-standardized",1984,"Rate",0.166477391758924,0.0940871206201439,0.276818270804667
1,"Deaths",1793,"Worcester County",25027,512,"Asbestosis",1,"Male",27,"Age-standardized",1985,"Rate",0.187390255868425,0.108584350092383,0.30970213039508
1,"Deaths",1793,"Worcester County",25027,512,"Asbestosis",1,"Male",27,"Age-standardized",1986,"Rate",0.201115815491295,0.11490059435606,0.323120598702011
1,"Deaths",1793,"Worcester County",25027,512,"Asbestosis",1,"Male",27,"Age-standardized",1987,"Rate",0.216187966600395,0.129431049114607,0.338944744716143
1,"Deaths",1793,"Worcester County",25027,512,"Asbestosis",1,"Male",27,"Age-standardized",1988,"Rate",0.21513685244795,0.130001518671379,0.332278935234224
1,"Deaths",1793,"Worcester County",25027,512,"Asbestosis",1,"Male",27,"Age-standardized",1989,"Rate",0.232443114430918,0.144057833978122,0.34871562265595
1,"Deaths",1793,"Worcester County",25027,512,"Asbestosis",1,"Male",27,"Age-standardized",1990,"Rate",0.239492737289771,0.143873991679574,0.344902580753366
1,"Deaths",1793,"Worcester County",25027,512,"Asbestosis",1,"Male",27,"Age-standardized",1991,"Rate",0.238941043443816,0.143950518116738,0.351431159828069
1,"Deaths",1793,"Worcester County",25027,512,"Asbestosis",1,"Male",27,"Age-standardized",1992,"Rate",0.259624126733077,0.161746521848307,0.373343741346159
1,"Deaths",1793,"Worcester County",25027,512,"Asbestosis",1,"Male",27,"Age-standardized",1993,"Rate",0.267609997795935,0.17012808610302,0.384382408420382
1,"Deaths",1793,"Worcester County",25027,512,"Asbestosis",1,"Male",27,"Age-standardized",1994,"Rate",0.284593746393503,0.173757834714143,0.399555335144105
1,"Deaths",1793,"Worcester County",25027,512,"Asbestosis",1,"Male",27,"Age-standardized",1995,"Rate",0.303951627756992,0.187744089775818,0.439875705548334
1,"Deaths",1793,"Worcester County",25027,512,"Asbestosis",1,"Male",27,"Age-standardized",1996,"Rate",0.311071790280283,0.193546933612479,0.434109018801711
1,"Deaths",1793,"Worcester County",25027,512,"Asbestosis",1,"Male",27,"Age-standardized",1997,"Rate",0.33888710370272,0.216674791073106,0.480837835633662
1,"Deaths",1793,"Worcester County",25027,512,"Asbestosis",1,"Male",27,"Age-standardized",1998,"Rate",0.366270314840188,0.227800316024684,0.504694283159408
1,"Deaths",1793,"Worcester County",25027,512,"Asbestosis",1,"Male",27,"Age-standardized",1999,"Rate",0.36392838808465,0.225944910902324,0.524727813206944
1,"Deaths",1793,"Worcester County",25027,512,"Asbestosis",1,"Male",27,"Age-standardized",2000,"Rate",0.376579744058619,0.232504164431184,0.525293036867695
1,"Deaths",1793,"Worcester County",25027,512,"Asbestosis",1,"Male",27,"Age-standardized",2001,"Rate",0.369773208249028,0.233002259812493,0.52958055683706
1,"Deaths",1793,"Worcester County",25027,512,"Asbestosis",1,"Male",27,"Age-standardized",2002,"Rate",0.373878399999647,0.241543488318259,0.52353830986135
1,"Deaths",1793,"Worcester County",25027,512,"Asbestosis",1,"Male",27,"Age-standardized",2003,"Rate",0.367611381836754,0.238819503048884,0.525614011931877
1,"Deaths",1793,"Worcester County",25027,512,"Asbestosis",1,"Male",27,"Age-standardized",2004,"Rate",0.343680750689452,0.222463588729873,0.482201934301327
1,"Deaths",1793,"Worcester County",25027,512,"Asbestosis",1,"Male",27,"Age-standardized",2005,"Rate",0.338993334410307,0.220946684994281,0.46508342925236
1,"Deaths",1793,"Worcester County",25027,512,"Asbestosis",1,"Male",27,"Age-standardized",2006,"Rate",0.332552178378329,0.21658288119293,0.481202918875767
1,"Deaths",1793,"Worcester County",25027,512,"Asbestosis",1,"Male",27,"Age-standardized",2007,"Rate",0.316875897910953,0.199156834423225,0.446801129788287
1,"Deaths",1793,"Worcester County",25027,512,"Asbestosis",1,"Male",27,"Age-standardized",2008,"Rate",0.305895644306175,0.196772780810465,0.43149129016105
1,"Deaths",1793,"Worcester County",25027,512,"Asbestosis",1,"Male",27,"Age-standardized",2009,"Rate",0.295609003943286,0.187558854958849,0.426874646153738
1,"Deaths",1793,"Worcester County",25027,512,"Asbestosis",1,"Male",27,"Age-standardized",2010,"Rate",0.293379549067182,0.188592182394627,0.417915822828475
1,"Deaths",1793,"Worcester County",25027,512,"Asbestosis",1,"Male",27,"Age-standardized",2011,"Rate",0.27681326329198,0.17470190829505,0.411466359871459
1,"Deaths",1793,"Worcester County",25027,512,"Asbestosis",1,"Male",27,"Age-standardized",2012,"Rate",0.27384234614327,0.17040101249588,0.409010621421091
1,"Deaths",1793,"Worcester County",25027,512,"Asbestosis",1,"Male",27,"Age-standardized",2013,"Rate",0.279967843973357,0.172589346514182,0.420355528058621
1,"Deaths",1793,"Worcester County",25027,512,"Asbestosis",1,"Male",27,"Age-standardized",2014,"Rate",0.29113370799525,0.173720893967876,0.443749555327883
1,"Deaths",1793,"Worcester County",25027,512,"Asbestosis",2,"Female",27,"Age-standardized",1980,"Rate",0.00865737500295227,0.00492813862984407,0.0143765807698569
1,"Deaths",1793,"Worcester County",25027,512,"Asbestosis",2,"Female",27,"Age-standardized",1981,"Rate",0.00853542067175738,0.00481786314319459,0.013933246042932
1,"Deaths",1793,"Worcester County",25027,512,"Asbestosis",2,"Female",27,"Age-standardized",1982,"Rate",0.00838501750716577,0.00486464595471229,0.0137903680141904
1,"Deaths",1793,"Worcester County",25027,512,"Asbestosis",2,"Female",27,"Age-standardized",1983,"Rate",0.00868966306878751,0.00496665800727736,0.0146827694794179
1,"Deaths",1793,"Worcester County",25027,512,"Asbestosis",2,"Female",27,"Age-standardized",1984,"Rate",0.00878292375277909,0.00498231189785369,0.0150433486541173
1,"Deaths",1793,"Worcester County",25027,512,"Asbestosis",2,"Female",27,"Age-standardized",1985,"Rate",0.00935341158465369,0.00533959575332506,0.0159397103598231
1,"Deaths",1793,"Worcester County",25027,512,"Asbestosis",2,"Female",27,"Age-standardized",1986,"Rate",0.00995580687672555,0.00562694874929868,0.0165637075743218
1,"Deaths",1793,"Worcester County",25027,512,"Asbestosis",2,"Female",27,"Age-standardized",1987,"Rate",0.0107090963109972,0.0061301743280587,0.0182717032055602
1,"Deaths",1793,"Worcester County",25027,512,"Asbestosis",2,"Female",27,"Age-standardized",1988,"Rate",0.0109131754346388,0.0060513666397707,0.0184898924823953
1,"Deaths",1793,"Worcester County",25027,512,"Asbestosis",2,"Female",27,"Age-standardized",1989,"Rate",0.0117467587406705,0.00650633712971422,0.0204493525373901
1,"Deaths",1793,"Worcester County",25027,512,"Asbestosis",2,"Female",27,"Age-standardized",1990,"Rate",0.0121864764133254,0.00656419825682,0.0209737540116107
1,"Deaths",1793,"Worcester County",25027,512,"Asbestosis",2,"Female",27,"Age-standardized",1991,"Rate",0.0129651055938635,0.00694465098386113,0.0228118247532199
1,"Deaths",1793,"Worcester County",25027,512,"Asbestosis",2,"Female",27,"Age-standardized",1992,"Rate",0.0124733001099915,0.00662208439157286,0.0216011865427672
1,"Deaths",1793,"Worcester County",25027,512,"Asbestosis",2,"Female",27,"Age-standardized",1993,"Rate",0.0126280695147031,0.00671489133887364,0.0215377036754578
1,"Deaths",1793,"Worcester County",25027,512,"Asbestosis",2,"Female",27,"Age-standardized",1994,"Rate",0.0132467292021463,0.00671858481436128,0.0228971106281874
1,"Deaths",1793,"Worcester County",25027,512,"Asbestosis",2,"Female",27,"Age-standardized",1995,"Rate",0.0134414649171515,0.00673647521351008,0.0236381471918988
1,"Deaths",1793,"Worcester County",25027,512,"Asbestosis",2,"Female",27,"Age-standardized",1996,"Rate",0.0134120840932964,0.00694477676770342,0.023495155796113
1,"Deaths",1793,"Worcester County",25027,512,"Asbestosis",2,"Female",27,"Age-standardized",1997,"Rate",0.0144254246871908,0.00720837092915551,0.0257196669329994
1,"Deaths",1793,"Worcester County",25027,512,"Asbestosis",2,"Female",27,"Age-standardized",1998,"Rate",0.015049153052045,0.0073015350910369,0.0262458914505763
1,"Deaths",1793,"Worcester County",25027,512,"Asbestosis",2,"Female",27,"Age-standardized",1999,"Rate",0.0151026314184584,0.0074960914079047,0.0268228882224659
1,"Deaths",1793,"Worcester County",25027,512,"Asbestosis",2,"Female",27,"Age-standardized",2000,"Rate",0.0173313648846733,0.00823072099500152,0.0312879857161782
1,"Deaths",1793,"Worcester County",25027,512,"Asbestosis",2,"Female",27,"Age-standardized",2001,"Rate",0.0176934210962861,0.00841925963900542,0.0317775904986399
1,"Deaths",1793,"Worcester County",25027,512,"Asbestosis",2,"Female",27,"Age-standardized",2002,"Rate",0.0190002122474556,0.0086018528188047,0.03436083942388
1,"Deaths",1793,"Worcester County",25027,512,"Asbestosis",2,"Female",27,"Age-standardized",2003,"Rate",0.0190257488913633,0.00907348129808886,0.03419568237511
1,"Deaths",1793,"Worcester County",25027,512,"Asbestosis",2,"Female",27,"Age-standardized",2004,"Rate",0.0185614064706713,0.00850272066076765,0.0346374656354482
1,"Deaths",1793,"Worcester County",25027,512,"Asbestosis",2,"Female",27,"Age-standardized",2005,"Rate",0.0186433448784705,0.00855508292044243,0.0347428939352144
1,"Deaths",1793,"Worcester County",25027,512,"Asbestosis",2,"Female",27,"Age-standardized",2006,"Rate",0.0183861905901957,0.00811262446101469,0.0340840803797197
1,"Deaths",1793,"Worcester County",25027,512,"Asbestosis",2,"Female",27,"Age-standardized",2007,"Rate",0.0186357872371202,0.00834984874404275,0.034890382633434
1,"Deaths",1793,"Worcester County",25027,512,"Asbestosis",2,"Female",27,"Age-standardized",2008,"Rate",0.0187371321987318,0.00832567228794249,0.0365238139378036
1,"Deaths",1793,"Worcester County",25027,512,"Asbestosis",2,"Female",27,"Age-standardized",2009,"Rate",0.0190173494451588,0.00850500148145367,0.037011761946688
1,"Deaths",1793,"Worcester County",25027,512,"Asbestosis",2,"Female",27,"Age-standardized",2010,"Rate",0.0180854867244358,0.00779988875319952,0.0346454274869825
1,"Deaths",1793,"Worcester County",25027,512,"Asbestosis",2,"Female",27,"Age-standardized",2011,"Rate",0.018195167315652,0.00790914877502274,0.0359965907982724
1,"Deaths",1793,"Worcester County",25027,512,"Asbestosis",2,"Female",27,"Age-standardized",2012,"Rate",0.0181210397979305,0.00775591277016918,0.0353173549684361
1,"Deaths",1793,"Worcester County",25027,512,"Asbestosis",2,"Female",27,"Age-standardized",2013,"Rate",0.0175791577512433,0.00720266568080176,0.0341437158457333
1,"Deaths",1793,"Worcester County",25027,512,"Asbestosis",2,"Female",27,"Age-standardized",2014,"Rate",0.018166638064768,0.00757575366958312,0.0369770256678968
1,"Deaths",1793,"Worcester County",25027,512,"Asbestosis",3,"Both",27,"Age-standardized",1980,"Rate",0.0599714990267653,0.0329785135623554,0.103061996612944
1,"Deaths",1793,"Worcester County",25027,512,"Asbestosis",3,"Both",27,"Age-standardized",1981,"Rate",0.0572478892623834,0.0330874803876931,0.0927927399984433
1,"Deaths",1793,"Worcester County",25027,512,"Asbestosis",3,"Both",27,"Age-standardized",1982,"Rate",0.0570935243133928,0.0327154063816354,0.0955371609627651
1,"Deaths",1793,"Worcester County",25027,512,"Asbestosis",3,"Both",27,"Age-standardized",1983,"Rate",0.062799683039652,0.0371740750708836,0.103136690798041
1,"Deaths",1793,"Worcester County",25027,512,"Asbestosis",3,"Both",27,"Age-standardized",1984,"Rate",0.0666725290710183,0.0395354282970122,0.105042519820313
1,"Deaths",1793,"Worcester County",25027,512,"Asbestosis",3,"Both",27,"Age-standardized",1985,"Rate",0.0745988375389641,0.0445747731544702,0.115535351721556
1,"Deaths",1793,"Worcester County",25027,512,"Asbestosis",3,"Both",27,"Age-standardized",1986,"Rate",0.0799274695996831,0.0482660968632498,0.123238150343774
1,"Deaths",1793,"Worcester County",25027,512,"Asbestosis",3,"Both",27,"Age-standardized",1987,"Rate",0.0857891091880985,0.0530202053405612,0.131885985317003
1,"Deaths",1793,"Worcester County",25027,512,"Asbestosis",3,"Both",27,"Age-standardized",1988,"Rate",0.0854693141873759,0.0537975690272184,0.12643642253549
1,"Deaths",1793,"Worcester County",25027,512,"Asbestosis",3,"Both",27,"Age-standardized",1989,"Rate",0.092177308662274,0.0591393237185499,0.133354677500251
1,"Deaths",1793,"Worcester County",25027,512,"Asbestosis",3,"Both",27,"Age-standardized",1990,"Rate",0.0950269113954112,0.0606364130322724,0.132888556128271
1,"Deaths",1793,"Worcester County",25027,512,"Asbestosis",3,"Both",27,"Age-standardized",1991,"Rate",0.095142600443076,0.0611934566092688,0.135925859249891
1,"Deaths",1793,"Worcester County",25027,512,"Asbestosis",3,"Both",27,"Age-standardized",1992,"Rate",0.102230369058059,0.0665233686692721,0.143780876552718
1,"Deaths",1793,"Worcester County",25027,512,"Asbestosis",3,"Both",27,"Age-standardized",1993,"Rate",0.105302151918168,0.0674162861895447,0.146638640650215
1,"Deaths",1793,"Worcester County",25027,512,"Asbestosis",3,"Both",27,"Age-standardized",1994,"Rate",0.111990847628974,0.0700298595066543,0.153992928805545
1,"Deaths",1793,"Worcester County",25027,512,"Asbestosis",3,"Both",27,"Age-standardized",1995,"Rate",0.119320194597859,0.077000820799069,0.169623492204717
1,"Deaths",1793,"Worcester County",25027,512,"Asbestosis",3,"Both",27,"Age-standardized",1996,"Rate",0.12163242187392,0.0786335113325463,0.165718178292638
1,"Deaths",1793,"Worcester County",25027,512,"Asbestosis",3,"Both",27,"Age-standardized",1997,"Rate",0.132181997041118,0.0861766401796981,0.182695513449494
1,"Deaths",1793,"Worcester County",25027,512,"Asbestosis",3,"Both",27,"Age-standardized",1998,"Rate",0.142757528081984,0.0941414350367504,0.195165482429189
1,"Deaths",1793,"Worcester County",25027,512,"Asbestosis",3,"Both",27,"Age-standardized",1999,"Rate",0.142451928074507,0.0916664914282149,0.203076337557541
1,"Deaths",1793,"Worcester County",25027,512,"Asbestosis",3,"Both",27,"Age-standardized",2000,"Rate",0.148937859062374,0.0959268460376567,0.203423718082122
1,"Deaths",1793,"Worcester County",25027,512,"Asbestosis",3,"Both",27,"Age-standardized",2001,"Rate",0.14713890431243,0.096007855186354,0.205931674986131
1,"Deaths",1793,"Worcester County",25027,512,"Asbestosis",3,"Both",27,"Age-standardized",2002,"Rate",0.149791110049151,0.100921467986164,0.205881599092744
1,"Deaths",1793,"Worcester County",25027,512,"Asbestosis",3,"Both",27,"Age-standardized",2003,"Rate",0.147633233977401,0.097181334258994,0.203776571909045
1,"Deaths",1793,"Worcester County",25027,512,"Asbestosis",3,"Both",27,"Age-standardized",2004,"Rate",0.139519507177022,0.0923740461949911,0.192105690126557
1,"Deaths",1793,"Worcester County",25027,512,"Asbestosis",3,"Both",27,"Age-standardized",2005,"Rate",0.138232062112651,0.0935851666185819,0.187311823093868
1,"Deaths",1793,"Worcester County",25027,512,"Asbestosis",3,"Both",27,"Age-standardized",2006,"Rate",0.13674566475946,0.0923291963066731,0.193693452146677
1,"Deaths",1793,"Worcester County",25027,512,"Asbestosis",3,"Both",27,"Age-standardized",2007,"Rate",0.132192815542136,0.0849305320757456,0.183917244327427
1,"Deaths",1793,"Worcester County",25027,512,"Asbestosis",3,"Both",27,"Age-standardized",2008,"Rate",0.128422745858513,0.0848056096656557,0.178262858958586
1,"Deaths",1793,"Worcester County",25027,512,"Asbestosis",3,"Both",27,"Age-standardized",2009,"Rate",0.125166123343549,0.0815924574691613,0.177733685921382
1,"Deaths",1793,"Worcester County",25027,512,"Asbestosis",3,"Both",27,"Age-standardized",2010,"Rate",0.123947715718793,0.0811199201443737,0.174988773809733
1,"Deaths",1793,"Worcester County",25027,512,"Asbestosis",3,"Both",27,"Age-standardized",2011,"Rate",0.118008119948478,0.0782569374871711,0.172884297242546
1,"Deaths",1793,"Worcester County",25027,512,"Asbestosis",3,"Both",27,"Age-standardized",2012,"Rate",0.116920006094328,0.0753917055360419,0.171738141872828
1,"Deaths",1793,"Worcester County",25027,512,"Asbestosis",3,"Both",27,"Age-standardized",2013,"Rate",0.11918788219374,0.0768943537744724,0.173750963040969
1,"Deaths",1793,"Worcester County",25027,512,"Asbestosis",3,"Both",27,"Age-standardized",2014,"Rate",0.12448447202562,0.0777681363345697,0.184379038135665
1,"Deaths",544,"Massachusetts",25,513,"Coal workers pneumoconiosis",1,"Male",27,"Age-standardized",1980,"Rate",0.0205654334798105,0.0078143864733422,0.0390382554109691
1,"Deaths",544,"Massachusetts",25,513,"Coal workers pneumoconiosis",1,"Male",27,"Age-standardized",1981,"Rate",0.0197358756177343,0.00725255135115025,0.0371211921011614
1,"Deaths",544,"Massachusetts",25,513,"Coal workers pneumoconiosis",1,"Male",27,"Age-standardized",1982,"Rate",0.0204345437926145,0.00761516757274847,0.0379649801966641
1,"Deaths",544,"Massachusetts",25,513,"Coal workers pneumoconiosis",1,"Male",27,"Age-standardized",1983,"Rate",0.0220514964067425,0.00885015659563667,0.0409311473914338
1,"Deaths",544,"Massachusetts",25,513,"Coal workers pneumoconiosis",1,"Male",27,"Age-standardized",1984,"Rate",0.0184876061269217,0.00723242362045011,0.0334594320004523
1,"Deaths",544,"Massachusetts",25,513,"Coal workers pneumoconiosis",1,"Male",27,"Age-standardized",1985,"Rate",0.0195437207209902,0.0083774332232455,0.0355346689884559
1,"Deaths",544,"Massachusetts",25,513,"Coal workers pneumoconiosis",1,"Male",27,"Age-standardized",1986,"Rate",0.0193120825436489,0.00835112158455359,0.0354055005542471
1,"Deaths",544,"Massachusetts",25,513,"Coal workers pneumoconiosis",1,"Male",27,"Age-standardized",1987,"Rate",0.0181493218923557,0.00820366091825102,0.0326627073710446
1,"Deaths",544,"Massachusetts",25,513,"Coal workers pneumoconiosis",1,"Male",27,"Age-standardized",1988,"Rate",0.016424078100608,0.00736701344148654,0.0291479087331087
1,"Deaths",544,"Massachusetts",25,513,"Coal workers pneumoconiosis",1,"Male",27,"Age-standardized",1989,"Rate",0.0166123791641953,0.00780899004265479,0.0292541096123186
1,"Deaths",544,"Massachusetts",25,513,"Coal workers pneumoconiosis",1,"Male",27,"Age-standardized",1990,"Rate",0.0138287603835385,0.00632610808098242,0.0259197218582426
1,"Deaths",544,"Massachusetts",25,513,"Coal workers pneumoconiosis",1,"Male",27,"Age-standardized",1991,"Rate",0.0144259649137081,0.00666754058662055,0.0263001954742187
1,"Deaths",544,"Massachusetts",25,513,"Coal workers pneumoconiosis",1,"Male",27,"Age-standardized",1992,"Rate",0.0149966078150563,0.00679174547974842,0.026847536052178
1,"Deaths",544,"Massachusetts",25,513,"Coal workers pneumoconiosis",1,"Male",27,"Age-standardized",1993,"Rate",0.01382544362242,0.00656922957444021,0.0251142953143575
1,"Deaths",544,"Massachusetts",25,513,"Coal workers pneumoconiosis",1,"Male",27,"Age-standardized",1994,"Rate",0.013110622030032,0.00571438506642779,0.0249545027240013
1,"Deaths",544,"Massachusetts",25,513,"Coal workers pneumoconiosis",1,"Male",27,"Age-standardized",1995,"Rate",0.0129889434928994,0.00590441907164514,0.0243300376893119
1,"Deaths",544,"Massachusetts",25,513,"Coal workers pneumoconiosis",1,"Male",27,"Age-standardized",1996,"Rate",0.0119223547020364,0.00516044654407428,0.0235273396803776
1,"Deaths",544,"Massachusetts",25,513,"Coal workers pneumoconiosis",1,"Male",27,"Age-standardized",1997,"Rate",0.0117382288395567,0.00520941313645767,0.0236215753408579
1,"Deaths",544,"Massachusetts",25,513,"Coal workers pneumoconiosis",1,"Male",27,"Age-standardized",1998,"Rate",0.0111043964699566,0.00466826073695356,0.0228576781538251
1,"Deaths",544,"Massachusetts",25,513,"Coal workers pneumoconiosis",1,"Male",27,"Age-standardized",1999,"Rate",0.0102497800591491,0.00424019891476062,0.0213761536927606
1,"Deaths",544,"Massachusetts",25,513,"Coal workers pneumoconiosis",1,"Male",27,"Age-standardized",2000,"Rate",0.00908794376485139,0.00356837772838659,0.02015661871942
1,"Deaths",544,"Massachusetts",25,513,"Coal workers pneumoconiosis",1,"Male",27,"Age-standardized",2001,"Rate",0.0079798703422714,0.00308154126111915,0.0183563153904857
1,"Deaths",544,"Massachusetts",25,513,"Coal workers pneumoconiosis",1,"Male",27,"Age-standardized",2002,"Rate",0.00761623467352076,0.00289521346084604,0.0170947940269539
1,"Deaths",544,"Massachusetts",25,513,"Coal workers pneumoconiosis",1,"Male",27,"Age-standardized",2003,"Rate",0.00727675561834719,0.00275525619210036,0.0174075532413926
1,"Deaths",544,"Massachusetts",25,513,"Coal workers pneumoconiosis",1,"Male",27,"Age-standardized",2004,"Rate",0.00634482904220093,0.00227616440961926,0.0148329619842551
1,"Deaths",544,"Massachusetts",25,513,"Coal workers pneumoconiosis",1,"Male",27,"Age-standardized",2005,"Rate",0.00610559881080662,0.00225812627967469,0.0143132776004834
1,"Deaths",544,"Massachusetts",25,513,"Coal workers pneumoconiosis",1,"Male",27,"Age-standardized",2006,"Rate",0.00530942040536151,0.00188349209388604,0.0120196258049303
1,"Deaths",544,"Massachusetts",25,513,"Coal workers pneumoconiosis",1,"Male",27,"Age-standardized",2007,"Rate",0.00501907995853446,0.00171551476104618,0.0121700437201093
1,"Deaths",544,"Massachusetts",25,513,"Coal workers pneumoconiosis",1,"Male",27,"Age-standardized",2008,"Rate",0.00475212659250802,0.00155962319102905,0.0112288861711209
1,"Deaths",544,"Massachusetts",25,513,"Coal workers pneumoconiosis",1,"Male",27,"Age-standardized",2009,"Rate",0.0046116006241024,0.00153414366581564,0.0113800080544778
1,"Deaths",544,"Massachusetts",25,513,"Coal workers pneumoconiosis",1,"Male",27,"Age-standardized",2010,"Rate",0.00456989295282018,0.00133531771959721,0.011644702485687
1,"Deaths",544,"Massachusetts",25,513,"Coal workers pneumoconiosis",1,"Male",27,"Age-standardized",2011,"Rate",0.00446289328245023,0.0012918168578408,0.0111671768438411
1,"Deaths",544,"Massachusetts",25,513,"Coal workers pneumoconiosis",1,"Male",27,"Age-standardized",2012,"Rate",0.00424539401110183,0.0012114835096999,0.0109139476142631
1,"Deaths",544,"Massachusetts",25,513,"Coal workers pneumoconiosis",1,"Male",27,"Age-standardized",2013,"Rate",0.00437091501222838,0.00124141079530392,0.011427386822845
1,"Deaths",544,"Massachusetts",25,513,"Coal workers pneumoconiosis",1,"Male",27,"Age-standardized",2014,"Rate",0.00477208030250172,0.00122106545816094,0.0128863818347237
1,"Deaths",544,"Massachusetts",25,513,"Coal workers pneumoconiosis",2,"Female",27,"Age-standardized",1980,"Rate",0.00236947906283969,0.00112482446870036,0.00461197652394401
1,"Deaths",544,"Massachusetts",25,513,"Coal workers pneumoconiosis",2,"Female",27,"Age-standardized",1981,"Rate",0.00222793600932265,0.00103318788432079,0.00432486657249919
1,"Deaths",544,"Massachusetts",25,513,"Coal workers pneumoconiosis",2,"Female",27,"Age-standardized",1982,"Rate",0.00220444899589408,0.00103830584140731,0.0042309545509465
1,"Deaths",544,"Massachusetts",25,513,"Coal workers pneumoconiosis",2,"Female",27,"Age-standardized",1983,"Rate",0.0023567173443305,0.00111585873626369,0.00462087211156983
1,"Deaths",544,"Massachusetts",25,513,"Coal workers pneumoconiosis",2,"Female",27,"Age-standardized",1984,"Rate",0.00253911368022868,0.00119124438637739,0.0049359091633163
1,"Deaths",544,"Massachusetts",25,513,"Coal workers pneumoconiosis",2,"Female",27,"Age-standardized",1985,"Rate",0.00263724198988545,0.00124676048422381,0.00525168597770579
1,"Deaths",544,"Massachusetts",25,513,"Coal workers pneumoconiosis",2,"Female",27,"Age-standardized",1986,"Rate",0.00256139102369742,0.00120536377529486,0.00499198063023835
1,"Deaths",544,"Massachusetts",25,513,"Coal workers pneumoconiosis",2,"Female",27,"Age-standardized",1987,"Rate",0.00222640222692359,0.00105344554944785,0.00423589247070151
1,"Deaths",544,"Massachusetts",25,513,"Coal workers pneumoconiosis",2,"Female",27,"Age-standardized",1988,"Rate",0.00191402553965361,0.000888932788568499,0.00372833823012881
1,"Deaths",544,"Massachusetts",25,513,"Coal workers pneumoconiosis",2,"Female",27,"Age-standardized",1989,"Rate",0.00149736530278399,0.000706200469828924,0.00291526039318998
1,"Deaths",544,"Massachusetts",25,513,"Coal workers pneumoconiosis",2,"Female",27,"Age-standardized",1990,"Rate",0.00125697368642912,0.000610486313030489,0.00251361961839095
1,"Deaths",544,"Massachusetts",25,513,"Coal workers pneumoconiosis",2,"Female",27,"Age-standardized",1991,"Rate",0.000887689106358208,0.000423476075318188,0.00173922955441314
1,"Deaths",544,"Massachusetts",25,513,"Coal workers pneumoconiosis",2,"Female",27,"Age-standardized",1992,"Rate",0.000651567074492518,0.000308013557192426,0.00128249056551318
1,"Deaths",544,"Massachusetts",25,513,"Coal workers pneumoconiosis",2,"Female",27,"Age-standardized",1993,"Rate",0.000936418572884512,0.000447018165073089,0.00184886682349829
1,"Deaths",544,"Massachusetts",25,513,"Coal workers pneumoconiosis",2,"Female",27,"Age-standardized",1994,"Rate",0.000796786824421347,0.000378443787059056,0.00160716202072061
1,"Deaths",544,"Massachusetts",25,513,"Coal workers pneumoconiosis",2,"Female",27,"Age-standardized",1995,"Rate",0.000896849219401173,0.000424586001075031,0.00182193366880418
1,"Deaths",544,"Massachusetts",25,513,"Coal workers pneumoconiosis",2,"Female",27,"Age-standardized",1996,"Rate",0.000974267019154035,0.000463940280805509,0.00198679917651922
1,"Deaths",544,"Massachusetts",25,513,"Coal workers pneumoconiosis",2,"Female",27,"Age-standardized",1997,"Rate",0.00103824681427863,0.000476903868264531,0.00208369111970237
1,"Deaths",544,"Massachusetts",25,513,"Coal workers pneumoconiosis",2,"Female",27,"Age-standardized",1998,"Rate",0.00120005406465239,0.000553424020644868,0.00249559402878988
1,"Deaths",544,"Massachusetts",25,513,"Coal workers pneumoconiosis",2,"Female",27,"Age-standardized",1999,"Rate",0.00114092365166028,0.000507454764981759,0.00230490374513776
1,"Deaths",544,"Massachusetts",25,513,"Coal workers pneumoconiosis",2,"Female",27,"Age-standardized",2000,"Rate",0.0012600184430716,0.00057567682320503,0.00254747372126383
1,"Deaths",544,"Massachusetts",25,513,"Coal workers pneumoconiosis",2,"Female",27,"Age-standardized",2001,"Rate",0.00117203872866149,0.000533808794260998,0.00234525194822848
1,"Deaths",544,"Massachusetts",25,513,"Coal workers pneumoconiosis",2,"Female",27,"Age-standardized",2002,"Rate",0.00108765793620232,0.000489090990506967,0.00217781422387418
1,"Deaths",544,"Massachusetts",25,513,"Coal workers pneumoconiosis",2,"Female",27,"Age-standardized",2003,"Rate",0.00106198490643209,0.000487670594201014,0.00215656900082581
1,"Deaths",544,"Massachusetts",25,513,"Coal workers pneumoconiosis",2,"Female",27,"Age-standardized",2004,"Rate",0.00105740238962874,0.000471951445482272,0.00220557426412379
1,"Deaths",544,"Massachusetts",25,513,"Coal workers pneumoconiosis",2,"Female",27,"Age-standardized",2005,"Rate",0.000946073766706161,0.000420278094586409,0.00199533931008438
1,"Deaths",544,"Massachusetts",25,513,"Coal workers pneumoconiosis",2,"Female",27,"Age-standardized",2006,"Rate",0.000955554676763491,0.000418964270858218,0.00200931166718482
1,"Deaths",544,"Massachusetts",25,513,"Coal workers pneumoconiosis",2,"Female",27,"Age-standardized",2007,"Rate",0.000775213534808293,0.000338607013303635,0.00164567704346606
1,"Deaths",544,"Massachusetts",25,513,"Coal workers pneumoconiosis",2,"Female",27,"Age-standardized",2008,"Rate",0.00091478396416809,0.000386035596819797,0.00193249997852979
1,"Deaths",544,"Massachusetts",25,513,"Coal workers pneumoconiosis",2,"Female",27,"Age-standardized",2009,"Rate",0.000899747160675559,0.000381648299105303,0.00198916363686042
1,"Deaths",544,"Massachusetts",25,513,"Coal workers pneumoconiosis",2,"Female",27,"Age-standardized",2010,"Rate",0.000845243609277888,0.000351465506965658,0.0018496216780909
1,"Deaths",544,"Massachusetts",25,513,"Coal workers pneumoconiosis",2,"Female",27,"Age-standardized",2011,"Rate",0.000860764238454931,0.000354918693063932,0.00188915019139548
1,"Deaths",544,"Massachusetts",25,513,"Coal workers pneumoconiosis",2,"Female",27,"Age-standardized",2012,"Rate",0.00081046391475373,0.000331244497982653,0.00184253944415535
1,"Deaths",544,"Massachusetts",25,513,"Coal workers pneumoconiosis",2,"Female",27,"Age-standardized",2013,"Rate",0.00087244634557346,0.000347488969032497,0.00198617333767863
1,"Deaths",544,"Massachusetts",25,513,"Coal workers pneumoconiosis",2,"Female",27,"Age-standardized",2014,"Rate",0.000862378700496397,0.000337543422969134,0.00197197332224801
1,"Deaths",544,"Massachusetts",25,513,"Coal workers pneumoconiosis",3,"Both",27,"Age-standardized",1980,"Rate",0.00884122609952509,0.00394580953629152,0.0152601898810892
1,"Deaths",544,"Massachusetts",25,513,"Coal workers pneumoconiosis",3,"Both",27,"Age-standardized",1981,"Rate",0.00841643585673712,0.00363073551616122,0.0145692301989579
1,"Deaths",544,"Massachusetts",25,513,"Coal workers pneumoconiosis",3,"Both",27,"Age-standardized",1982,"Rate",0.00863868181028944,0.00399937348618774,0.0146742602388137
1,"Deaths",544,"Massachusetts",25,513,"Coal workers pneumoconiosis",3,"Both",27,"Age-standardized",1983,"Rate",0.00926296444749499,0.00442420873677715,0.0158482125302305
1,"Deaths",544,"Massachusetts",25,513,"Coal workers pneumoconiosis",3,"Both",27,"Age-standardized",1984,"Rate",0.00812141190653834,0.00402458030972038,0.0131562866381203
1,"Deaths",544,"Massachusetts",25,513,"Coal workers pneumoconiosis",3,"Both",27,"Age-standardized",1985,"Rate",0.00850660018192982,0.00425260294994322,0.0140567233107625
1,"Deaths",544,"Massachusetts",25,513,"Coal workers pneumoconiosis",3,"Both",27,"Age-standardized",1986,"Rate",0.00831777440789226,0.00428828371428182,0.0136163386419411
1,"Deaths",544,"Massachusetts",25,513,"Coal workers pneumoconiosis",3,"Both",27,"Age-standardized",1987,"Rate",0.00765227788485894,0.00406029173002666,0.012347579965597
1,"Deaths",544,"Massachusetts",25,513,"Coal workers pneumoconiosis",3,"Both",27,"Age-standardized",1988,"Rate",0.00682581936079001,0.00361862062732623,0.0109977361312745
1,"Deaths",544,"Massachusetts",25,513,"Coal workers pneumoconiosis",3,"Both",27,"Age-standardized",1989,"Rate",0.00657796612696058,0.00344115304735941,0.0108766443504463
1,"Deaths",544,"Massachusetts",25,513,"Coal workers pneumoconiosis",3,"Both",27,"Age-standardized",1990,"Rate",0.00544624750081082,0.00290637543612462,0.00934542483423037
1,"Deaths",544,"Massachusetts",25,513,"Coal workers pneumoconiosis",3,"Both",27,"Age-standardized",1991,"Rate",0.00538837010510036,0.00276237320022965,0.00925233635291312
1,"Deaths",544,"Massachusetts",25,513,"Coal workers pneumoconiosis",3,"Both",27,"Age-standardized",1992,"Rate",0.00537580406041015,0.00266183523632924,0.00952325369265908
1,"Deaths",544,"Massachusetts",25,513,"Coal workers pneumoconiosis",3,"Both",27,"Age-standardized",1993,"Rate",0.0051702346188199,0.00266933092521956,0.00889705998508527
1,"Deaths",544,"Massachusetts",25,513,"Coal workers pneumoconiosis",3,"Both",27,"Age-standardized",1994,"Rate",0.00483045566313852,0.00233451487619371,0.00870251466776618
1,"Deaths",544,"Massachusetts",25,513,"Coal workers pneumoconiosis",3,"Both",27,"Age-standardized",1995,"Rate",0.00487066446812256,0.00243181996936912,0.00866016708334856
1,"Deaths",544,"Massachusetts",25,513,"Coal workers pneumoconiosis",3,"Both",27,"Age-standardized",1996,"Rate",0.00455560245493103,0.00224230462437559,0.00846467605840463
1,"Deaths",544,"Massachusetts",25,513,"Coal workers pneumoconiosis",3,"Both",27,"Age-standardized",1997,"Rate",0.0045575146033393,0.00233305053856274,0.00840525804292287
1,"Deaths",544,"Massachusetts",25,513,"Coal workers pneumoconiosis",3,"Both",27,"Age-standardized",1998,"Rate",0.00446324153149018,0.00216561821614658,0.00847483637119297
1,"Deaths",544,"Massachusetts",25,513,"Coal workers pneumoconiosis",3,"Both",27,"Age-standardized",1999,"Rate",0.00416583411816043,0.00196242882634017,0.00778521744722352
1,"Deaths",544,"Massachusetts",25,513,"Coal workers pneumoconiosis",3,"Both",27,"Age-standardized",2000,"Rate",0.00387377681608777,0.0018509127935464,0.00761482052845281
1,"Deaths",544,"Massachusetts",25,513,"Coal workers pneumoconiosis",3,"Both",27,"Age-standardized",2001,"Rate",0.00346276660769684,0.00164193608491928,0.00694866913245931
1,"Deaths",544,"Massachusetts",25,513,"Coal workers pneumoconiosis",3,"Both",27,"Age-standardized",2002,"Rate",0.00330987315874262,0.00160351581288176,0.00653587108420625
1,"Deaths",544,"Massachusetts",25,513,"Coal workers pneumoconiosis",3,"Both",27,"Age-standardized",2003,"Rate",0.00320114319453455,0.00150282227455603,0.00669761353001126
1,"Deaths",544,"Massachusetts",25,513,"Coal workers pneumoconiosis",3,"Both",27,"Age-standardized",2004,"Rate",0.00289594035195354,0.00135410127397212,0.00594847364251864
1,"Deaths",544,"Massachusetts",25,513,"Coal workers pneumoconiosis",3,"Both",27,"Age-standardized",2005,"Rate",0.00276142580421894,0.00124628111408254,0.00566882501857097
1,"Deaths",544,"Massachusetts",25,513,"Coal workers pneumoconiosis",3,"Both",27,"Age-standardized",2006,"Rate",0.00250986186382471,0.00113187774251044,0.00514825191645465
1,"Deaths",544,"Massachusetts",25,513,"Coal workers pneumoconiosis",3,"Both",27,"Age-standardized",2007,"Rate",0.00231893124704027,0.00101768055169244,0.00493582116340307
1,"Deaths",544,"Massachusetts",25,513,"Coal workers pneumoconiosis",3,"Both",27,"Age-standardized",2008,"Rate",0.00232523304801405,0.00100383917772598,0.00479520488024639
1,"Deaths",544,"Massachusetts",25,513,"Coal workers pneumoconiosis",3,"Both",27,"Age-standardized",2009,"Rate",0.00228833862453759,0.000986948654585569,0.00493982916128056
1,"Deaths",544,"Massachusetts",25,513,"Coal workers pneumoconiosis",3,"Both",27,"Age-standardized",2010,"Rate",0.00225031902928523,0.000934881787377506,0.00497500921105644
1,"Deaths",544,"Massachusetts",25,513,"Coal workers pneumoconiosis",3,"Both",27,"Age-standardized",2011,"Rate",0.00222583826973483,0.000921709819783517,0.00481912142149051
1,"Deaths",544,"Massachusetts",25,513,"Coal workers pneumoconiosis",3,"Both",27,"Age-standardized",2012,"Rate",0.00212513480849869,0.000832403540973576,0.00469753347481502
1,"Deaths",544,"Massachusetts",25,513,"Coal workers pneumoconiosis",3,"Both",27,"Age-standardized",2013,"Rate",0.00222034034728748,0.000853493696174191,0.00491564890432822
1,"Deaths",544,"Massachusetts",25,513,"Coal workers pneumoconiosis",3,"Both",27,"Age-standardized",2014,"Rate",0.00236541801086566,0.000889830081840505,0.00551421500488868
1,"Deaths",1800,"Barnstable County",25001,513,"Coal workers pneumoconiosis",1,"Male",27,"Age-standardized",1980,"Rate",0.0131419437190779,0.00058817958919722,0.0591225500600794
1,"Deaths",1800,"Barnstable County",25001,513,"Coal workers pneumoconiosis",1,"Male",27,"Age-standardized",1981,"Rate",0.0136620851032675,0.000618846093581029,0.062854487329369
1,"Deaths",1800,"Barnstable County",25001,513,"Coal workers pneumoconiosis",1,"Male",27,"Age-standardized",1982,"Rate",0.0139517890626988,0.000701788264422514,0.0647347461201672
1,"Deaths",1800,"Barnstable County",25001,513,"Coal workers pneumoconiosis",1,"Male",27,"Age-standardized",1983,"Rate",0.0146901308251725,0.000770134126133239,0.0659861158507912
1,"Deaths",1800,"Barnstable County",25001,513,"Coal workers pneumoconiosis",1,"Male",27,"Age-standardized",1984,"Rate",0.0132459809820202,0.000731581881097258,0.0605797133254347
1,"Deaths",1800,"Barnstable County",25001,513,"Coal workers pneumoconiosis",1,"Male",27,"Age-standardized",1985,"Rate",0.0136320533374483,0.000751438206496508,0.0635924770192256
1,"Deaths",1800,"Barnstable County",25001,513,"Coal workers pneumoconiosis",1,"Male",27,"Age-standardized",1986,"Rate",0.0139643261492266,0.000756367791669355,0.0678572577432832
1,"Deaths",1800,"Barnstable County",25001,513,"Coal workers pneumoconiosis",1,"Male",27,"Age-standardized",1987,"Rate",0.0137274911511948,0.000763996733182341,0.0642644747556099
1,"Deaths",1800,"Barnstable County",25001,513,"Coal workers pneumoconiosis",1,"Male",27,"Age-standardized",1988,"Rate",0.0123214590536413,0.000648736292542375,0.0539999699237213
1,"Deaths",1800,"Barnstable County",25001,513,"Coal workers pneumoconiosis",1,"Male",27,"Age-standardized",1989,"Rate",0.0125407397527445,0.000669628021426407,0.0599522195386436
1,"Deaths",1800,"Barnstable County",25001,513,"Coal workers pneumoconiosis",1,"Male",27,"Age-standardized",1990,"Rate",0.0108188033366318,0.000572055031272467,0.0535247544317592
1,"Deaths",1800,"Barnstable County",25001,513,"Coal workers pneumoconiosis",1,"Male",27,"Age-standardized",1991,"Rate",0.0116805618546464,0.000587319794119332,0.0619652166052046
1,"Deaths",1800,"Barnstable County",25001,513,"Coal workers pneumoconiosis",1,"Male",27,"Age-standardized",1992,"Rate",0.012265191934115,0.000591512247027361,0.0610366204473517
1,"Deaths",1800,"Barnstable County",25001,513,"Coal workers pneumoconiosis",1,"Male",27,"Age-standardized",1993,"Rate",0.0110601583833498,0.000522289861859535,0.0563457160385278
1,"Deaths",1800,"Barnstable County",25001,513,"Coal workers pneumoconiosis",1,"Male",27,"Age-standardized",1994,"Rate",0.0107082260704483,0.000494932273110334,0.0510525918533335
1,"Deaths",1800,"Barnstable County",25001,513,"Coal workers pneumoconiosis",1,"Male",27,"Age-standardized",1995,"Rate",0.0111771893788025,0.000482556661424528,0.0560525645959031
1,"Deaths",1800,"Barnstable County",25001,513,"Coal workers pneumoconiosis",1,"Male",27,"Age-standardized",1996,"Rate",0.0094454420291056,0.000397012652581959,0.0456799083264023
1,"Deaths",1800,"Barnstable County",25001,513,"Coal workers pneumoconiosis",1,"Male",27,"Age-standardized",1997,"Rate",0.00976340196003546,0.000401998214778236,0.0524920231024822
1,"Deaths",1800,"Barnstable County",25001,513,"Coal workers pneumoconiosis",1,"Male",27,"Age-standardized",1998,"Rate",0.00923114125151311,0.00037665163630228,0.0499727676617841
1,"Deaths",1800,"Barnstable County",25001,513,"Coal workers pneumoconiosis",1,"Male",27,"Age-standardized",1999,"Rate",0.00881360276351748,0.000344442592706538,0.0438772898449948
1,"Deaths",1800,"Barnstable County",25001,513,"Coal workers pneumoconiosis",1,"Male",27,"Age-standardized",2000,"Rate",0.00782324935539435,0.000263228833727783,0.0427845017681538
1,"Deaths",1800,"Barnstable County",25001,513,"Coal workers pneumoconiosis",1,"Male",27,"Age-standardized",2001,"Rate",0.00749669454331951,0.000306813942557348,0.0401266972907317
1,"Deaths",1800,"Barnstable County",25001,513,"Coal workers pneumoconiosis",1,"Male",27,"Age-standardized",2002,"Rate",0.00724872939235683,0.000226970926360155,0.0384307022275829
1,"Deaths",1800,"Barnstable County",25001,513,"Coal workers pneumoconiosis",1,"Male",27,"Age-standardized",2003,"Rate",0.0067957232679663,0.000175617852011238,0.0372354714906209
1,"Deaths",1800,"Barnstable County",25001,513,"Coal workers pneumoconiosis",1,"Male",27,"Age-standardized",2004,"Rate",0.00605315841450323,0.000169537056218648,0.0310605644750439
1,"Deaths",1800,"Barnstable County",25001,513,"Coal workers pneumoconiosis",1,"Male",27,"Age-standardized",2005,"Rate",0.00592024339535722,0.000143106030283381,0.0338148255145725
1,"Deaths",1800,"Barnstable County",25001,513,"Coal workers pneumoconiosis",1,"Male",27,"Age-standardized",2006,"Rate",0.00538645137739658,0.0001166166897455,0.0298935626475557
1,"Deaths",1800,"Barnstable County",25001,513,"Coal workers pneumoconiosis",1,"Male",27,"Age-standardized",2007,"Rate",0.00527380030208454,0.000105427926835447,0.0310138775573967
1,"Deaths",1800,"Barnstable County",25001,513,"Coal workers pneumoconiosis",1,"Male",27,"Age-standardized",2008,"Rate",0.00522905450051958,0.000109536263871724,0.0310815698429637
1,"Deaths",1800,"Barnstable County",25001,513,"Coal workers pneumoconiosis",1,"Male",27,"Age-standardized",2009,"Rate",0.00525591794168757,9.28941824585964e-05,0.0318626881035014
1,"Deaths",1800,"Barnstable County",25001,513,"Coal workers pneumoconiosis",1,"Male",27,"Age-standardized",2010,"Rate",0.00560371199049346,9.77857695018569e-05,0.0337477964830491
1,"Deaths",1800,"Barnstable County",25001,513,"Coal workers pneumoconiosis",1,"Male",27,"Age-standardized",2011,"Rate",0.00560781314349127,8.36985787876384e-05,0.0337463597893341
1,"Deaths",1800,"Barnstable County",25001,513,"Coal workers pneumoconiosis",1,"Male",27,"Age-standardized",2012,"Rate",0.00523610316467871,8.13318142845261e-05,0.0346471324035397
1,"Deaths",1800,"Barnstable County",25001,513,"Coal workers pneumoconiosis",1,"Male",27,"Age-standardized",2013,"Rate",0.00552306440084305,7.82511925755364e-05,0.0357422259515099
1,"Deaths",1800,"Barnstable County",25001,513,"Coal workers pneumoconiosis",1,"Male",27,"Age-standardized",2014,"Rate",0.00606179864119257,7.22560490696174e-05,0.0381618216645256
1,"Deaths",1800,"Barnstable County",25001,513,"Coal workers pneumoconiosis",2,"Female",27,"Age-standardized",1980,"Rate",0.0020468369694969,0.000251164748212716,0.00735973245813764
1,"Deaths",1800,"Barnstable County",25001,513,"Coal workers pneumoconiosis",2,"Female",27,"Age-standardized",1981,"Rate",0.00198788890030781,0.000251909556712029,0.00723568531723165
1,"Deaths",1800,"Barnstable County",25001,513,"Coal workers pneumoconiosis",2,"Female",27,"Age-standardized",1982,"Rate",0.0020032944171474,0.000260753551560479,0.00751520726425867
1,"Deaths",1800,"Barnstable County",25001,513,"Coal workers pneumoconiosis",2,"Female",27,"Age-standardized",1983,"Rate",0.00219546776494421,0.000287407135301867,0.00818549095116329
1,"Deaths",1800,"Barnstable County",25001,513,"Coal workers pneumoconiosis",2,"Female",27,"Age-standardized",1984,"Rate",0.00240977220107376,0.000304502395117828,0.00915803666678324
1,"Deaths",1800,"Barnstable County",25001,513,"Coal workers pneumoconiosis",2,"Female",27,"Age-standardized",1985,"Rate",0.00258055614424011,0.000313997067285183,0.00947072428507532
1,"Deaths",1800,"Barnstable County",25001,513,"Coal workers pneumoconiosis",2,"Female",27,"Age-standardized",1986,"Rate",0.00255449876133573,0.000346314425084884,0.00903957438666491
1,"Deaths",1800,"Barnstable County",25001,513,"Coal workers pneumoconiosis",2,"Female",27,"Age-standardized",1987,"Rate",0.00228317088218473,0.000301676780822114,0.00782489125417884
1,"Deaths",1800,"Barnstable County",25001,513,"Coal workers pneumoconiosis",2,"Female",27,"Age-standardized",1988,"Rate",0.00200780890142852,0.000259152201677116,0.00726088912828238
1,"Deaths",1800,"Barnstable County",25001,513,"Coal workers pneumoconiosis",2,"Female",27,"Age-standardized",1989,"Rate",0.00162794481852861,0.000205244585365851,0.00594849480537823
1,"Deaths",1800,"Barnstable County",25001,513,"Coal workers pneumoconiosis",2,"Female",27,"Age-standardized",1990,"Rate",0.00137841446249271,0.000170267913711322,0.00481825813750051
1,"Deaths",1800,"Barnstable County",25001,513,"Coal workers pneumoconiosis",2,"Female",27,"Age-standardized",1991,"Rate",0.000966011076973634,0.000125181578194096,0.00354313432113832
1,"Deaths",1800,"Barnstable County",25001,513,"Coal workers pneumoconiosis",2,"Female",27,"Age-standardized",1992,"Rate",0.000707302781687052,8.82096678597766e-05,0.00250497192382696
1,"Deaths",1800,"Barnstable County",25001,513,"Coal workers pneumoconiosis",2,"Female",27,"Age-standardized",1993,"Rate",0.00103014730023397,0.000124730079484775,0.00368994427668306
1,"Deaths",1800,"Barnstable County",25001,513,"Coal workers pneumoconiosis",2,"Female",27,"Age-standardized",1994,"Rate",0.000855277471724261,0.00010481445473304,0.00291635717941339
1,"Deaths",1800,"Barnstable County",25001,513,"Coal workers pneumoconiosis",2,"Female",27,"Age-standardized",1995,"Rate",0.000946917887437399,0.000112088623082729,0.00343106196183515
1,"Deaths",1800,"Barnstable County",25001,513,"Coal workers pneumoconiosis",2,"Female",27,"Age-standardized",1996,"Rate",0.00104524096061697,0.000121300763999171,0.00381099438834198
1,"Deaths",1800,"Barnstable County",25001,513,"Coal workers pneumoconiosis",2,"Female",27,"Age-standardized",1997,"Rate",0.00109141352784196,0.000135849434369455,0.00393978167265377
1,"Deaths",1800,"Barnstable County",25001,513,"Coal workers pneumoconiosis",2,"Female",27,"Age-standardized",1998,"Rate",0.00128341082735673,0.000145499761891466,0.00446983732854593
1,"Deaths",1800,"Barnstable County",25001,513,"Coal workers pneumoconiosis",2,"Female",27,"Age-standardized",1999,"Rate",0.00122236057634063,0.000144908024082575,0.00430391520066152
1,"Deaths",1800,"Barnstable County",25001,513,"Coal workers pneumoconiosis",2,"Female",27,"Age-standardized",2000,"Rate",0.00135061039229192,0.000166449548149892,0.00490426206348272
1,"Deaths",1800,"Barnstable County",25001,513,"Coal workers pneumoconiosis",2,"Female",27,"Age-standardized",2001,"Rate",0.00128164625997723,0.000152977093952746,0.00465080315473721
1,"Deaths",1800,"Barnstable County",25001,513,"Coal workers pneumoconiosis",2,"Female",27,"Age-standardized",2002,"Rate",0.00115206858361704,0.000140506944133818,0.00402532798625891
1,"Deaths",1800,"Barnstable County",25001,513,"Coal workers pneumoconiosis",2,"Female",27,"Age-standardized",2003,"Rate",0.00117527985225299,0.000139275040414719,0.00413856713328039
1,"Deaths",1800,"Barnstable County",25001,513,"Coal workers pneumoconiosis",2,"Female",27,"Age-standardized",2004,"Rate",0.00116854287165069,0.000134184596634399,0.00399518993413834
1,"Deaths",1800,"Barnstable County",25001,513,"Coal workers pneumoconiosis",2,"Female",27,"Age-standardized",2005,"Rate",0.00104098456152141,0.000117763034193018,0.003678165348878
1,"Deaths",1800,"Barnstable County",25001,513,"Coal workers pneumoconiosis",2,"Female",27,"Age-standardized",2006,"Rate",0.00107698136434683,0.000114486175797771,0.00381995571776063
1,"Deaths",1800,"Barnstable County",25001,513,"Coal workers pneumoconiosis",2,"Female",27,"Age-standardized",2007,"Rate",0.00089133985202603,9.68825708522892e-05,0.00329214187442208
1,"Deaths",1800,"Barnstable County",25001,513,"Coal workers pneumoconiosis",2,"Female",27,"Age-standardized",2008,"Rate",0.0011208562401963,0.000113422418562656,0.00418078785117082
1,"Deaths",1800,"Barnstable County",25001,513,"Coal workers pneumoconiosis",2,"Female",27,"Age-standardized",2009,"Rate",0.00109779500275679,0.000112651949690066,0.00417636993236202
1,"Deaths",1800,"Barnstable County",25001,513,"Coal workers pneumoconiosis",2,"Female",27,"Age-standardized",2010,"Rate",0.00105321065375112,0.00010915621306913,0.00398848041990023
1,"Deaths",1800,"Barnstable County",25001,513,"Coal workers pneumoconiosis",2,"Female",27,"Age-standardized",2011,"Rate",0.00109700766665055,9.66146669216431e-05,0.0042492571858379
1,"Deaths",1800,"Barnstable County",25001,513,"Coal workers pneumoconiosis",2,"Female",27,"Age-standardized",2012,"Rate",0.00101360294766384,9.60170070651051e-05,0.00373458586471902
1,"Deaths",1800,"Barnstable County",25001,513,"Coal workers pneumoconiosis",2,"Female",27,"Age-standardized",2013,"Rate",0.00111050774679753,9.50383192313191e-05,0.0043758030073054
1,"Deaths",1800,"Barnstable County",25001,513,"Coal workers pneumoconiosis",2,"Female",27,"Age-standardized",2014,"Rate",0.00105397446046415,8.41659758580744e-05,0.00434510571560486
1,"Deaths",1800,"Barnstable County",25001,513,"Coal workers pneumoconiosis",3,"Both",27,"Age-standardized",1980,"Rate",0.00636952924388545,0.000824103803767721,0.0254626858881186
1,"Deaths",1800,"Barnstable County",25001,513,"Coal workers pneumoconiosis",3,"Both",27,"Age-standardized",1981,"Rate",0.00652288278767851,0.000857904859771283,0.026199400593157
1,"Deaths",1800,"Barnstable County",25001,513,"Coal workers pneumoconiosis",3,"Both",27,"Age-standardized",1982,"Rate",0.00664192814811117,0.000884032269504756,0.0262051940510444
1,"Deaths",1800,"Barnstable County",25001,513,"Coal workers pneumoconiosis",3,"Both",27,"Age-standardized",1983,"Rate",0.00702720708857286,0.000937858489650656,0.0277872278799335
1,"Deaths",1800,"Barnstable County",25001,513,"Coal workers pneumoconiosis",3,"Both",27,"Age-standardized",1984,"Rate",0.00659965235011279,0.000955861407874077,0.0256738408714173
1,"Deaths",1800,"Barnstable County",25001,513,"Coal workers pneumoconiosis",3,"Both",27,"Age-standardized",1985,"Rate",0.00682291333886467,0.000951193034559919,0.0266863870187404
1,"Deaths",1800,"Barnstable County",25001,513,"Coal workers pneumoconiosis",3,"Both",27,"Age-standardized",1986,"Rate",0.0069024115339595,0.00101718488173921,0.0278384037389876
1,"Deaths",1800,"Barnstable County",25001,513,"Coal workers pneumoconiosis",3,"Both",27,"Age-standardized",1987,"Rate",0.00662173544457114,0.000911743376560515,0.0273643367011986
1,"Deaths",1800,"Barnstable County",25001,513,"Coal workers pneumoconiosis",3,"Both",27,"Age-standardized",1988,"Rate",0.00589979671666907,0.000821254760481888,0.022655930362514
1,"Deaths",1800,"Barnstable County",25001,513,"Coal workers pneumoconiosis",3,"Both",27,"Age-standardized",1989,"Rate",0.00572658202114821,0.000715482823392745,0.0231870628381908
1,"Deaths",1800,"Barnstable County",25001,513,"Coal workers pneumoconiosis",3,"Both",27,"Age-standardized",1990,"Rate",0.00490506660260091,0.000621574287602082,0.0206701141387147
1,"Deaths",1800,"Barnstable County",25001,513,"Coal workers pneumoconiosis",3,"Both",27,"Age-standardized",1991,"Rate",0.0049620232687177,0.000588095655475477,0.0236513166013152
1,"Deaths",1800,"Barnstable County",25001,513,"Coal workers pneumoconiosis",3,"Both",27,"Age-standardized",1992,"Rate",0.00498848973354741,0.000482193099629571,0.0236641576882185
1,"Deaths",1800,"Barnstable County",25001,513,"Coal workers pneumoconiosis",3,"Both",27,"Age-standardized",1993,"Rate",0.00473239658896912,0.000514860576489384,0.0213890598960254
1,"Deaths",1800,"Barnstable County",25001,513,"Coal workers pneumoconiosis",3,"Both",27,"Age-standardized",1994,"Rate",0.00448771311151285,0.000477203619566344,0.0196577567767996
1,"Deaths",1800,"Barnstable County",25001,513,"Coal workers pneumoconiosis",3,"Both",27,"Age-standardized",1995,"Rate",0.00472610094828341,0.000483189073448327,0.0215165774568818
1,"Deaths",1800,"Barnstable County",25001,513,"Coal workers pneumoconiosis",3,"Both",27,"Age-standardized",1996,"Rate",0.00412781150131866,0.000479590074454045,0.0177486756402613
1,"Deaths",1800,"Barnstable County",25001,513,"Coal workers pneumoconiosis",3,"Both",27,"Age-standardized",1997,"Rate",0.00428988608113171,0.000444806652898394,0.0199616735511527
1,"Deaths",1800,"Barnstable County",25001,513,"Coal workers pneumoconiosis",3,"Both",27,"Age-standardized",1998,"Rate",0.00421419014357127,0.000457183670530054,0.0198691191863779
1,"Deaths",1800,"Barnstable County",25001,513,"Coal workers pneumoconiosis",3,"Both",27,"Age-standardized",1999,"Rate",0.00404197096500533,0.0004280621744831,0.0179257896063792
1,"Deaths",1800,"Barnstable County",25001,513,"Coal workers pneumoconiosis",3,"Both",27,"Age-standardized",2000,"Rate",0.0037619196866159,0.000405869377753295,0.0168852873904329
1,"Deaths",1800,"Barnstable County",25001,513,"Coal workers pneumoconiosis",3,"Both",27,"Age-standardized",2001,"Rate",0.00362789533496263,0.000391394346129191,0.0170915812104897
1,"Deaths",1800,"Barnstable County",25001,513,"Coal workers pneumoconiosis",3,"Both",27,"Age-standardized",2002,"Rate",0.00347642068937032,0.000340719705147384,0.01531919880994
1,"Deaths",1800,"Barnstable County",25001,513,"Coal workers pneumoconiosis",3,"Both",27,"Age-standardized",2003,"Rate",0.00332743487065724,0.000331229049360413,0.0154671303736717
1,"Deaths",1800,"Barnstable County",25001,513,"Coal workers pneumoconiosis",3,"Both",27,"Age-standardized",2004,"Rate",0.00305939023155928,0.000308863159818641,0.013884226742014
1,"Deaths",1800,"Barnstable County",25001,513,"Coal workers pneumoconiosis",3,"Both",27,"Age-standardized",2005,"Rate",0.00293060814674092,0.000286702684680737,0.0143135893100058
1,"Deaths",1800,"Barnstable County",25001,513,"Coal workers pneumoconiosis",3,"Both",27,"Age-standardized",2006,"Rate",0.00275342003956069,0.000244555396080572,0.0120848467859471
1,"Deaths",1800,"Barnstable County",25001,513,"Coal workers pneumoconiosis",3,"Both",27,"Age-standardized",2007,"Rate",0.00261847231417922,0.000216777539562619,0.0123875151601134
1,"Deaths",1800,"Barnstable County",25001,513,"Coal workers pneumoconiosis",3,"Both",27,"Age-standardized",2008,"Rate",0.00274705806727672,0.000232134290028539,0.0134197042019202
1,"Deaths",1800,"Barnstable County",25001,513,"Coal workers pneumoconiosis",3,"Both",27,"Age-standardized",2009,"Rate",0.00277563704393057,0.000237639490147646,0.0136423079829435
1,"Deaths",1800,"Barnstable County",25001,513,"Coal workers pneumoconiosis",3,"Both",27,"Age-standardized",2010,"Rate",0.00289940941783109,0.000228058678740392,0.0148812468571316
1,"Deaths",1800,"Barnstable County",25001,513,"Coal workers pneumoconiosis",3,"Both",27,"Age-standardized",2011,"Rate",0.00292185675903,0.000225542700554314,0.0151980003783627
1,"Deaths",1800,"Barnstable County",25001,513,"Coal workers pneumoconiosis",3,"Both",27,"Age-standardized",2012,"Rate",0.00273430763218671,0.000193447102202242,0.0150430976187197
1,"Deaths",1800,"Barnstable County",25001,513,"Coal workers pneumoconiosis",3,"Both",27,"Age-standardized",2013,"Rate",0.0029152934073254,0.000195049488151883,0.015198730046886
1,"Deaths",1800,"Barnstable County",25001,513,"Coal workers pneumoconiosis",3,"Both",27,"Age-standardized",2014,"Rate",0.00309315643614554,0.000197650783260739,0.0168634513440354
1,"Deaths",1790,"Berkshire County",25003,513,"Coal workers pneumoconiosis",1,"Male",27,"Age-standardized",1980,"Rate",0.0363881450400355,0.0064580335458761,0.100156037300228
1,"Deaths",1790,"Berkshire County",25003,513,"Coal workers pneumoconiosis",1,"Male",27,"Age-standardized",1981,"Rate",0.0369902584645333,0.00610863035911026,0.104430464201341
1,"Deaths",1790,"Berkshire County",25003,513,"Coal workers pneumoconiosis",1,"Male",27,"Age-standardized",1982,"Rate",0.0365202770352045,0.00649933852442936,0.102467946884339
1,"Deaths",1790,"Berkshire County",25003,513,"Coal workers pneumoconiosis",1,"Male",27,"Age-standardized",1983,"Rate",0.0403467355325447,0.00706081035030457,0.113791657682397
1,"Deaths",1790,"Berkshire County",25003,513,"Coal workers pneumoconiosis",1,"Male",27,"Age-standardized",1984,"Rate",0.0352939014575473,0.00650417735818017,0.102104724804876
1,"Deaths",1790,"Berkshire County",25003,513,"Coal workers pneumoconiosis",1,"Male",27,"Age-standardized",1985,"Rate",0.0371185399037603,0.00690254427177401,0.105444837845511
1,"Deaths",1790,"Berkshire County",25003,513,"Coal workers pneumoconiosis",1,"Male",27,"Age-standardized",1986,"Rate",0.0372550234113057,0.00721150800438821,0.105742889683023
1,"Deaths",1790,"Berkshire County",25003,513,"Coal workers pneumoconiosis",1,"Male",27,"Age-standardized",1987,"Rate",0.0354861183209554,0.00669322110923719,0.1033522210589
1,"Deaths",1790,"Berkshire County",25003,513,"Coal workers pneumoconiosis",1,"Male",27,"Age-standardized",1988,"Rate",0.0323918970828217,0.00585469155445802,0.0868251405651304
1,"Deaths",1790,"Berkshire County",25003,513,"Coal workers pneumoconiosis",1,"Male",27,"Age-standardized",1989,"Rate",0.0332833261252928,0.0061389966951396,0.0914093260857931
1,"Deaths",1790,"Berkshire County",25003,513,"Coal workers pneumoconiosis",1,"Male",27,"Age-standardized",1990,"Rate",0.0283746559231738,0.00512056409753239,0.0782599071958072
1,"Deaths",1790,"Berkshire County",25003,513,"Coal workers pneumoconiosis",1,"Male",27,"Age-standardized",1991,"Rate",0.0290440518277766,0.0051118221952109,0.0804463056407033
1,"Deaths",1790,"Berkshire County",25003,513,"Coal workers pneumoconiosis",1,"Male",27,"Age-standardized",1992,"Rate",0.029844540279807,0.00539770510626959,0.0857608880155204
1,"Deaths",1790,"Berkshire County",25003,513,"Coal workers pneumoconiosis",1,"Male",27,"Age-standardized",1993,"Rate",0.0282788886914242,0.00471075937373088,0.0778857071531093
1,"Deaths",1790,"Berkshire County",25003,513,"Coal workers pneumoconiosis",1,"Male",27,"Age-standardized",1994,"Rate",0.0255383290206313,0.00457071211354109,0.0718822510280552
1,"Deaths",1790,"Berkshire County",25003,513,"Coal workers pneumoconiosis",1,"Male",27,"Age-standardized",1995,"Rate",0.0251268315231036,0.00433043487821039,0.0715545463093306
1,"Deaths",1790,"Berkshire County",25003,513,"Coal workers pneumoconiosis",1,"Male",27,"Age-standardized",1996,"Rate",0.0230228143562347,0.00399478632478947,0.0677490203690226
1,"Deaths",1790,"Berkshire County",25003,513,"Coal workers pneumoconiosis",1,"Male",27,"Age-standardized",1997,"Rate",0.0223204108601481,0.00379997123455953,0.0623702177716069
1,"Deaths",1790,"Berkshire County",25003,513,"Coal workers pneumoconiosis",1,"Male",27,"Age-standardized",1998,"Rate",0.0211850916608139,0.00331301042695227,0.0659982219526499
1,"Deaths",1790,"Berkshire County",25003,513,"Coal workers pneumoconiosis",1,"Male",27,"Age-standardized",1999,"Rate",0.0205592464510014,0.00308836808117527,0.0599069973063846
1,"Deaths",1790,"Berkshire County",25003,513,"Coal workers pneumoconiosis",1,"Male",27,"Age-standardized",2000,"Rate",0.0173496906953444,0.00269842377278536,0.0580616452415234
1,"Deaths",1790,"Berkshire County",25003,513,"Coal workers pneumoconiosis",1,"Male",27,"Age-standardized",2001,"Rate",0.015794260380905,0.00231654218964257,0.0519869694746531
1,"Deaths",1790,"Berkshire County",25003,513,"Coal workers pneumoconiosis",1,"Male",27,"Age-standardized",2002,"Rate",0.0144872979011671,0.00198557231540052,0.050303037217087
1,"Deaths",1790,"Berkshire County",25003,513,"Coal workers pneumoconiosis",1,"Male",27,"Age-standardized",2003,"Rate",0.0135276156149578,0.00177276844708157,0.0458630940386378
1,"Deaths",1790,"Berkshire County",25003,513,"Coal workers pneumoconiosis",1,"Male",27,"Age-standardized",2004,"Rate",0.0117400169639729,0.00155991970397796,0.0408347812324514
1,"Deaths",1790,"Berkshire County",25003,513,"Coal workers pneumoconiosis",1,"Male",27,"Age-standardized",2005,"Rate",0.0107067041573905,0.00140857862718462,0.0366775801361183
1,"Deaths",1790,"Berkshire County",25003,513,"Coal workers pneumoconiosis",1,"Male",27,"Age-standardized",2006,"Rate",0.00931959348950894,0.00127494009876924,0.0340660002627356
1,"Deaths",1790,"Berkshire County",25003,513,"Coal workers pneumoconiosis",1,"Male",27,"Age-standardized",2007,"Rate",0.0086093840787231,0.00114455885339345,0.0293781455318716
1,"Deaths",1790,"Berkshire County",25003,513,"Coal workers pneumoconiosis",1,"Male",27,"Age-standardized",2008,"Rate",0.00819617342849084,0.00109309264962931,0.0309028613464864
1,"Deaths",1790,"Berkshire County",25003,513,"Coal workers pneumoconiosis",1,"Male",27,"Age-standardized",2009,"Rate",0.00795357368331863,0.000960867633286914,0.0293732866881222
1,"Deaths",1790,"Berkshire County",25003,513,"Coal workers pneumoconiosis",1,"Male",27,"Age-standardized",2010,"Rate",0.00754985146388337,0.000825052222436665,0.0310034200263219
1,"Deaths",1790,"Berkshire County",25003,513,"Coal workers pneumoconiosis",1,"Male",27,"Age-standardized",2011,"Rate",0.00770201411077929,0.00091058946480935,0.0293254451736842
1,"Deaths",1790,"Berkshire County",25003,513,"Coal workers pneumoconiosis",1,"Male",27,"Age-standardized",2012,"Rate",0.00694024745967476,0.000806571832478055,0.0273560787604033
1,"Deaths",1790,"Berkshire County",25003,513,"Coal workers pneumoconiosis",1,"Male",27,"Age-standardized",2013,"Rate",0.00690121075649063,0.000718298875306864,0.0275363148652406
1,"Deaths",1790,"Berkshire County",25003,513,"Coal workers pneumoconiosis",1,"Male",27,"Age-standardized",2014,"Rate",0.00759078035405555,0.000819938309670229,0.0318609829391688
1,"Deaths",1790,"Berkshire County",25003,513,"Coal workers pneumoconiosis",2,"Female",27,"Age-standardized",1980,"Rate",0.00321875018807242,0.00107178275542211,0.00792921434703279
1,"Deaths",1790,"Berkshire County",25003,513,"Coal workers pneumoconiosis",2,"Female",27,"Age-standardized",1981,"Rate",0.00304594413626247,0.00101145461927176,0.00779661733188885
1,"Deaths",1790,"Berkshire County",25003,513,"Coal workers pneumoconiosis",2,"Female",27,"Age-standardized",1982,"Rate",0.0030633045720837,0.000974224625557293,0.00760438445006475
1,"Deaths",1790,"Berkshire County",25003,513,"Coal workers pneumoconiosis",2,"Female",27,"Age-standardized",1983,"Rate",0.00328161698907878,0.00108007394875564,0.00822174195568736
1,"Deaths",1790,"Berkshire County",25003,513,"Coal workers pneumoconiosis",2,"Female",27,"Age-standardized",1984,"Rate",0.00358854201591281,0.00119009138683277,0.00892548758484076
1,"Deaths",1790,"Berkshire County",25003,513,"Coal workers pneumoconiosis",2,"Female",27,"Age-standardized",1985,"Rate",0.00370724809395072,0.00115654743339993,0.00909896897865459
1,"Deaths",1790,"Berkshire County",25003,513,"Coal workers pneumoconiosis",2,"Female",27,"Age-standardized",1986,"Rate",0.00357305585837175,0.00126022072350365,0.00860604490319372
1,"Deaths",1790,"Berkshire County",25003,513,"Coal workers pneumoconiosis",2,"Female",27,"Age-standardized",1987,"Rate",0.00317278612311859,0.00101324453992825,0.00760334898860502
1,"Deaths",1790,"Berkshire County",25003,513,"Coal workers pneumoconiosis",2,"Female",27,"Age-standardized",1988,"Rate",0.00266889469096623,0.000872670131993797,0.00622927644527836
1,"Deaths",1790,"Berkshire County",25003,513,"Coal workers pneumoconiosis",2,"Female",27,"Age-standardized",1989,"Rate",0.0021376303036637,0.000729790220456394,0.00527012859861277
1,"Deaths",1790,"Berkshire County",25003,513,"Coal workers pneumoconiosis",2,"Female",27,"Age-standardized",1990,"Rate",0.00179504507470472,0.000577886940642457,0.00419209500505965
1,"Deaths",1790,"Berkshire County",25003,513,"Coal workers pneumoconiosis",2,"Female",27,"Age-standardized",1991,"Rate",0.00127339642929575,0.000423996729054377,0.00298345089332515
1,"Deaths",1790,"Berkshire County",25003,513,"Coal workers pneumoconiosis",2,"Female",27,"Age-standardized",1992,"Rate",0.000928701389592962,0.000296229176339439,0.00223026816734002
1,"Deaths",1790,"Berkshire County",25003,513,"Coal workers pneumoconiosis",2,"Female",27,"Age-standardized",1993,"Rate",0.00134217703839647,0.000430742297086621,0.00324724766664167
1,"Deaths",1790,"Berkshire County",25003,513,"Coal workers pneumoconiosis",2,"Female",27,"Age-standardized",1994,"Rate",0.00115875029267942,0.000370633495457453,0.00284389629382466
1,"Deaths",1790,"Berkshire County",25003,513,"Coal workers pneumoconiosis",2,"Female",27,"Age-standardized",1995,"Rate",0.00129508975304222,0.000395882556018241,0.00301836915504472
1,"Deaths",1790,"Berkshire County",25003,513,"Coal workers pneumoconiosis",2,"Female",27,"Age-standardized",1996,"Rate",0.00142824985583253,0.000428900055667516,0.00334815644342463
1,"Deaths",1790,"Berkshire County",25003,513,"Coal workers pneumoconiosis",2,"Female",27,"Age-standardized",1997,"Rate",0.0014788589893354,0.000454414037377889,0.00358376190834236
1,"Deaths",1790,"Berkshire County",25003,513,"Coal workers pneumoconiosis",2,"Female",27,"Age-standardized",1998,"Rate",0.00167854025334224,0.000508699389813518,0.004064914311603
1,"Deaths",1790,"Berkshire County",25003,513,"Coal workers pneumoconiosis",2,"Female",27,"Age-standardized",1999,"Rate",0.00162468046090303,0.000519265637877281,0.00389325918674557
1,"Deaths",1790,"Berkshire County",25003,513,"Coal workers pneumoconiosis",2,"Female",27,"Age-standardized",2000,"Rate",0.00181541199948331,0.000542875730201242,0.00446885835995608
1,"Deaths",1790,"Berkshire County",25003,513,"Coal workers pneumoconiosis",2,"Female",27,"Age-standardized",2001,"Rate",0.00174269361170315,0.00050337173340287,0.00438598975562991
1,"Deaths",1790,"Berkshire County",25003,513,"Coal workers pneumoconiosis",2,"Female",27,"Age-standardized",2002,"Rate",0.00161366632260467,0.000474440097747447,0.00394934794403943
1,"Deaths",1790,"Berkshire County",25003,513,"Coal workers pneumoconiosis",2,"Female",27,"Age-standardized",2003,"Rate",0.00156234965441719,0.000460946227682649,0.00388382759516857
1,"Deaths",1790,"Berkshire County",25003,513,"Coal workers pneumoconiosis",2,"Female",27,"Age-standardized",2004,"Rate",0.00154119035395253,0.000436564770691437,0.00378806648405528
1,"Deaths",1790,"Berkshire County",25003,513,"Coal workers pneumoconiosis",2,"Female",27,"Age-standardized",2005,"Rate",0.00137692185880393,0.000392568712588882,0.00350500069007241
1,"Deaths",1790,"Berkshire County",25003,513,"Coal workers pneumoconiosis",2,"Female",27,"Age-standardized",2006,"Rate",0.0013883560421581,0.000387049507357288,0.00367219261858685
1,"Deaths",1790,"Berkshire County",25003,513,"Coal workers pneumoconiosis",2,"Female",27,"Age-standardized",2007,"Rate",0.00118712975104241,0.000326322752647692,0.00311758721615313
1,"Deaths",1790,"Berkshire County",25003,513,"Coal workers pneumoconiosis",2,"Female",27,"Age-standardized",2008,"Rate",0.00143248918718442,0.000379122754963794,0.00365343349710389
1,"Deaths",1790,"Berkshire County",25003,513,"Coal workers pneumoconiosis",2,"Female",27,"Age-standardized",2009,"Rate",0.00142315271129892,0.000368666976509157,0.0039048009475019
1,"Deaths",1790,"Berkshire County",25003,513,"Coal workers pneumoconiosis",2,"Female",27,"Age-standardized",2010,"Rate",0.00128921617912757,0.000328160063176076,0.00347033844098349
1,"Deaths",1790,"Berkshire County",25003,513,"Coal workers pneumoconiosis",2,"Female",27,"Age-standardized",2011,"Rate",0.00136440737145936,0.000321571150740316,0.00361150759525398
1,"Deaths",1790,"Berkshire County",25003,513,"Coal workers pneumoconiosis",2,"Female",27,"Age-standardized",2012,"Rate",0.00127100329935764,0.000313882872655585,0.00358965784868424
1,"Deaths",1790,"Berkshire County",25003,513,"Coal workers pneumoconiosis",2,"Female",27,"Age-standardized",2013,"Rate",0.0012987857989341,0.000312774904962527,0.00376460253749499
1,"Deaths",1790,"Berkshire County",25003,513,"Coal workers pneumoconiosis",2,"Female",27,"Age-standardized",2014,"Rate",0.00135003103980637,0.000305238141965997,0.00393999320312229
1,"Deaths",1790,"Berkshire County",25003,513,"Coal workers pneumoconiosis",3,"Both",27,"Age-standardized",1980,"Rate",0.0153301223234013,0.00404106647033309,0.0410056441197618
1,"Deaths",1790,"Berkshire County",25003,513,"Coal workers pneumoconiosis",3,"Both",27,"Age-standardized",1981,"Rate",0.0153464851076961,0.00379009669908952,0.040153181859901
1,"Deaths",1790,"Berkshire County",25003,513,"Coal workers pneumoconiosis",3,"Both",27,"Age-standardized",1982,"Rate",0.015138455490798,0.00378269811047607,0.038612345910292
1,"Deaths",1790,"Berkshire County",25003,513,"Coal workers pneumoconiosis",3,"Both",27,"Age-standardized",1983,"Rate",0.0165557943194629,0.00434527277226053,0.0436642376327863
1,"Deaths",1790,"Berkshire County",25003,513,"Coal workers pneumoconiosis",3,"Both",27,"Age-standardized",1984,"Rate",0.0148995238819852,0.00411146709898659,0.0390044524572757
1,"Deaths",1790,"Berkshire County",25003,513,"Coal workers pneumoconiosis",3,"Both",27,"Age-standardized",1985,"Rate",0.0155043623067656,0.00424608818767392,0.0395318239371688
1,"Deaths",1790,"Berkshire County",25003,513,"Coal workers pneumoconiosis",3,"Both",27,"Age-standardized",1986,"Rate",0.0153281145075878,0.00407633002143148,0.0391856638990756
1,"Deaths",1790,"Berkshire County",25003,513,"Coal workers pneumoconiosis",3,"Both",27,"Age-standardized",1987,"Rate",0.0143382194193741,0.00402541790766488,0.037233439783652
1,"Deaths",1790,"Berkshire County",25003,513,"Coal workers pneumoconiosis",3,"Both",27,"Age-standardized",1988,"Rate",0.0128504521860434,0.00356024087494669,0.0331021468482896
1,"Deaths",1790,"Berkshire County",25003,513,"Coal workers pneumoconiosis",3,"Both",27,"Age-standardized",1989,"Rate",0.0127025524281634,0.00334828577917625,0.032803678981299
1,"Deaths",1790,"Berkshire County",25003,513,"Coal workers pneumoconiosis",3,"Both",27,"Age-standardized",1990,"Rate",0.0107095388110652,0.0027088539619575,0.0273363000143698
1,"Deaths",1790,"Berkshire County",25003,513,"Coal workers pneumoconiosis",3,"Both",27,"Age-standardized",1991,"Rate",0.0105550280007575,0.00249257910047604,0.0281875862204665
1,"Deaths",1790,"Berkshire County",25003,513,"Coal workers pneumoconiosis",3,"Both",27,"Age-standardized",1992,"Rate",0.0104892142943984,0.00234202443373434,0.0293966836555988
1,"Deaths",1790,"Berkshire County",25003,513,"Coal workers pneumoconiosis",3,"Both",27,"Age-standardized",1993,"Rate",0.0102330226855499,0.0024181702051546,0.0272018040220545
1,"Deaths",1790,"Berkshire County",25003,513,"Coal workers pneumoconiosis",3,"Both",27,"Age-standardized",1994,"Rate",0.00917084721001229,0.00209758106030542,0.0248842429697721
1,"Deaths",1790,"Berkshire County",25003,513,"Coal workers pneumoconiosis",3,"Both",27,"Age-standardized",1995,"Rate",0.00916105502271907,0.00223772466063953,0.0241742616509424
1,"Deaths",1790,"Berkshire County",25003,513,"Coal workers pneumoconiosis",3,"Both",27,"Age-standardized",1996,"Rate",0.00851025955778075,0.00201300604529628,0.0227825150482797
1,"Deaths",1790,"Berkshire County",25003,513,"Coal workers pneumoconiosis",3,"Both",27,"Age-standardized",1997,"Rate",0.00835753387762574,0.00204835295160143,0.0218354079056557
1,"Deaths",1790,"Berkshire County",25003,513,"Coal workers pneumoconiosis",3,"Both",27,"Age-standardized",1998,"Rate",0.00812814917017073,0.00186258646607886,0.022727816125347
1,"Deaths",1790,"Berkshire County",25003,513,"Coal workers pneumoconiosis",3,"Both",27,"Age-standardized",1999,"Rate",0.00793255070140025,0.00188188086652535,0.0214051707557126
1,"Deaths",1790,"Berkshire County",25003,513,"Coal workers pneumoconiosis",3,"Both",27,"Age-standardized",2000,"Rate",0.00702594988850134,0.00174538366299625,0.0204142232963106
1,"Deaths",1790,"Berkshire County",25003,513,"Coal workers pneumoconiosis",3,"Both",27,"Age-standardized",2001,"Rate",0.00645680714820107,0.0015756097201186,0.0184472938681407
1,"Deaths",1790,"Berkshire County",25003,513,"Coal workers pneumoconiosis",3,"Both",27,"Age-standardized",2002,"Rate",0.00600556228877906,0.00145477317369238,0.0185040504675626
1,"Deaths",1790,"Berkshire County",25003,513,"Coal workers pneumoconiosis",3,"Both",27,"Age-standardized",2003,"Rate",0.00566975811302212,0.0013539745038495,0.0172103520874208
1,"Deaths",1790,"Berkshire County",25003,513,"Coal workers pneumoconiosis",3,"Both",27,"Age-standardized",2004,"Rate",0.00509609280381875,0.00118741863001704,0.0157490805817184
1,"Deaths",1790,"Berkshire County",25003,513,"Coal workers pneumoconiosis",3,"Both",27,"Age-standardized",2005,"Rate",0.00465241770147222,0.00109063708365223,0.0138230302326119
1,"Deaths",1790,"Berkshire County",25003,513,"Coal workers pneumoconiosis",3,"Both",27,"Age-standardized",2006,"Rate",0.00426128387491651,0.00103092781840348,0.013247271251697
1,"Deaths",1790,"Berkshire County",25003,513,"Coal workers pneumoconiosis",3,"Both",27,"Age-standardized",2007,"Rate",0.00392270607565797,0.000926319510035485,0.0118575371328561
1,"Deaths",1790,"Berkshire County",25003,513,"Coal workers pneumoconiosis",3,"Both",27,"Age-standardized",2008,"Rate",0.00394845657473286,0.000940250446248694,0.0122549466482515
1,"Deaths",1790,"Berkshire County",25003,513,"Coal workers pneumoconiosis",3,"Both",27,"Age-standardized",2009,"Rate",0.00390412636941744,0.000902709623802391,0.0120577298715873
1,"Deaths",1790,"Berkshire County",25003,513,"Coal workers pneumoconiosis",3,"Both",27,"Age-standardized",2010,"Rate",0.00368506047646471,0.000817926513852951,0.0124842741340611
1,"Deaths",1790,"Berkshire County",25003,513,"Coal workers pneumoconiosis",3,"Both",27,"Age-standardized",2011,"Rate",0.00381099625151998,0.000843510854845719,0.012360331785806
1,"Deaths",1790,"Berkshire County",25003,513,"Coal workers pneumoconiosis",3,"Both",27,"Age-standardized",2012,"Rate",0.00348567779764702,0.000771075422890955,0.0117799377018023
1,"Deaths",1790,"Berkshire County",25003,513,"Coal workers pneumoconiosis",3,"Both",27,"Age-standardized",2013,"Rate",0.00351324520945122,0.0007022613883599,0.011587015890883
1,"Deaths",1790,"Berkshire County",25003,513,"Coal workers pneumoconiosis",3,"Both",27,"Age-standardized",2014,"Rate",0.00382266775139075,0.000784412031810503,0.0137261955446133
1,"Deaths",1799,"Bristol County",25005,513,"Coal workers pneumoconiosis",1,"Male",27,"Age-standardized",1980,"Rate",0.0206878885840059,0.00358281696813773,0.0636092615232225
1,"Deaths",1799,"Bristol County",25005,513,"Coal workers pneumoconiosis",1,"Male",27,"Age-standardized",1981,"Rate",0.0199789437010767,0.00359608450510714,0.0636860107580496
1,"Deaths",1799,"Bristol County",25005,513,"Coal workers pneumoconiosis",1,"Male",27,"Age-standardized",1982,"Rate",0.0212309859057935,0.00361470473387814,0.0663683262343768
1,"Deaths",1799,"Bristol County",25005,513,"Coal workers pneumoconiosis",1,"Male",27,"Age-standardized",1983,"Rate",0.0234097528244075,0.00421141048828748,0.0750387384447561
1,"Deaths",1799,"Bristol County",25005,513,"Coal workers pneumoconiosis",1,"Male",27,"Age-standardized",1984,"Rate",0.0202285568846661,0.00390786238156605,0.062397839885377
1,"Deaths",1799,"Bristol County",25005,513,"Coal workers pneumoconiosis",1,"Male",27,"Age-standardized",1985,"Rate",0.0209914257636845,0.00387532430746674,0.0621575434953688
1,"Deaths",1799,"Bristol County",25005,513,"Coal workers pneumoconiosis",1,"Male",27,"Age-standardized",1986,"Rate",0.01986027184668,0.00344420401339308,0.0583593337884996
1,"Deaths",1799,"Bristol County",25005,513,"Coal workers pneumoconiosis",1,"Male",27,"Age-standardized",1987,"Rate",0.0190597412163588,0.00357714266478726,0.0593694552049617
1,"Deaths",1799,"Bristol County",25005,513,"Coal workers pneumoconiosis",1,"Male",27,"Age-standardized",1988,"Rate",0.0179200705438392,0.0031252875571087,0.0540519579372638
1,"Deaths",1799,"Bristol County",25005,513,"Coal workers pneumoconiosis",1,"Male",27,"Age-standardized",1989,"Rate",0.018049678020481,0.00319168770107278,0.0561222419590926
1,"Deaths",1799,"Bristol County",25005,513,"Coal workers pneumoconiosis",1,"Male",27,"Age-standardized",1990,"Rate",0.0150064667734002,0.0027103733984243,0.046175745225428
1,"Deaths",1799,"Bristol County",25005,513,"Coal workers pneumoconiosis",1,"Male",27,"Age-standardized",1991,"Rate",0.0155954385270003,0.00260982713724718,0.0475396744545254
1,"Deaths",1799,"Bristol County",25005,513,"Coal workers pneumoconiosis",1,"Male",27,"Age-standardized",1992,"Rate",0.0165913777475783,0.0028577721727035,0.0504866981388331
1,"Deaths",1799,"Bristol County",25005,513,"Coal workers pneumoconiosis",1,"Male",27,"Age-standardized",1993,"Rate",0.0153278515193974,0.00279376925150941,0.0494934089172571
1,"Deaths",1799,"Bristol County",25005,513,"Coal workers pneumoconiosis",1,"Male",27,"Age-standardized",1994,"Rate",0.0138468267987147,0.00222942686140891,0.0438422807256329
1,"Deaths",1799,"Bristol County",25005,513,"Coal workers pneumoconiosis",1,"Male",27,"Age-standardized",1995,"Rate",0.0142177863448693,0.00234208402548698,0.0467879909580903
1,"Deaths",1799,"Bristol County",25005,513,"Coal workers pneumoconiosis",1,"Male",27,"Age-standardized",1996,"Rate",0.0136194156032047,0.00225755137412932,0.0424415048241502
1,"Deaths",1799,"Bristol County",25005,513,"Coal workers pneumoconiosis",1,"Male",27,"Age-standardized",1997,"Rate",0.0123444257366464,0.00202784142039344,0.0410315917541528
1,"Deaths",1799,"Bristol County",25005,513,"Coal workers pneumoconiosis",1,"Male",27,"Age-standardized",1998,"Rate",0.011627371577323,0.00168152519864427,0.0392819005215937
1,"Deaths",1799,"Bristol County",25005,513,"Coal workers pneumoconiosis",1,"Male",27,"Age-standardized",1999,"Rate",0.0111932541392381,0.00153325394130118,0.0390887430729495
1,"Deaths",1799,"Bristol County",25005,513,"Coal workers pneumoconiosis",1,"Male",27,"Age-standardized",2000,"Rate",0.0107193103277347,0.00143059537559131,0.0395420135700093
1,"Deaths",1799,"Bristol County",25005,513,"Coal workers pneumoconiosis",1,"Male",27,"Age-standardized",2001,"Rate",0.00900813019492881,0.00116937291661672,0.0347980952781382
1,"Deaths",1799,"Bristol County",25005,513,"Coal workers pneumoconiosis",1,"Male",27,"Age-standardized",2002,"Rate",0.0089008057730675,0.00116140552065,0.0327980471657524
1,"Deaths",1799,"Bristol County",25005,513,"Coal workers pneumoconiosis",1,"Male",27,"Age-standardized",2003,"Rate",0.00825737788629916,0.000965369561827158,0.0320575057397044
1,"Deaths",1799,"Bristol County",25005,513,"Coal workers pneumoconiosis",1,"Male",27,"Age-standardized",2004,"Rate",0.00705063949853927,0.000847989487654667,0.0262116109068166
1,"Deaths",1799,"Bristol County",25005,513,"Coal workers pneumoconiosis",1,"Male",27,"Age-standardized",2005,"Rate",0.00680891824574795,0.000735102972051281,0.026965106979346
1,"Deaths",1799,"Bristol County",25005,513,"Coal workers pneumoconiosis",1,"Male",27,"Age-standardized",2006,"Rate",0.00602577495118011,0.000618175833899502,0.0232059826762609
1,"Deaths",1799,"Bristol County",25005,513,"Coal workers pneumoconiosis",1,"Male",27,"Age-standardized",2007,"Rate",0.0055964623736414,0.000551893074287641,0.0228165613559601
1,"Deaths",1799,"Bristol County",25005,513,"Coal workers pneumoconiosis",1,"Male",27,"Age-standardized",2008,"Rate",0.00557369330144131,0.000588203352633503,0.0218115687827743
1,"Deaths",1799,"Bristol County",25005,513,"Coal workers pneumoconiosis",1,"Male",27,"Age-standardized",2009,"Rate",0.00557374024407825,0.000501590684380039,0.0231616194572961
1,"Deaths",1799,"Bristol County",25005,513,"Coal workers pneumoconiosis",1,"Male",27,"Age-standardized",2010,"Rate",0.00532619234284144,0.000443981354657731,0.0217803193528248
1,"Deaths",1799,"Bristol County",25005,513,"Coal workers pneumoconiosis",1,"Male",27,"Age-standardized",2011,"Rate",0.00552931917309755,0.000450133568630253,0.024271062785826
1,"Deaths",1799,"Bristol County",25005,513,"Coal workers pneumoconiosis",1,"Male",27,"Age-standardized",2012,"Rate",0.0050186475517039,0.000424473662623335,0.0220487416499568
1,"Deaths",1799,"Bristol County",25005,513,"Coal workers pneumoconiosis",1,"Male",27,"Age-standardized",2013,"Rate",0.00537110284395707,0.000388356222668502,0.0239621903078575
1,"Deaths",1799,"Bristol County",25005,513,"Coal workers pneumoconiosis",1,"Male",27,"Age-standardized",2014,"Rate",0.00569342542793967,0.000421133893840897,0.0261590188248157
1,"Deaths",1799,"Bristol County",25005,513,"Coal workers pneumoconiosis",2,"Female",27,"Age-standardized",1980,"Rate",0.00389153833969049,0.00105500616704857,0.0104204324262815
1,"Deaths",1799,"Bristol County",25005,513,"Coal workers pneumoconiosis",2,"Female",27,"Age-standardized",1981,"Rate",0.00367805751430505,0.0010098793507168,0.00950585444886478
1,"Deaths",1799,"Bristol County",25005,513,"Coal workers pneumoconiosis",2,"Female",27,"Age-standardized",1982,"Rate",0.00367383996473497,0.000982100369314494,0.00954495858077249
1,"Deaths",1799,"Bristol County",25005,513,"Coal workers pneumoconiosis",2,"Female",27,"Age-standardized",1983,"Rate",0.00385235023127741,0.00103652087873399,0.00982074581997708
1,"Deaths",1799,"Bristol County",25005,513,"Coal workers pneumoconiosis",2,"Female",27,"Age-standardized",1984,"Rate",0.00407377615235264,0.00107903724794527,0.0103238612201548
1,"Deaths",1799,"Bristol County",25005,513,"Coal workers pneumoconiosis",2,"Female",27,"Age-standardized",1985,"Rate",0.00428735783264624,0.00108902031200299,0.0113253869652044
1,"Deaths",1799,"Bristol County",25005,513,"Coal workers pneumoconiosis",2,"Female",27,"Age-standardized",1986,"Rate",0.00402947060828933,0.00108627650452045,0.0108875736376963
1,"Deaths",1799,"Bristol County",25005,513,"Coal workers pneumoconiosis",2,"Female",27,"Age-standardized",1987,"Rate",0.00350272281740533,0.000878962420793338,0.00920121946214545
1,"Deaths",1799,"Bristol County",25005,513,"Coal workers pneumoconiosis",2,"Female",27,"Age-standardized",1988,"Rate",0.00304076640357654,0.000772749229974824,0.00864125628563494
1,"Deaths",1799,"Bristol County",25005,513,"Coal workers pneumoconiosis",2,"Female",27,"Age-standardized",1989,"Rate",0.00233142818705461,0.000592738804011223,0.00637140492095128
1,"Deaths",1799,"Bristol County",25005,513,"Coal workers pneumoconiosis",2,"Female",27,"Age-standardized",1990,"Rate",0.0019192159393946,0.000493181598229123,0.00523117591618554
1,"Deaths",1799,"Bristol County",25005,513,"Coal workers pneumoconiosis",2,"Female",27,"Age-standardized",1991,"Rate",0.00135473005874765,0.00034251654360804,0.00369892824059589
1,"Deaths",1799,"Bristol County",25005,513,"Coal workers pneumoconiosis",2,"Female",27,"Age-standardized",1992,"Rate",0.000984182607753863,0.000247445019237547,0.00268467760182661
1,"Deaths",1799,"Bristol County",25005,513,"Coal workers pneumoconiosis",2,"Female",27,"Age-standardized",1993,"Rate",0.00138353769231659,0.000357682639854857,0.00371324329901236
1,"Deaths",1799,"Bristol County",25005,513,"Coal workers pneumoconiosis",2,"Female",27,"Age-standardized",1994,"Rate",0.00117433187057238,0.00030602020635109,0.00319809817433168
1,"Deaths",1799,"Bristol County",25005,513,"Coal workers pneumoconiosis",2,"Female",27,"Age-standardized",1995,"Rate",0.00130977138064442,0.00032974008999543,0.00370190061879904
1,"Deaths",1799,"Bristol County",25005,513,"Coal workers pneumoconiosis",2,"Female",27,"Age-standardized",1996,"Rate",0.0014080740606121,0.000366896751669925,0.00378867065018035
1,"Deaths",1799,"Bristol County",25005,513,"Coal workers pneumoconiosis",2,"Female",27,"Age-standardized",1997,"Rate",0.00150995664189275,0.000383768812452696,0.00423712501481518
1,"Deaths",1799,"Bristol County",25005,513,"Coal workers pneumoconiosis",2,"Female",27,"Age-standardized",1998,"Rate",0.00166776526211351,0.000426377872700735,0.0047229819377068
1,"Deaths",1799,"Bristol County",25005,513,"Coal workers pneumoconiosis",2,"Female",27,"Age-standardized",1999,"Rate",0.00161910489979783,0.000388319845584546,0.00457496582731363
1,"Deaths",1799,"Bristol County",25005,513,"Coal workers pneumoconiosis",2,"Female",27,"Age-standardized",2000,"Rate",0.00175721417800454,0.000437640829454796,0.00492476648253545
1,"Deaths",1799,"Bristol County",25005,513,"Coal workers pneumoconiosis",2,"Female",27,"Age-standardized",2001,"Rate",0.00167413597475079,0.000422919613739725,0.00475374192196441
1,"Deaths",1799,"Bristol County",25005,513,"Coal workers pneumoconiosis",2,"Female",27,"Age-standardized",2002,"Rate",0.0015136018732753,0.000384249236362188,0.00422626873779209
1,"Deaths",1799,"Bristol County",25005,513,"Coal workers pneumoconiosis",2,"Female",27,"Age-standardized",2003,"Rate",0.00146921198094863,0.000361487496209833,0.00407807862403361
1,"Deaths",1799,"Bristol County",25005,513,"Coal workers pneumoconiosis",2,"Female",27,"Age-standardized",2004,"Rate",0.00142928422899619,0.000343027591092183,0.00408291643192917
1,"Deaths",1799,"Bristol County",25005,513,"Coal workers pneumoconiosis",2,"Female",27,"Age-standardized",2005,"Rate",0.00125117552588398,0.000304152387814366,0.00361866657742847
1,"Deaths",1799,"Bristol County",25005,513,"Coal workers pneumoconiosis",2,"Female",27,"Age-standardized",2006,"Rate",0.00127084988585942,0.000293376797860505,0.0035952065038833
1,"Deaths",1799,"Bristol County",25005,513,"Coal workers pneumoconiosis",2,"Female",27,"Age-standardized",2007,"Rate",0.00100559457350955,0.000239280177176279,0.00286335673949348
1,"Deaths",1799,"Bristol County",25005,513,"Coal workers pneumoconiosis",2,"Female",27,"Age-standardized",2008,"Rate",0.00119067514792778,0.000277058728258911,0.00337914013190099
1,"Deaths",1799,"Bristol County",25005,513,"Coal workers pneumoconiosis",2,"Female",27,"Age-standardized",2009,"Rate",0.00118256690993531,0.000264423312368868,0.00358368659869013
1,"Deaths",1799,"Bristol County",25005,513,"Coal workers pneumoconiosis",2,"Female",27,"Age-standardized",2010,"Rate",0.00112549888786932,0.000244473786399847,0.00334988128723931
1,"Deaths",1799,"Bristol County",25005,513,"Coal workers pneumoconiosis",2,"Female",27,"Age-standardized",2011,"Rate",0.00110818785072304,0.000233874133517612,0.00336856734788199
1,"Deaths",1799,"Bristol County",25005,513,"Coal workers pneumoconiosis",2,"Female",27,"Age-standardized",2012,"Rate",0.00105981243756702,0.000217638197203142,0.00320161487998066
1,"Deaths",1799,"Bristol County",25005,513,"Coal workers pneumoconiosis",2,"Female",27,"Age-standardized",2013,"Rate",0.00113787150756702,0.00024094940187546,0.00362328183543519
1,"Deaths",1799,"Bristol County",25005,513,"Coal workers pneumoconiosis",2,"Female",27,"Age-standardized",2014,"Rate",0.00109651281329494,0.000219561069232603,0.00342046614310849
1,"Deaths",1799,"Bristol County",25005,513,"Coal workers pneumoconiosis",3,"Both",27,"Age-standardized",1980,"Rate",0.00990771480323148,0.00275998272052716,0.0254513167167292
1,"Deaths",1799,"Bristol County",25005,513,"Coal workers pneumoconiosis",3,"Both",27,"Age-standardized",1981,"Rate",0.00948005883129772,0.00270369031489083,0.0248520256455514
1,"Deaths",1799,"Bristol County",25005,513,"Coal workers pneumoconiosis",3,"Both",27,"Age-standardized",1982,"Rate",0.00991471318572414,0.00295246596470141,0.0260654477068208
1,"Deaths",1799,"Bristol County",25005,513,"Coal workers pneumoconiosis",3,"Both",27,"Age-standardized",1983,"Rate",0.0107606528091675,0.00319568385434794,0.0296252676337909
1,"Deaths",1799,"Bristol County",25005,513,"Coal workers pneumoconiosis",3,"Both",27,"Age-standardized",1984,"Rate",0.00975910638147825,0.00307858771601001,0.0248334699417578
1,"Deaths",1799,"Bristol County",25005,513,"Coal workers pneumoconiosis",3,"Both",27,"Age-standardized",1985,"Rate",0.0101074264752758,0.00317395437174654,0.0255318665378305
1,"Deaths",1799,"Bristol County",25005,513,"Coal workers pneumoconiosis",3,"Both",27,"Age-standardized",1986,"Rate",0.00948230101668636,0.00289092942432357,0.0239444682096035
1,"Deaths",1799,"Bristol County",25005,513,"Coal workers pneumoconiosis",3,"Both",27,"Age-standardized",1987,"Rate",0.00881588926993811,0.00275069361985903,0.0225282122507093
1,"Deaths",1799,"Bristol County",25005,513,"Coal workers pneumoconiosis",3,"Both",27,"Age-standardized",1988,"Rate",0.00807328114089351,0.00231249764777339,0.0205592397784657
1,"Deaths",1799,"Bristol County",25005,513,"Coal workers pneumoconiosis",3,"Both",27,"Age-standardized",1989,"Rate",0.00761802347587739,0.00217288802031432,0.0206930512602879
1,"Deaths",1799,"Bristol County",25005,513,"Coal workers pneumoconiosis",3,"Both",27,"Age-standardized",1990,"Rate",0.00628079381929739,0.00183760731125985,0.0167683291400732
1,"Deaths",1799,"Bristol County",25005,513,"Coal workers pneumoconiosis",3,"Both",27,"Age-standardized",1991,"Rate",0.00608956083882595,0.00156138325742126,0.0168853302366772
1,"Deaths",1799,"Bristol County",25005,513,"Coal workers pneumoconiosis",3,"Both",27,"Age-standardized",1992,"Rate",0.00612569878629556,0.00152609675058062,0.0171826303126857
1,"Deaths",1799,"Bristol County",25005,513,"Coal workers pneumoconiosis",3,"Both",27,"Age-standardized",1993,"Rate",0.00594869142089748,0.001523414118737,0.016994620218415
1,"Deaths",1799,"Bristol County",25005,513,"Coal workers pneumoconiosis",3,"Both",27,"Age-standardized",1994,"Rate",0.00529826895542269,0.00142307456868529,0.0155074313709712
1,"Deaths",1799,"Bristol County",25005,513,"Coal workers pneumoconiosis",3,"Both",27,"Age-standardized",1995,"Rate",0.00551274470046365,0.0013990729968286,0.0159369213273129
1,"Deaths",1799,"Bristol County",25005,513,"Coal workers pneumoconiosis",3,"Both",27,"Age-standardized",1996,"Rate",0.00535546572503097,0.00137678052320321,0.0149571036430516
1,"Deaths",1799,"Bristol County",25005,513,"Coal workers pneumoconiosis",3,"Both",27,"Age-standardized",1997,"Rate",0.0050116523356343,0.00135161369445044,0.0144229257671196
1,"Deaths",1799,"Bristol County",25005,513,"Coal workers pneumoconiosis",3,"Both",27,"Age-standardized",1998,"Rate",0.00487813589764333,0.00122856574388071,0.0141868681496278
1,"Deaths",1799,"Bristol County",25005,513,"Coal workers pneumoconiosis",3,"Both",27,"Age-standardized",1999,"Rate",0.00472143130568123,0.00121627317872149,0.0142604547347655
1,"Deaths",1799,"Bristol County",25005,513,"Coal workers pneumoconiosis",3,"Both",27,"Age-standardized",2000,"Rate",0.00467286393893549,0.00115256762945038,0.0140419220888868
1,"Deaths",1799,"Bristol County",25005,513,"Coal workers pneumoconiosis",3,"Both",27,"Age-standardized",2001,"Rate",0.00407192122039784,0.00100403259472215,0.0127918428901817
1,"Deaths",1799,"Bristol County",25005,513,"Coal workers pneumoconiosis",3,"Both",27,"Age-standardized",2002,"Rate",0.00395692290634108,0.000953269997821212,0.0122216241394172
1,"Deaths",1799,"Bristol County",25005,513,"Coal workers pneumoconiosis",3,"Both",27,"Age-standardized",2003,"Rate",0.0037310273955426,0.000893562340787293,0.0121693130466625
1,"Deaths",1799,"Bristol County",25005,513,"Coal workers pneumoconiosis",3,"Both",27,"Age-standardized",2004,"Rate",0.00331026328063057,0.000756696029999522,0.0102325293152703
1,"Deaths",1799,"Bristol County",25005,513,"Coal workers pneumoconiosis",3,"Both",27,"Age-standardized",2005,"Rate",0.00313334174515175,0.000711976531296433,0.0104307923541698
1,"Deaths",1799,"Bristol County",25005,513,"Coal workers pneumoconiosis",3,"Both",27,"Age-standardized",2006,"Rate",0.00291370999148603,0.000672972858972659,0.00923237747163872
1,"Deaths",1799,"Bristol County",25005,513,"Coal workers pneumoconiosis",3,"Both",27,"Age-standardized",2007,"Rate",0.00262500663401855,0.000547467697191546,0.00924717506788161
1,"Deaths",1799,"Bristol County",25005,513,"Coal workers pneumoconiosis",3,"Both",27,"Age-standardized",2008,"Rate",0.00276414876789212,0.00058100618382313,0.00905484198436673
1,"Deaths",1799,"Bristol County",25005,513,"Coal workers pneumoconiosis",3,"Both",27,"Age-standardized",2009,"Rate",0.00279602850974762,0.000556784245939035,0.00944978674625696
1,"Deaths",1799,"Bristol County",25005,513,"Coal workers pneumoconiosis",3,"Both",27,"Age-standardized",2010,"Rate",0.00268269477848674,0.000549349576275079,0.00914101702161512
1,"Deaths",1799,"Bristol County",25005,513,"Coal workers pneumoconiosis",3,"Both",27,"Age-standardized",2011,"Rate",0.00275357512044334,0.000561373170021109,0.0101693766953261
1,"Deaths",1799,"Bristol County",25005,513,"Coal workers pneumoconiosis",3,"Both",27,"Age-standardized",2012,"Rate",0.00254988296610957,0.000451594272484044,0.00934637040542742
1,"Deaths",1799,"Bristol County",25005,513,"Coal workers pneumoconiosis",3,"Both",27,"Age-standardized",2013,"Rate",0.00274569222032014,0.000505613936098812,0.00999391687066857
1,"Deaths",1799,"Bristol County",25005,513,"Coal workers pneumoconiosis",3,"Both",27,"Age-standardized",2014,"Rate",0.00283453843223763,0.00052742063589824,0.0107468374948034
1,"Deaths",1801,"Dukes County",25007,513,"Coal workers pneumoconiosis",1,"Male",27,"Age-standardized",1980,"Rate",0.0185022041679622,0.000145429337013319,0.112833154933125
1,"Deaths",1801,"Dukes County",25007,513,"Coal workers pneumoconiosis",1,"Male",27,"Age-standardized",1981,"Rate",0.0187080090617709,0.000160085162888755,0.112806735974408
1,"Deaths",1801,"Dukes County",25007,513,"Coal workers pneumoconiosis",1,"Male",27,"Age-standardized",1982,"Rate",0.0192566715272096,0.000155456393725061,0.107139130222806
1,"Deaths",1801,"Dukes County",25007,513,"Coal workers pneumoconiosis",1,"Male",27,"Age-standardized",1983,"Rate",0.0198272203280647,0.000206833856622423,0.108164138176459
1,"Deaths",1801,"Dukes County",25007,513,"Coal workers pneumoconiosis",1,"Male",27,"Age-standardized",1984,"Rate",0.0173290628962082,0.000181767408073966,0.093714800005258
1,"Deaths",1801,"Dukes County",25007,513,"Coal workers pneumoconiosis",1,"Male",27,"Age-standardized",1985,"Rate",0.0180092898099847,0.00019515203668663,0.115418772712175
1,"Deaths",1801,"Dukes County",25007,513,"Coal workers pneumoconiosis",1,"Male",27,"Age-standardized",1986,"Rate",0.0185359298223727,0.000205004038772884,0.10403828025483
1,"Deaths",1801,"Dukes County",25007,513,"Coal workers pneumoconiosis",1,"Male",27,"Age-standardized",1987,"Rate",0.0167786369324176,0.000171466631894937,0.109091842320511
1,"Deaths",1801,"Dukes County",25007,513,"Coal workers pneumoconiosis",1,"Male",27,"Age-standardized",1988,"Rate",0.0156546830207035,0.000154889676563967,0.105220479235094
1,"Deaths",1801,"Dukes County",25007,513,"Coal workers pneumoconiosis",1,"Male",27,"Age-standardized",1989,"Rate",0.0159153880584606,0.000154861275579446,0.0987631948822524
1,"Deaths",1801,"Dukes County",25007,513,"Coal workers pneumoconiosis",1,"Male",27,"Age-standardized",1990,"Rate",0.013915358048638,0.000136962774849177,0.0954419542041152
1,"Deaths",1801,"Dukes County",25007,513,"Coal workers pneumoconiosis",1,"Male",27,"Age-standardized",1991,"Rate",0.0146678274649851,0.000150233539785402,0.0939805015128814
1,"Deaths",1801,"Dukes County",25007,513,"Coal workers pneumoconiosis",1,"Male",27,"Age-standardized",1992,"Rate",0.0153693895867738,0.000151736369400305,0.0975093065420211
1,"Deaths",1801,"Dukes County",25007,513,"Coal workers pneumoconiosis",1,"Male",27,"Age-standardized",1993,"Rate",0.0148302530425171,0.000149488531570618,0.104634676980397
1,"Deaths",1801,"Dukes County",25007,513,"Coal workers pneumoconiosis",1,"Male",27,"Age-standardized",1994,"Rate",0.0145278973223605,0.000122505638131787,0.0935703738161687
1,"Deaths",1801,"Dukes County",25007,513,"Coal workers pneumoconiosis",1,"Male",27,"Age-standardized",1995,"Rate",0.0143376956759047,0.000113077666128403,0.105467807724853
1,"Deaths",1801,"Dukes County",25007,513,"Coal workers pneumoconiosis",1,"Male",27,"Age-standardized",1996,"Rate",0.0138527601500866,0.000112138887766207,0.0931061924000297
1,"Deaths",1801,"Dukes County",25007,513,"Coal workers pneumoconiosis",1,"Male",27,"Age-standardized",1997,"Rate",0.0141962334582679,0.00011544307604768,0.0869193959129086
1,"Deaths",1801,"Dukes County",25007,513,"Coal workers pneumoconiosis",1,"Male",27,"Age-standardized",1998,"Rate",0.0134293324471868,9.43811043552169e-05,0.0882797922302172
1,"Deaths",1801,"Dukes County",25007,513,"Coal workers pneumoconiosis",1,"Male",27,"Age-standardized",1999,"Rate",0.0131068655410009,8.77222772875863e-05,0.0864584048270893
1,"Deaths",1801,"Dukes County",25007,513,"Coal workers pneumoconiosis",1,"Male",27,"Age-standardized",2000,"Rate",0.0120661345717823,7.83493563686936e-05,0.0734582763222688
1,"Deaths",1801,"Dukes County",25007,513,"Coal workers pneumoconiosis",1,"Male",27,"Age-standardized",2001,"Rate",0.0114244934979966,6.64014335558581e-05,0.0779392158436649
1,"Deaths",1801,"Dukes County",25007,513,"Coal workers pneumoconiosis",1,"Male",27,"Age-standardized",2002,"Rate",0.0108849298781837,5.8207943320433e-05,0.0757223964787612
1,"Deaths",1801,"Dukes County",25007,513,"Coal workers pneumoconiosis",1,"Male",27,"Age-standardized",2003,"Rate",0.0102817942030265,5.29334478986489e-05,0.0794515342949751
1,"Deaths",1801,"Dukes County",25007,513,"Coal workers pneumoconiosis",1,"Male",27,"Age-standardized",2004,"Rate",0.00917632154715894,4.36246708952628e-05,0.0665443609971477
1,"Deaths",1801,"Dukes County",25007,513,"Coal workers pneumoconiosis",1,"Male",27,"Age-standardized",2005,"Rate",0.00962748372115757,4.12947778807939e-05,0.0784896000293145
1,"Deaths",1801,"Dukes County",25007,513,"Coal workers pneumoconiosis",1,"Male",27,"Age-standardized",2006,"Rate",0.00893506143296509,4.54562412642413e-05,0.0701464965780284
1,"Deaths",1801,"Dukes County",25007,513,"Coal workers pneumoconiosis",1,"Male",27,"Age-standardized",2007,"Rate",0.00789179598494626,2.85513428269671e-05,0.0648713924402965
1,"Deaths",1801,"Dukes County",25007,513,"Coal workers pneumoconiosis",1,"Male",27,"Age-standardized",2008,"Rate",0.00769035036779208,3.13583363947989e-05,0.0614211103682078
1,"Deaths",1801,"Dukes County",25007,513,"Coal workers pneumoconiosis",1,"Male",27,"Age-standardized",2009,"Rate",0.00782247799359394,2.93465158092636e-05,0.0624942137838332
1,"Deaths",1801,"Dukes County",25007,513,"Coal workers pneumoconiosis",1,"Male",27,"Age-standardized",2010,"Rate",0.00817619531196255,2.61689698447785e-05,0.0615905051593591
1,"Deaths",1801,"Dukes County",25007,513,"Coal workers pneumoconiosis",1,"Male",27,"Age-standardized",2011,"Rate",0.00770840095078029,2.41254480408311e-05,0.0532362059420096
1,"Deaths",1801,"Dukes County",25007,513,"Coal workers pneumoconiosis",1,"Male",27,"Age-standardized",2012,"Rate",0.00827758035759944,2.31939712727663e-05,0.0726025511111643
1,"Deaths",1801,"Dukes County",25007,513,"Coal workers pneumoconiosis",1,"Male",27,"Age-standardized",2013,"Rate",0.00855146532765946,1.79774940697782e-05,0.0714749052571026
1,"Deaths",1801,"Dukes County",25007,513,"Coal workers pneumoconiosis",1,"Male",27,"Age-standardized",2014,"Rate",0.00952027531751434,2.04050167448414e-05,0.0729697486739607
1,"Deaths",1801,"Dukes County",25007,513,"Coal workers pneumoconiosis",2,"Female",27,"Age-standardized",1980,"Rate",0.00261471430183497,0.000232016234585779,0.0117129489243678
1,"Deaths",1801,"Dukes County",25007,513,"Coal workers pneumoconiosis",2,"Female",27,"Age-standardized",1981,"Rate",0.00248226884679273,0.000220220333546984,0.0100517875703036
1,"Deaths",1801,"Dukes County",25007,513,"Coal workers pneumoconiosis",2,"Female",27,"Age-standardized",1982,"Rate",0.00255359031466329,0.000223083449754318,0.011118420588445
1,"Deaths",1801,"Dukes County",25007,513,"Coal workers pneumoconiosis",2,"Female",27,"Age-standardized",1983,"Rate",0.0026828440201927,0.000232826246133162,0.0106861395951291
1,"Deaths",1801,"Dukes County",25007,513,"Coal workers pneumoconiosis",2,"Female",27,"Age-standardized",1984,"Rate",0.00288876209424991,0.000250317313727898,0.0126529406693875
1,"Deaths",1801,"Dukes County",25007,513,"Coal workers pneumoconiosis",2,"Female",27,"Age-standardized",1985,"Rate",0.00300870980781281,0.000269631538477884,0.0118370376264182
1,"Deaths",1801,"Dukes County",25007,513,"Coal workers pneumoconiosis",2,"Female",27,"Age-standardized",1986,"Rate",0.00297100678810972,0.000248641886099234,0.0124202268258325
1,"Deaths",1801,"Dukes County",25007,513,"Coal workers pneumoconiosis",2,"Female",27,"Age-standardized",1987,"Rate",0.00252305276410753,0.000211063634909805,0.0105505366524903
1,"Deaths",1801,"Dukes County",25007,513,"Coal workers pneumoconiosis",2,"Female",27,"Age-standardized",1988,"Rate",0.00218268446192959,0.000198467413474848,0.00950739420790835
1,"Deaths",1801,"Dukes County",25007,513,"Coal workers pneumoconiosis",2,"Female",27,"Age-standardized",1989,"Rate",0.0017214830316002,0.000150309465318393,0.00722339139414258
1,"Deaths",1801,"Dukes County",25007,513,"Coal workers pneumoconiosis",2,"Female",27,"Age-standardized",1990,"Rate",0.00142368499328201,0.000128477654387428,0.00579117908501166
1,"Deaths",1801,"Dukes County",25007,513,"Coal workers pneumoconiosis",2,"Female",27,"Age-standardized",1991,"Rate",0.00102666359211456,9.51840373605792e-05,0.00425434822811012
1,"Deaths",1801,"Dukes County",25007,513,"Coal workers pneumoconiosis",2,"Female",27,"Age-standardized",1992,"Rate",0.000744267136677256,6.53317696559903e-05,0.00311731896028734
1,"Deaths",1801,"Dukes County",25007,513,"Coal workers pneumoconiosis",2,"Female",27,"Age-standardized",1993,"Rate",0.00108921713851078,9.54183114945753e-05,0.00456651727575162
1,"Deaths",1801,"Dukes County",25007,513,"Coal workers pneumoconiosis",2,"Female",27,"Age-standardized",1994,"Rate",0.000916780102636296,7.84760868027041e-05,0.00386950064277493
1,"Deaths",1801,"Dukes County",25007,513,"Coal workers pneumoconiosis",2,"Female",27,"Age-standardized",1995,"Rate",0.00103224948807553,9.45237224575309e-05,0.00415320831755241
1,"Deaths",1801,"Dukes County",25007,513,"Coal workers pneumoconiosis",2,"Female",27,"Age-standardized",1996,"Rate",0.00111527935137157,0.000103615696208982,0.00478159824970345
1,"Deaths",1801,"Dukes County",25007,513,"Coal workers pneumoconiosis",2,"Female",27,"Age-standardized",1997,"Rate",0.00120653738434383,0.00011271906932708,0.00530686298362205
1,"Deaths",1801,"Dukes County",25007,513,"Coal workers pneumoconiosis",2,"Female",27,"Age-standardized",1998,"Rate",0.00139448404439174,0.000131215306834166,0.0062411094394942
1,"Deaths",1801,"Dukes County",25007,513,"Coal workers pneumoconiosis",2,"Female",27,"Age-standardized",1999,"Rate",0.00134837782181341,0.000117926155881297,0.00593801428278476
1,"Deaths",1801,"Dukes County",25007,513,"Coal workers pneumoconiosis",2,"Female",27,"Age-standardized",2000,"Rate",0.00149391764006059,0.00013667193164048,0.00682780469232928
1,"Deaths",1801,"Dukes County",25007,513,"Coal workers pneumoconiosis",2,"Female",27,"Age-standardized",2001,"Rate",0.00138425801616863,0.000120499552207763,0.00573857071595966
1,"Deaths",1801,"Dukes County",25007,513,"Coal workers pneumoconiosis",2,"Female",27,"Age-standardized",2002,"Rate",0.00124913427530461,0.000114537230212148,0.00506080829722447
1,"Deaths",1801,"Dukes County",25007,513,"Coal workers pneumoconiosis",2,"Female",27,"Age-standardized",2003,"Rate",0.00125139450136846,0.000109815340393324,0.00540075428631882
1,"Deaths",1801,"Dukes County",25007,513,"Coal workers pneumoconiosis",2,"Female",27,"Age-standardized",2004,"Rate",0.00124833074225908,0.000105269931284019,0.00530110805002743
1,"Deaths",1801,"Dukes County",25007,513,"Coal workers pneumoconiosis",2,"Female",27,"Age-standardized",2005,"Rate",0.00119616546599145,0.000101761310939065,0.005126567448917
1,"Deaths",1801,"Dukes County",25007,513,"Coal workers pneumoconiosis",2,"Female",27,"Age-standardized",2006,"Rate",0.00131504329366011,0.000109041229629418,0.00605963385843567
1,"Deaths",1801,"Dukes County",25007,513,"Coal workers pneumoconiosis",2,"Female",27,"Age-standardized",2007,"Rate",0.000992344359045519,7.46568377954719e-05,0.0042484038157218
1,"Deaths",1801,"Dukes County",25007,513,"Coal workers pneumoconiosis",2,"Female",27,"Age-standardized",2008,"Rate",0.00117913110307356,8.71053063974676e-05,0.00519471075583693
1,"Deaths",1801,"Dukes County",25007,513,"Coal workers pneumoconiosis",2,"Female",27,"Age-standardized",2009,"Rate",0.00117166703525551,8.49292577276197e-05,0.00501953642687904
1,"Deaths",1801,"Dukes County",25007,513,"Coal workers pneumoconiosis",2,"Female",27,"Age-standardized",2010,"Rate",0.0011479916638514,8.12438970028553e-05,0.00491359369025578
1,"Deaths",1801,"Dukes County",25007,513,"Coal workers pneumoconiosis",2,"Female",27,"Age-standardized",2011,"Rate",0.00112185652898364,7.24922068051715e-05,0.00487377153946316
1,"Deaths",1801,"Dukes County",25007,513,"Coal workers pneumoconiosis",2,"Female",27,"Age-standardized",2012,"Rate",0.00111408644284905,6.73541109224274e-05,0.00505618747577839
1,"Deaths",1801,"Dukes County",25007,513,"Coal workers pneumoconiosis",2,"Female",27,"Age-standardized",2013,"Rate",0.00120385865167508,7.10673447406853e-05,0.00560067441797951
1,"Deaths",1801,"Dukes County",25007,513,"Coal workers pneumoconiosis",2,"Female",27,"Age-standardized",2014,"Rate",0.00119778294394457,6.45836469347008e-05,0.00590849905173106
1,"Deaths",1801,"Dukes County",25007,513,"Coal workers pneumoconiosis",3,"Both",27,"Age-standardized",1980,"Rate",0.00822821099878336,0.00051843910193863,0.0431209997105559
1,"Deaths",1801,"Dukes County",25007,513,"Coal workers pneumoconiosis",3,"Both",27,"Age-standardized",1981,"Rate",0.00824075934860447,0.000475071608492474,0.0412534809361244
1,"Deaths",1801,"Dukes County",25007,513,"Coal workers pneumoconiosis",3,"Both",27,"Age-standardized",1982,"Rate",0.00848793068284199,0.00051647657965513,0.0416966394874458
1,"Deaths",1801,"Dukes County",25007,513,"Coal workers pneumoconiosis",3,"Both",27,"Age-standardized",1983,"Rate",0.00875968532669623,0.000505735598638815,0.0399636370091873
1,"Deaths",1801,"Dukes County",25007,513,"Coal workers pneumoconiosis",3,"Both",27,"Age-standardized",1984,"Rate",0.00804615084353981,0.000529588901697586,0.0391932112515208
1,"Deaths",1801,"Dukes County",25007,513,"Coal workers pneumoconiosis",3,"Both",27,"Age-standardized",1985,"Rate",0.00840599383337028,0.000533890854858362,0.0431947587736968
1,"Deaths",1801,"Dukes County",25007,513,"Coal workers pneumoconiosis",3,"Both",27,"Age-standardized",1986,"Rate",0.008578596425661,0.000563955215791792,0.0414952660025932
1,"Deaths",1801,"Dukes County",25007,513,"Coal workers pneumoconiosis",3,"Both",27,"Age-standardized",1987,"Rate",0.00765653229460367,0.000493103402239193,0.041356764017562
1,"Deaths",1801,"Dukes County",25007,513,"Coal workers pneumoconiosis",3,"Both",27,"Age-standardized",1988,"Rate",0.00705136573731658,0.000403858989021067,0.0407201858314848
1,"Deaths",1801,"Dukes County",25007,513,"Coal workers pneumoconiosis",3,"Both",27,"Age-standardized",1989,"Rate",0.00684857797061623,0.000374694002200824,0.0377635244015136
1,"Deaths",1801,"Dukes County",25007,513,"Coal workers pneumoconiosis",3,"Both",27,"Age-standardized",1990,"Rate",0.00591642580655591,0.0003150541740348,0.0358270192202516
1,"Deaths",1801,"Dukes County",25007,513,"Coal workers pneumoconiosis",3,"Both",27,"Age-standardized",1991,"Rate",0.0058831737643897,0.000262692738179316,0.0341392179620217
1,"Deaths",1801,"Dukes County",25007,513,"Coal workers pneumoconiosis",3,"Both",27,"Age-standardized",1992,"Rate",0.00586121852267244,0.000211122811183967,0.0353490134183986
1,"Deaths",1801,"Dukes County",25007,513,"Coal workers pneumoconiosis",3,"Both",27,"Age-standardized",1993,"Rate",0.00586932751166287,0.000248934390146086,0.0370954364971429
1,"Deaths",1801,"Dukes County",25007,513,"Coal workers pneumoconiosis",3,"Both",27,"Age-standardized",1994,"Rate",0.0055882192752851,0.000213757580904025,0.0315967775272566
1,"Deaths",1801,"Dukes County",25007,513,"Coal workers pneumoconiosis",3,"Both",27,"Age-standardized",1995,"Rate",0.00555967643670519,0.000233699877877317,0.0364861798684953
1,"Deaths",1801,"Dukes County",25007,513,"Coal workers pneumoconiosis",3,"Both",27,"Age-standardized",1996,"Rate",0.00541615702933918,0.000234824986997222,0.0323902115573305
1,"Deaths",1801,"Dukes County",25007,513,"Coal workers pneumoconiosis",3,"Both",27,"Age-standardized",1997,"Rate",0.00560099855770393,0.000235145681466577,0.0331346938087973
1,"Deaths",1801,"Dukes County",25007,513,"Coal workers pneumoconiosis",3,"Both",27,"Age-standardized",1998,"Rate",0.0054093371806766,0.000253046826887163,0.0317864581262798
1,"Deaths",1801,"Dukes County",25007,513,"Coal workers pneumoconiosis",3,"Both",27,"Age-standardized",1999,"Rate",0.00526703377478273,0.000235386308733066,0.0308421568048915
1,"Deaths",1801,"Dukes County",25007,513,"Coal workers pneumoconiosis",3,"Both",27,"Age-standardized",2000,"Rate",0.00501938184048514,0.000243100210449904,0.0267518649086737
1,"Deaths",1801,"Dukes County",25007,513,"Coal workers pneumoconiosis",3,"Both",27,"Age-standardized",2001,"Rate",0.00479529791246207,0.0002158101883432,0.029976252769398
1,"Deaths",1801,"Dukes County",25007,513,"Coal workers pneumoconiosis",3,"Both",27,"Age-standardized",2002,"Rate",0.00472933749451028,0.000206628617526693,0.0289146290408649
1,"Deaths",1801,"Dukes County",25007,513,"Coal workers pneumoconiosis",3,"Both",27,"Age-standardized",2003,"Rate",0.00448259700774376,0.000180396885308732,0.0305867878055261
1,"Deaths",1801,"Dukes County",25007,513,"Coal workers pneumoconiosis",3,"Both",27,"Age-standardized",2004,"Rate",0.0042351764447417,0.000179782540225019,0.0284543376659402
1,"Deaths",1801,"Dukes County",25007,513,"Coal workers pneumoconiosis",3,"Both",27,"Age-standardized",2005,"Rate",0.0043675541323251,0.000162832027503942,0.0324783382676222
1,"Deaths",1801,"Dukes County",25007,513,"Coal workers pneumoconiosis",3,"Both",27,"Age-standardized",2006,"Rate",0.00420246435134651,0.000168593234022142,0.0289359802333364
1,"Deaths",1801,"Dukes County",25007,513,"Coal workers pneumoconiosis",3,"Both",27,"Age-standardized",2007,"Rate",0.00368352852932096,0.000133381729156005,0.0263587413744014
1,"Deaths",1801,"Dukes County",25007,513,"Coal workers pneumoconiosis",3,"Both",27,"Age-standardized",2008,"Rate",0.00368890506263429,0.000136473623268639,0.0247971701944883
1,"Deaths",1801,"Dukes County",25007,513,"Coal workers pneumoconiosis",3,"Both",27,"Age-standardized",2009,"Rate",0.00380656813254377,0.000135125167889624,0.0252519035968237
1,"Deaths",1801,"Dukes County",25007,513,"Coal workers pneumoconiosis",3,"Both",27,"Age-standardized",2010,"Rate",0.00396031179820946,0.000135563110800848,0.0243048408649043
1,"Deaths",1801,"Dukes County",25007,513,"Coal workers pneumoconiosis",3,"Both",27,"Age-standardized",2011,"Rate",0.00383788370589213,0.000122357702320097,0.0237659547789389
1,"Deaths",1801,"Dukes County",25007,513,"Coal workers pneumoconiosis",3,"Both",27,"Age-standardized",2012,"Rate",0.00404410975584616,0.000113151256955018,0.0302359635688959
1,"Deaths",1801,"Dukes County",25007,513,"Coal workers pneumoconiosis",3,"Both",27,"Age-standardized",2013,"Rate",0.0042597566926194,0.000118093342573954,0.0308561653603651
1,"Deaths",1801,"Dukes County",25007,513,"Coal workers pneumoconiosis",3,"Both",27,"Age-standardized",2014,"Rate",0.00474310087756248,0.000122948681782914,0.0318216055608884
1,"Deaths",1789,"Essex County",25009,513,"Coal workers pneumoconiosis",1,"Male",27,"Age-standardized",1980,"Rate",0.0102484348573109,0.0010856430963705,0.0367592371735503
1,"Deaths",1789,"Essex County",25009,513,"Coal workers pneumoconiosis",1,"Male",27,"Age-standardized",1981,"Rate",0.0100219615437435,0.00105295014460772,0.0392115241366209
1,"Deaths",1789,"Essex County",25009,513,"Coal workers pneumoconiosis",1,"Male",27,"Age-standardized",1982,"Rate",0.0101728714626392,0.00105201886337886,0.0401013297853706
1,"Deaths",1789,"Essex County",25009,513,"Coal workers pneumoconiosis",1,"Male",27,"Age-standardized",1983,"Rate",0.0111063371425903,0.00119347543956396,0.0384335332299422
1,"Deaths",1789,"Essex County",25009,513,"Coal workers pneumoconiosis",1,"Male",27,"Age-standardized",1984,"Rate",0.00918294109692431,0.00105131995294105,0.0315841377452284
1,"Deaths",1789,"Essex County",25009,513,"Coal workers pneumoconiosis",1,"Male",27,"Age-standardized",1985,"Rate",0.00947860691674233,0.00102077547057205,0.0360966817903651
1,"Deaths",1789,"Essex County",25009,513,"Coal workers pneumoconiosis",1,"Male",27,"Age-standardized",1986,"Rate",0.00981166014796826,0.00102223883638776,0.0350489332609834
1,"Deaths",1789,"Essex County",25009,513,"Coal workers pneumoconiosis",1,"Male",27,"Age-standardized",1987,"Rate",0.00871851168668242,0.000961889931701694,0.0311682733125946
1,"Deaths",1789,"Essex County",25009,513,"Coal workers pneumoconiosis",1,"Male",27,"Age-standardized",1988,"Rate",0.00822393902093493,0.000908500179971597,0.0309048054691374
1,"Deaths",1789,"Essex County",25009,513,"Coal workers pneumoconiosis",1,"Male",27,"Age-standardized",1989,"Rate",0.00809312953911126,0.000867952529714598,0.0297794704499429
1,"Deaths",1789,"Essex County",25009,513,"Coal workers pneumoconiosis",1,"Male",27,"Age-standardized",1990,"Rate",0.00702333403989997,0.000738095893544792,0.026871055492521
1,"Deaths",1789,"Essex County",25009,513,"Coal workers pneumoconiosis",1,"Male",27,"Age-standardized",1991,"Rate",0.00730459273109221,0.000709987071503187,0.0287342816082907
1,"Deaths",1789,"Essex County",25009,513,"Coal workers pneumoconiosis",1,"Male",27,"Age-standardized",1992,"Rate",0.00795945498337035,0.000722473297312482,0.0311176524472665
1,"Deaths",1789,"Essex County",25009,513,"Coal workers pneumoconiosis",1,"Male",27,"Age-standardized",1993,"Rate",0.0075138969532139,0.000700105899093546,0.0288066761317224
1,"Deaths",1789,"Essex County",25009,513,"Coal workers pneumoconiosis",1,"Male",27,"Age-standardized",1994,"Rate",0.00718629987830767,0.000685791243695524,0.0304582020427055
1,"Deaths",1789,"Essex County",25009,513,"Coal workers pneumoconiosis",1,"Male",27,"Age-standardized",1995,"Rate",0.00723869900832662,0.000674016448257547,0.0280800583487875
1,"Deaths",1789,"Essex County",25009,513,"Coal workers pneumoconiosis",1,"Male",27,"Age-standardized",1996,"Rate",0.00662102646252527,0.000623951791833083,0.0252454944927618
1,"Deaths",1789,"Essex County",25009,513,"Coal workers pneumoconiosis",1,"Male",27,"Age-standardized",1997,"Rate",0.00638323584878247,0.000652659594258935,0.023597233543013
1,"Deaths",1789,"Essex County",25009,513,"Coal workers pneumoconiosis",1,"Male",27,"Age-standardized",1998,"Rate",0.00638159580175012,0.000513862271563694,0.0245561676605688
1,"Deaths",1789,"Essex County",25009,513,"Coal workers pneumoconiosis",1,"Male",27,"Age-standardized",1999,"Rate",0.00592783242758271,0.000516912014573703,0.0263939416257804
1,"Deaths",1789,"Essex County",25009,513,"Coal workers pneumoconiosis",1,"Male",27,"Age-standardized",2000,"Rate",0.00525779969865765,0.000424052422383903,0.0224111289272772
1,"Deaths",1789,"Essex County",25009,513,"Coal workers pneumoconiosis",1,"Male",27,"Age-standardized",2001,"Rate",0.00448547510994933,0.000327101443908286,0.018654137870137
1,"Deaths",1789,"Essex County",25009,513,"Coal workers pneumoconiosis",1,"Male",27,"Age-standardized",2002,"Rate",0.00467154520871048,0.000341700718104721,0.0197799358351946
1,"Deaths",1789,"Essex County",25009,513,"Coal workers pneumoconiosis",1,"Male",27,"Age-standardized",2003,"Rate",0.00437937898193979,0.000302259362527345,0.0205840535764348
1,"Deaths",1789,"Essex County",25009,513,"Coal workers pneumoconiosis",1,"Male",27,"Age-standardized",2004,"Rate",0.00406805279363158,0.000262830400987756,0.0181554094419145
1,"Deaths",1789,"Essex County",25009,513,"Coal workers pneumoconiosis",1,"Male",27,"Age-standardized",2005,"Rate",0.00361604313440439,0.000220945688805112,0.0172532190723216
1,"Deaths",1789,"Essex County",25009,513,"Coal workers pneumoconiosis",1,"Male",27,"Age-standardized",2006,"Rate",0.00317071618001554,0.000200988048407117,0.0142741878373327
1,"Deaths",1789,"Essex County",25009,513,"Coal workers pneumoconiosis",1,"Male",27,"Age-standardized",2007,"Rate",0.00315735488772443,0.000196930998766849,0.0148555328570168
1,"Deaths",1789,"Essex County",25009,513,"Coal workers pneumoconiosis",1,"Male",27,"Age-standardized",2008,"Rate",0.00290352716146485,0.000162282080413321,0.0136922964535327
1,"Deaths",1789,"Essex County",25009,513,"Coal workers pneumoconiosis",1,"Male",27,"Age-standardized",2009,"Rate",0.00287223766310243,0.000163907536983517,0.0154453721624073
1,"Deaths",1789,"Essex County",25009,513,"Coal workers pneumoconiosis",1,"Male",27,"Age-standardized",2010,"Rate",0.00275179551497737,0.000146748140046193,0.0146713747353248
1,"Deaths",1789,"Essex County",25009,513,"Coal workers pneumoconiosis",1,"Male",27,"Age-standardized",2011,"Rate",0.00269243343779713,0.000136176164467148,0.0132816451780475
1,"Deaths",1789,"Essex County",25009,513,"Coal workers pneumoconiosis",1,"Male",27,"Age-standardized",2012,"Rate",0.0026342942693984,0.000123994347582643,0.0129726871202377
1,"Deaths",1789,"Essex County",25009,513,"Coal workers pneumoconiosis",1,"Male",27,"Age-standardized",2013,"Rate",0.0027404999567528,0.000122010723737129,0.0145919551262164
1,"Deaths",1789,"Essex County",25009,513,"Coal workers pneumoconiosis",1,"Male",27,"Age-standardized",2014,"Rate",0.00293537586929326,0.000115349488088909,0.015623481319972
1,"Deaths",1789,"Essex County",25009,513,"Coal workers pneumoconiosis",2,"Female",27,"Age-standardized",1980,"Rate",0.0022838472949369,0.000528126280312272,0.00648894519736349
1,"Deaths",1789,"Essex County",25009,513,"Coal workers pneumoconiosis",2,"Female",27,"Age-standardized",1981,"Rate",0.00214486559829051,0.00050190304190169,0.00632969701532871
1,"Deaths",1789,"Essex County",25009,513,"Coal workers pneumoconiosis",2,"Female",27,"Age-standardized",1982,"Rate",0.00203214773920412,0.000469579432432356,0.00578214638629514
1,"Deaths",1789,"Essex County",25009,513,"Coal workers pneumoconiosis",2,"Female",27,"Age-standardized",1983,"Rate",0.00224404397684818,0.000524335377426194,0.00625675060047071
1,"Deaths",1789,"Essex County",25009,513,"Coal workers pneumoconiosis",2,"Female",27,"Age-standardized",1984,"Rate",0.00239260583730476,0.000543906485212595,0.00688534146938534
1,"Deaths",1789,"Essex County",25009,513,"Coal workers pneumoconiosis",2,"Female",27,"Age-standardized",1985,"Rate",0.00242597058830637,0.000528027029627461,0.00706621306696649
1,"Deaths",1789,"Essex County",25009,513,"Coal workers pneumoconiosis",2,"Female",27,"Age-standardized",1986,"Rate",0.00236717829173553,0.000551383370792418,0.00646112500831584
1,"Deaths",1789,"Essex County",25009,513,"Coal workers pneumoconiosis",2,"Female",27,"Age-standardized",1987,"Rate",0.00205494177635466,0.00046360801459076,0.00607891725050488
1,"Deaths",1789,"Essex County",25009,513,"Coal workers pneumoconiosis",2,"Female",27,"Age-standardized",1988,"Rate",0.00176565096939035,0.000397624415619485,0.00518035737595699
1,"Deaths",1789,"Essex County",25009,513,"Coal workers pneumoconiosis",2,"Female",27,"Age-standardized",1989,"Rate",0.00139186795357846,0.000311170878244609,0.00392307668083365
1,"Deaths",1789,"Essex County",25009,513,"Coal workers pneumoconiosis",2,"Female",27,"Age-standardized",1990,"Rate",0.00116549911563428,0.000256762861293594,0.003513172833084
1,"Deaths",1789,"Essex County",25009,513,"Coal workers pneumoconiosis",2,"Female",27,"Age-standardized",1991,"Rate",0.000823902820298908,0.000188304073024337,0.00240014510817788
1,"Deaths",1789,"Essex County",25009,513,"Coal workers pneumoconiosis",2,"Female",27,"Age-standardized",1992,"Rate",0.000617162576232944,0.000140147224974684,0.00187489637606801
1,"Deaths",1789,"Essex County",25009,513,"Coal workers pneumoconiosis",2,"Female",27,"Age-standardized",1993,"Rate",0.000878571742554468,0.000194789676874126,0.00281087815514985
1,"Deaths",1789,"Essex County",25009,513,"Coal workers pneumoconiosis",2,"Female",27,"Age-standardized",1994,"Rate",0.00075706790751322,0.000166212654854196,0.0023026899758577
1,"Deaths",1789,"Essex County",25009,513,"Coal workers pneumoconiosis",2,"Female",27,"Age-standardized",1995,"Rate",0.000860955199851477,0.0001842541250407,0.00264177503536593
1,"Deaths",1789,"Essex County",25009,513,"Coal workers pneumoconiosis",2,"Female",27,"Age-standardized",1996,"Rate",0.000952223322393115,0.000206615659331481,0.00297698653231269
1,"Deaths",1789,"Essex County",25009,513,"Coal workers pneumoconiosis",2,"Female",27,"Age-standardized",1997,"Rate",0.00100306346918003,0.000220299407238024,0.00327271205492523
1,"Deaths",1789,"Essex County",25009,513,"Coal workers pneumoconiosis",2,"Female",27,"Age-standardized",1998,"Rate",0.00115651741812945,0.000250197675498044,0.00376734853315339
1,"Deaths",1789,"Essex County",25009,513,"Coal workers pneumoconiosis",2,"Female",27,"Age-standardized",1999,"Rate",0.00108358857617639,0.000228475139057251,0.00367738370995163
1,"Deaths",1789,"Essex County",25009,513,"Coal workers pneumoconiosis",2,"Female",27,"Age-standardized",2000,"Rate",0.00120631899408967,0.00025227056453435,0.00377029848467282
1,"Deaths",1789,"Essex County",25009,513,"Coal workers pneumoconiosis",2,"Female",27,"Age-standardized",2001,"Rate",0.00110918717642894,0.000227923489644887,0.0034031397683487
1,"Deaths",1789,"Essex County",25009,513,"Coal workers pneumoconiosis",2,"Female",27,"Age-standardized",2002,"Rate",0.00102880197476386,0.000213558348356871,0.00328492280563441
1,"Deaths",1789,"Essex County",25009,513,"Coal workers pneumoconiosis",2,"Female",27,"Age-standardized",2003,"Rate",0.00102363739254181,0.000218416373026442,0.00325448641656313
1,"Deaths",1789,"Essex County",25009,513,"Coal workers pneumoconiosis",2,"Female",27,"Age-standardized",2004,"Rate",0.00101749269816811,0.000217709226587834,0.00317790022192709
1,"Deaths",1789,"Essex County",25009,513,"Coal workers pneumoconiosis",2,"Female",27,"Age-standardized",2005,"Rate",0.000877890316634456,0.000179535330071067,0.00285547089513077
1,"Deaths",1789,"Essex County",25009,513,"Coal workers pneumoconiosis",2,"Female",27,"Age-standardized",2006,"Rate",0.000915550343421938,0.000189155366049164,0.00315651185883667
1,"Deaths",1789,"Essex County",25009,513,"Coal workers pneumoconiosis",2,"Female",27,"Age-standardized",2007,"Rate",0.000723964656951954,0.0001408115040878,0.00233705439948921
1,"Deaths",1789,"Essex County",25009,513,"Coal workers pneumoconiosis",2,"Female",27,"Age-standardized",2008,"Rate",0.000861286221857549,0.000163007285733744,0.00270981646381476
1,"Deaths",1789,"Essex County",25009,513,"Coal workers pneumoconiosis",2,"Female",27,"Age-standardized",2009,"Rate",0.000852624275618168,0.000160485415815384,0.00286523327444447
1,"Deaths",1789,"Essex County",25009,513,"Coal workers pneumoconiosis",2,"Female",27,"Age-standardized",2010,"Rate",0.000784101862870238,0.000151029749945519,0.00243198628689107
1,"Deaths",1789,"Essex County",25009,513,"Coal workers pneumoconiosis",2,"Female",27,"Age-standardized",2011,"Rate",0.000782058576699,0.000135341230555405,0.00260820682757359
1,"Deaths",1789,"Essex County",25009,513,"Coal workers pneumoconiosis",2,"Female",27,"Age-standardized",2012,"Rate",0.000724167177142933,0.000128141625066195,0.00245954725700944
1,"Deaths",1789,"Essex County",25009,513,"Coal workers pneumoconiosis",2,"Female",27,"Age-standardized",2013,"Rate",0.000778650015114123,0.000130774777406283,0.00257418669682877
1,"Deaths",1789,"Essex County",25009,513,"Coal workers pneumoconiosis",2,"Female",27,"Age-standardized",2014,"Rate",0.000762271447096141,0.000121847003596085,0.00263748743229788
1,"Deaths",1789,"Essex County",25009,513,"Coal workers pneumoconiosis",3,"Both",27,"Age-standardized",1980,"Rate",0.00509124603563836,0.00119970569566322,0.014594404899101
1,"Deaths",1789,"Essex County",25009,513,"Coal workers pneumoconiosis",3,"Both",27,"Age-standardized",1981,"Rate",0.00491056011567976,0.00110337628408394,0.0151775794868733
1,"Deaths",1789,"Essex County",25009,513,"Coal workers pneumoconiosis",3,"Both",27,"Age-standardized",1982,"Rate",0.00488344997750938,0.00105917938243755,0.0155102085885
1,"Deaths",1789,"Essex County",25009,513,"Coal workers pneumoconiosis",3,"Both",27,"Age-standardized",1983,"Rate",0.00532919389626716,0.0012421131915138,0.0151123933681623
1,"Deaths",1789,"Essex County",25009,513,"Coal workers pneumoconiosis",3,"Both",27,"Age-standardized",1984,"Rate",0.00474111584143383,0.00118713456189948,0.0130759641337258
1,"Deaths",1789,"Essex County",25009,513,"Coal workers pneumoconiosis",3,"Both",27,"Age-standardized",1985,"Rate",0.00484312863523908,0.00115900921551586,0.0142037403710487
1,"Deaths",1789,"Essex County",25009,513,"Coal workers pneumoconiosis",3,"Both",27,"Age-standardized",1986,"Rate",0.00488491859834611,0.00120194509840945,0.0142819413694283
1,"Deaths",1789,"Essex County",25009,513,"Coal workers pneumoconiosis",3,"Both",27,"Age-standardized",1987,"Rate",0.0042851934835316,0.00108124291608775,0.0122808324555025
1,"Deaths",1789,"Essex County",25009,513,"Coal workers pneumoconiosis",3,"Both",27,"Age-standardized",1988,"Rate",0.00390905249563661,0.000958352912306797,0.0118741642476766
1,"Deaths",1789,"Essex County",25009,513,"Coal workers pneumoconiosis",3,"Both",27,"Age-standardized",1989,"Rate",0.00360485948126826,0.000812747294197591,0.0108465810028625
1,"Deaths",1789,"Essex County",25009,513,"Coal workers pneumoconiosis",3,"Both",27,"Age-standardized",1990,"Rate",0.00307911423963286,0.000641991834881418,0.00955373615537004
1,"Deaths",1789,"Essex County",25009,513,"Coal workers pneumoconiosis",3,"Both",27,"Age-standardized",1991,"Rate",0.00294398185507885,0.000550154470057241,0.00988170143400336
1,"Deaths",1789,"Essex County",25009,513,"Coal workers pneumoconiosis",3,"Both",27,"Age-standardized",1992,"Rate",0.0029968225010725,0.000521172633891089,0.010630911491459
1,"Deaths",1789,"Essex County",25009,513,"Coal workers pneumoconiosis",3,"Both",27,"Age-standardized",1993,"Rate",0.00301630066900364,0.000589987426149117,0.00983428748220403
1,"Deaths",1789,"Essex County",25009,513,"Coal workers pneumoconiosis",3,"Both",27,"Age-standardized",1994,"Rate",0.00282467077628531,0.000521534818061128,0.0102282713603465
1,"Deaths",1789,"Essex County",25009,513,"Coal workers pneumoconiosis",3,"Both",27,"Age-standardized",1995,"Rate",0.00291561789250657,0.000555321672531224,0.00957258496399988
1,"Deaths",1789,"Essex County",25009,513,"Coal workers pneumoconiosis",3,"Both",27,"Age-standardized",1996,"Rate",0.00276666545069837,0.000536733106939855,0.00850286735291448
1,"Deaths",1789,"Essex County",25009,513,"Coal workers pneumoconiosis",3,"Both",27,"Age-standardized",1997,"Rate",0.00273320173598235,0.000549922141103923,0.00835714371045384
1,"Deaths",1789,"Essex County",25009,513,"Coal workers pneumoconiosis",3,"Both",27,"Age-standardized",1998,"Rate",0.00283481275564705,0.000586357147208384,0.00873311844314446
1,"Deaths",1789,"Essex County",25009,513,"Coal workers pneumoconiosis",3,"Both",27,"Age-standardized",1999,"Rate",0.00265373358528135,0.000535837333294212,0.00926549787931589
1,"Deaths",1789,"Essex County",25009,513,"Coal workers pneumoconiosis",3,"Both",27,"Age-standardized",2000,"Rate",0.00251975173073873,0.000538934177915146,0.00845778748105034
1,"Deaths",1789,"Essex County",25009,513,"Coal workers pneumoconiosis",3,"Both",27,"Age-standardized",2001,"Rate",0.00219553164944358,0.000474113623366748,0.00696683126326714
1,"Deaths",1789,"Essex County",25009,513,"Coal workers pneumoconiosis",3,"Both",27,"Age-standardized",2002,"Rate",0.00221563123373674,0.000447357349302567,0.00764016673371612
1,"Deaths",1789,"Essex County",25009,513,"Coal workers pneumoconiosis",3,"Both",27,"Age-standardized",2003,"Rate",0.00213171229759448,0.000446317447191744,0.00769112865697245
1,"Deaths",1789,"Essex County",25009,513,"Coal workers pneumoconiosis",3,"Both",27,"Age-standardized",2004,"Rate",0.00204005674442673,0.00039650674002414,0.00715976866294757
1,"Deaths",1789,"Essex County",25009,513,"Coal workers pneumoconiosis",3,"Both",27,"Age-standardized",2005,"Rate",0.00181020343130187,0.000360536694478464,0.00670556961652287
1,"Deaths",1789,"Essex County",25009,513,"Coal workers pneumoconiosis",3,"Both",27,"Age-standardized",2006,"Rate",0.00168549139489051,0.000338458552491912,0.00574115969558085
1,"Deaths",1789,"Essex County",25009,513,"Coal workers pneumoconiosis",3,"Both",27,"Age-standardized",2007,"Rate",0.00158268001247579,0.000293796816913031,0.00599241342195421
1,"Deaths",1789,"Essex County",25009,513,"Coal workers pneumoconiosis",3,"Both",27,"Age-standardized",2008,"Rate",0.00158405494966649,0.000303708868641917,0.00565858211731541
1,"Deaths",1789,"Essex County",25009,513,"Coal workers pneumoconiosis",3,"Both",27,"Age-standardized",2009,"Rate",0.00158354707797835,0.000284809790687725,0.00630904083610487
1,"Deaths",1789,"Essex County",25009,513,"Coal workers pneumoconiosis",3,"Both",27,"Age-standardized",2010,"Rate",0.0014997644664261,0.000263774948871789,0.00589786334333315
1,"Deaths",1789,"Essex County",25009,513,"Coal workers pneumoconiosis",3,"Both",27,"Age-standardized",2011,"Rate",0.00148312057259149,0.000273619332805548,0.00546749377672065
1,"Deaths",1789,"Essex County",25009,513,"Coal workers pneumoconiosis",3,"Both",27,"Age-standardized",2012,"Rate",0.00143564453315359,0.000237647947831682,0.00557248918730647
1,"Deaths",1789,"Essex County",25009,513,"Coal workers pneumoconiosis",3,"Both",27,"Age-standardized",2013,"Rate",0.00151493676643018,0.000244821947878925,0.00644944042479703
1,"Deaths",1789,"Essex County",25009,513,"Coal workers pneumoconiosis",3,"Both",27,"Age-standardized",2014,"Rate",0.00157378706483264,0.000226064512154403,0.00637604993466552
1,"Deaths",1791,"Franklin County",25011,513,"Coal workers pneumoconiosis",1,"Male",27,"Age-standardized",1980,"Rate",0.0238981236110932,0.00251442415925524,0.0840966157190246
1,"Deaths",1791,"Franklin County",25011,513,"Coal workers pneumoconiosis",1,"Male",27,"Age-standardized",1981,"Rate",0.0237540747341962,0.00261645301780707,0.0827844359207589
1,"Deaths",1791,"Franklin County",25011,513,"Coal workers pneumoconiosis",1,"Male",27,"Age-standardized",1982,"Rate",0.025419912789651,0.00287592057529517,0.0873655359465853
1,"Deaths",1791,"Franklin County",25011,513,"Coal workers pneumoconiosis",1,"Male",27,"Age-standardized",1983,"Rate",0.027419201961774,0.00296230331118792,0.0949669986290545
1,"Deaths",1791,"Franklin County",25011,513,"Coal workers pneumoconiosis",1,"Male",27,"Age-standardized",1984,"Rate",0.0235285759639982,0.00278198902926519,0.0825522548856106
1,"Deaths",1791,"Franklin County",25011,513,"Coal workers pneumoconiosis",1,"Male",27,"Age-standardized",1985,"Rate",0.0257647441700539,0.00316551452150983,0.0918643199850385
1,"Deaths",1791,"Franklin County",25011,513,"Coal workers pneumoconiosis",1,"Male",27,"Age-standardized",1986,"Rate",0.026024440560787,0.00286725808942017,0.0832029402139634
1,"Deaths",1791,"Franklin County",25011,513,"Coal workers pneumoconiosis",1,"Male",27,"Age-standardized",1987,"Rate",0.024883085917366,0.00331332746729801,0.0865641260694809
1,"Deaths",1791,"Franklin County",25011,513,"Coal workers pneumoconiosis",1,"Male",27,"Age-standardized",1988,"Rate",0.0234559905686787,0.00286529312037752,0.0786307218005951
1,"Deaths",1791,"Franklin County",25011,513,"Coal workers pneumoconiosis",1,"Male",27,"Age-standardized",1989,"Rate",0.0240181308501424,0.0028166977734574,0.0835105491204968
1,"Deaths",1791,"Franklin County",25011,513,"Coal workers pneumoconiosis",1,"Male",27,"Age-standardized",1990,"Rate",0.0204466639157823,0.00235520596540154,0.076104404915938
1,"Deaths",1791,"Franklin County",25011,513,"Coal workers pneumoconiosis",1,"Male",27,"Age-standardized",1991,"Rate",0.0213033351336999,0.00246934107545259,0.0777460677177155
1,"Deaths",1791,"Franklin County",25011,513,"Coal workers pneumoconiosis",1,"Male",27,"Age-standardized",1992,"Rate",0.0226973121304044,0.00268968917742397,0.0846935551832445
1,"Deaths",1791,"Franklin County",25011,513,"Coal workers pneumoconiosis",1,"Male",27,"Age-standardized",1993,"Rate",0.0206579814063017,0.00240261722902014,0.0858304140229371
1,"Deaths",1791,"Franklin County",25011,513,"Coal workers pneumoconiosis",1,"Male",27,"Age-standardized",1994,"Rate",0.0196137801072097,0.00212506795468987,0.0768616638173929
1,"Deaths",1791,"Franklin County",25011,513,"Coal workers pneumoconiosis",1,"Male",27,"Age-standardized",1995,"Rate",0.0202679346205502,0.00214358123046544,0.0782292295749025
1,"Deaths",1791,"Franklin County",25011,513,"Coal workers pneumoconiosis",1,"Male",27,"Age-standardized",1996,"Rate",0.0187213926836033,0.00178957707127116,0.0714040484272175
1,"Deaths",1791,"Franklin County",25011,513,"Coal workers pneumoconiosis",1,"Male",27,"Age-standardized",1997,"Rate",0.0185762696282334,0.00182145620348852,0.0762880733826267
1,"Deaths",1791,"Franklin County",25011,513,"Coal workers pneumoconiosis",1,"Male",27,"Age-standardized",1998,"Rate",0.0178801921048939,0.00174599132379904,0.0797115291131447
1,"Deaths",1791,"Franklin County",25011,513,"Coal workers pneumoconiosis",1,"Male",27,"Age-standardized",1999,"Rate",0.01716476330374,0.00139052337935018,0.0743504194142254
1,"Deaths",1791,"Franklin County",25011,513,"Coal workers pneumoconiosis",1,"Male",27,"Age-standardized",2000,"Rate",0.0150877487450968,0.00124116730423608,0.0627441246237349
1,"Deaths",1791,"Franklin County",25011,513,"Coal workers pneumoconiosis",1,"Male",27,"Age-standardized",2001,"Rate",0.0139632153429218,0.00118190351412983,0.0575685215124998
1,"Deaths",1791,"Franklin County",25011,513,"Coal workers pneumoconiosis",1,"Male",27,"Age-standardized",2002,"Rate",0.0136947912399983,0.000981496496864183,0.063055064913644
1,"Deaths",1791,"Franklin County",25011,513,"Coal workers pneumoconiosis",1,"Male",27,"Age-standardized",2003,"Rate",0.0126839272609319,0.000941675798217085,0.0538572845412143
1,"Deaths",1791,"Franklin County",25011,513,"Coal workers pneumoconiosis",1,"Male",27,"Age-standardized",2004,"Rate",0.0114548522643723,0.000774192675281362,0.0482956139890166
1,"Deaths",1791,"Franklin County",25011,513,"Coal workers pneumoconiosis",1,"Male",27,"Age-standardized",2005,"Rate",0.0109683832066439,0.000733342855239779,0.0450337451820417
1,"Deaths",1791,"Franklin County",25011,513,"Coal workers pneumoconiosis",1,"Male",27,"Age-standardized",2006,"Rate",0.00973069475717227,0.000625926385110169,0.0429460876671698
1,"Deaths",1791,"Franklin County",25011,513,"Coal workers pneumoconiosis",1,"Male",27,"Age-standardized",2007,"Rate",0.00947632816757327,0.000638419121790705,0.0415575355517077
1,"Deaths",1791,"Franklin County",25011,513,"Coal workers pneumoconiosis",1,"Male",27,"Age-standardized",2008,"Rate",0.00881012719795876,0.000507562426839475,0.0386238515106687
1,"Deaths",1791,"Franklin County",25011,513,"Coal workers pneumoconiosis",1,"Male",27,"Age-standardized",2009,"Rate",0.00924283592331016,0.000607246739042946,0.0404175425946361
1,"Deaths",1791,"Franklin County",25011,513,"Coal workers pneumoconiosis",1,"Male",27,"Age-standardized",2010,"Rate",0.00856044967034598,0.000490200275863562,0.0396847534071706
1,"Deaths",1791,"Franklin County",25011,513,"Coal workers pneumoconiosis",1,"Male",27,"Age-standardized",2011,"Rate",0.00858775026612921,0.000437813365533109,0.0399285072785084
1,"Deaths",1791,"Franklin County",25011,513,"Coal workers pneumoconiosis",1,"Male",27,"Age-standardized",2012,"Rate",0.00788802625296639,0.000446087484378675,0.0381069406018908
1,"Deaths",1791,"Franklin County",25011,513,"Coal workers pneumoconiosis",1,"Male",27,"Age-standardized",2013,"Rate",0.00865461883773247,0.000455156732682902,0.0423669308008458
1,"Deaths",1791,"Franklin County",25011,513,"Coal workers pneumoconiosis",1,"Male",27,"Age-standardized",2014,"Rate",0.00897050276490549,0.000447711623063301,0.0435233933243903
1,"Deaths",1791,"Franklin County",25011,513,"Coal workers pneumoconiosis",2,"Female",27,"Age-standardized",1980,"Rate",0.0027743642372912,0.000732999188887994,0.00751876850562812
1,"Deaths",1791,"Franklin County",25011,513,"Coal workers pneumoconiosis",2,"Female",27,"Age-standardized",1981,"Rate",0.00263614360786952,0.000707693350793876,0.00711190565982217
1,"Deaths",1791,"Franklin County",25011,513,"Coal workers pneumoconiosis",2,"Female",27,"Age-standardized",1982,"Rate",0.00264383391203115,0.000730672866119109,0.00699673138159518
1,"Deaths",1791,"Franklin County",25011,513,"Coal workers pneumoconiosis",2,"Female",27,"Age-standardized",1983,"Rate",0.0028814759183038,0.000765410634667322,0.0078486508862871
1,"Deaths",1791,"Franklin County",25011,513,"Coal workers pneumoconiosis",2,"Female",27,"Age-standardized",1984,"Rate",0.00308786062473982,0.000844223084999632,0.00845001680378262
1,"Deaths",1791,"Franklin County",25011,513,"Coal workers pneumoconiosis",2,"Female",27,"Age-standardized",1985,"Rate",0.00321255669555106,0.000875630968699677,0.00904833005717442
1,"Deaths",1791,"Franklin County",25011,513,"Coal workers pneumoconiosis",2,"Female",27,"Age-standardized",1986,"Rate",0.0032004395865649,0.00088442328155809,0.00872558045595825
1,"Deaths",1791,"Franklin County",25011,513,"Coal workers pneumoconiosis",2,"Female",27,"Age-standardized",1987,"Rate",0.00275295165693578,0.000758266907120075,0.00794293510735958
1,"Deaths",1791,"Franklin County",25011,513,"Coal workers pneumoconiosis",2,"Female",27,"Age-standardized",1988,"Rate",0.00235255760209382,0.000636703084276595,0.0065650020555361
1,"Deaths",1791,"Franklin County",25011,513,"Coal workers pneumoconiosis",2,"Female",27,"Age-standardized",1989,"Rate",0.00188074189526995,0.000500158730508862,0.00524355214066788
1,"Deaths",1791,"Franklin County",25011,513,"Coal workers pneumoconiosis",2,"Female",27,"Age-standardized",1990,"Rate",0.00155373106270952,0.000426638784281692,0.00439096757079208
1,"Deaths",1791,"Franklin County",25011,513,"Coal workers pneumoconiosis",2,"Female",27,"Age-standardized",1991,"Rate",0.00110171406211208,0.000314763736716974,0.00304840781514411
1,"Deaths",1791,"Franklin County",25011,513,"Coal workers pneumoconiosis",2,"Female",27,"Age-standardized",1992,"Rate",0.000792612002418111,0.000219810044665163,0.00218917267455523
1,"Deaths",1791,"Franklin County",25011,513,"Coal workers pneumoconiosis",2,"Female",27,"Age-standardized",1993,"Rate",0.00114310198814434,0.000312858894335003,0.00321801718556031
1,"Deaths",1791,"Franklin County",25011,513,"Coal workers pneumoconiosis",2,"Female",27,"Age-standardized",1994,"Rate",0.000981183062652661,0.00026189214129978,0.00271127213451468
1,"Deaths",1791,"Franklin County",25011,513,"Coal workers pneumoconiosis",2,"Female",27,"Age-standardized",1995,"Rate",0.00112266671996022,0.000290242155850729,0.00317406853676052
1,"Deaths",1791,"Franklin County",25011,513,"Coal workers pneumoconiosis",2,"Female",27,"Age-standardized",1996,"Rate",0.00121434838615811,0.000313473288167406,0.00345199048335209
1,"Deaths",1791,"Franklin County",25011,513,"Coal workers pneumoconiosis",2,"Female",27,"Age-standardized",1997,"Rate",0.00127035242256291,0.000315163864028965,0.00372737013608271
1,"Deaths",1791,"Franklin County",25011,513,"Coal workers pneumoconiosis",2,"Female",27,"Age-standardized",1998,"Rate",0.00146543423445113,0.000376568290893194,0.0041810347594506
1,"Deaths",1791,"Franklin County",25011,513,"Coal workers pneumoconiosis",2,"Female",27,"Age-standardized",1999,"Rate",0.00146293343704859,0.000370223218239226,0.00435057471289014
1,"Deaths",1791,"Franklin County",25011,513,"Coal workers pneumoconiosis",2,"Female",27,"Age-standardized",2000,"Rate",0.00159750497591813,0.000391741540924923,0.0048100757209877
1,"Deaths",1791,"Franklin County",25011,513,"Coal workers pneumoconiosis",2,"Female",27,"Age-standardized",2001,"Rate",0.00151802754294207,0.000390925703996181,0.00452854955954271
1,"Deaths",1791,"Franklin County",25011,513,"Coal workers pneumoconiosis",2,"Female",27,"Age-standardized",2002,"Rate",0.0014226745228495,0.000360984607404528,0.00415862902445757
1,"Deaths",1791,"Franklin County",25011,513,"Coal workers pneumoconiosis",2,"Female",27,"Age-standardized",2003,"Rate",0.0014023848019912,0.000348896190645535,0.00406601156619648
1,"Deaths",1791,"Franklin County",25011,513,"Coal workers pneumoconiosis",2,"Female",27,"Age-standardized",2004,"Rate",0.00138978981792108,0.000334630158800378,0.00417061331062327
1,"Deaths",1791,"Franklin County",25011,513,"Coal workers pneumoconiosis",2,"Female",27,"Age-standardized",2005,"Rate",0.00127587272845933,0.000319839688089064,0.00387724512392199
1,"Deaths",1791,"Franklin County",25011,513,"Coal workers pneumoconiosis",2,"Female",27,"Age-standardized",2006,"Rate",0.00127607106432881,0.000303683950708282,0.00386377125385811
1,"Deaths",1791,"Franklin County",25011,513,"Coal workers pneumoconiosis",2,"Female",27,"Age-standardized",2007,"Rate",0.00107278797412385,0.000247313870597624,0.00321120455890442
1,"Deaths",1791,"Franklin County",25011,513,"Coal workers pneumoconiosis",2,"Female",27,"Age-standardized",2008,"Rate",0.00129529360269326,0.000294222518143397,0.00391014318484779
1,"Deaths",1791,"Franklin County",25011,513,"Coal workers pneumoconiosis",2,"Female",27,"Age-standardized",2009,"Rate",0.00129771802688643,0.000285261876273711,0.00403388885882876
1,"Deaths",1791,"Franklin County",25011,513,"Coal workers pneumoconiosis",2,"Female",27,"Age-standardized",2010,"Rate",0.00118958410780275,0.000259957260320447,0.00357341322526684
1,"Deaths",1791,"Franklin County",25011,513,"Coal workers pneumoconiosis",2,"Female",27,"Age-standardized",2011,"Rate",0.00119338845221679,0.000247933913747506,0.00364283692360763
1,"Deaths",1791,"Franklin County",25011,513,"Coal workers pneumoconiosis",2,"Female",27,"Age-standardized",2012,"Rate",0.00113560754994949,0.00023321056277086,0.00363723532443889
1,"Deaths",1791,"Franklin County",25011,513,"Coal workers pneumoconiosis",2,"Female",27,"Age-standardized",2013,"Rate",0.00129165732452212,0.000254181890807225,0.00406691032680422
1,"Deaths",1791,"Franklin County",25011,513,"Coal workers pneumoconiosis",2,"Female",27,"Age-standardized",2014,"Rate",0.0012823836457919,0.000251281216050114,0.00409555770988481
1,"Deaths",1791,"Franklin County",25011,513,"Coal workers pneumoconiosis",3,"Both",27,"Age-standardized",1980,"Rate",0.0108359864758025,0.00213790075658335,0.0342505464661623
1,"Deaths",1791,"Franklin County",25011,513,"Coal workers pneumoconiosis",3,"Both",27,"Age-standardized",1981,"Rate",0.0106589922439775,0.00212595192721454,0.0333996029801546
1,"Deaths",1791,"Franklin County",25011,513,"Coal workers pneumoconiosis",3,"Both",27,"Age-standardized",1982,"Rate",0.0112577942824492,0.00217939929651252,0.0350329348374231
1,"Deaths",1791,"Franklin County",25011,513,"Coal workers pneumoconiosis",3,"Both",27,"Age-standardized",1983,"Rate",0.0121000212060027,0.00232481405174675,0.0374253625043352
1,"Deaths",1791,"Franklin County",25011,513,"Coal workers pneumoconiosis",3,"Both",27,"Age-standardized",1984,"Rate",0.0107376447132359,0.00223857161840551,0.0324168168471254
1,"Deaths",1791,"Franklin County",25011,513,"Coal workers pneumoconiosis",3,"Both",27,"Age-standardized",1985,"Rate",0.0115662594277058,0.00227928638853541,0.0366375957902875
1,"Deaths",1791,"Franklin County",25011,513,"Coal workers pneumoconiosis",3,"Both",27,"Age-standardized",1986,"Rate",0.0115603289842008,0.00248178305795498,0.0314726635821196
1,"Deaths",1791,"Franklin County",25011,513,"Coal workers pneumoconiosis",3,"Both",27,"Age-standardized",1987,"Rate",0.010791022137626,0.00223911550944515,0.03320380834152
1,"Deaths",1791,"Franklin County",25011,513,"Coal workers pneumoconiosis",3,"Both",27,"Age-standardized",1988,"Rate",0.00994323626045341,0.00211923669525636,0.0299418488674283
1,"Deaths",1791,"Franklin County",25011,513,"Coal workers pneumoconiosis",3,"Both",27,"Age-standardized",1989,"Rate",0.00976766746860657,0.00184382406137245,0.0300125613582338
1,"Deaths",1791,"Franklin County",25011,513,"Coal workers pneumoconiosis",3,"Both",27,"Age-standardized",1990,"Rate",0.00821153154394042,0.00158663559688375,0.0277169907820405
1,"Deaths",1791,"Franklin County",25011,513,"Coal workers pneumoconiosis",3,"Both",27,"Age-standardized",1991,"Rate",0.00818263931798492,0.0013976130783388,0.0286830143381296
1,"Deaths",1791,"Franklin County",25011,513,"Coal workers pneumoconiosis",3,"Both",27,"Age-standardized",1992,"Rate",0.00836884211350708,0.00140536056212013,0.0299870031839501
1,"Deaths",1791,"Franklin County",25011,513,"Coal workers pneumoconiosis",3,"Both",27,"Age-standardized",1993,"Rate",0.00785737609807062,0.00137477829371394,0.0299189734054908
1,"Deaths",1791,"Franklin County",25011,513,"Coal workers pneumoconiosis",3,"Both",27,"Age-standardized",1994,"Rate",0.00735542128818674,0.00120060797925645,0.0264993080839418
1,"Deaths",1791,"Franklin County",25011,513,"Coal workers pneumoconiosis",3,"Both",27,"Age-standardized",1995,"Rate",0.00766585024225051,0.0012694445395997,0.0275681306894269
1,"Deaths",1791,"Franklin County",25011,513,"Coal workers pneumoconiosis",3,"Both",27,"Age-standardized",1996,"Rate",0.00713919638656259,0.00118233163061898,0.0247083047968208
1,"Deaths",1791,"Franklin County",25011,513,"Coal workers pneumoconiosis",3,"Both",27,"Age-standardized",1997,"Rate",0.00713261635314862,0.00115085057487921,0.0260215437356337
1,"Deaths",1791,"Franklin County",25011,513,"Coal workers pneumoconiosis",3,"Both",27,"Age-standardized",1998,"Rate",0.00702128779967525,0.0012166955198376,0.0273486946929061
1,"Deaths",1791,"Franklin County",25011,513,"Coal workers pneumoconiosis",3,"Both",27,"Age-standardized",1999,"Rate",0.00680104233214917,0.00113869461682704,0.0255703590701789
1,"Deaths",1791,"Franklin County",25011,513,"Coal workers pneumoconiosis",3,"Both",27,"Age-standardized",2000,"Rate",0.00619817070833779,0.00106945652266268,0.0221654092424009
1,"Deaths",1791,"Franklin County",25011,513,"Coal workers pneumoconiosis",3,"Both",27,"Age-standardized",2001,"Rate",0.00580231784234205,0.00102400082179687,0.021273347295942
1,"Deaths",1791,"Franklin County",25011,513,"Coal workers pneumoconiosis",3,"Both",27,"Age-standardized",2002,"Rate",0.0057397684447791,0.000917031283195638,0.0230187171196405
1,"Deaths",1791,"Franklin County",25011,513,"Coal workers pneumoconiosis",3,"Both",27,"Age-standardized",2003,"Rate",0.00545724308944042,0.000884677596322614,0.0204579792136333
1,"Deaths",1791,"Franklin County",25011,513,"Coal workers pneumoconiosis",3,"Both",27,"Age-standardized",2004,"Rate",0.00504981087772081,0.000791048310124982,0.0185613766708908
1,"Deaths",1791,"Franklin County",25011,513,"Coal workers pneumoconiosis",3,"Both",27,"Age-standardized",2005,"Rate",0.00487015516443223,0.000781873613675224,0.0178041189206189
1,"Deaths",1791,"Franklin County",25011,513,"Coal workers pneumoconiosis",3,"Both",27,"Age-standardized",2006,"Rate",0.00442744887342683,0.000701367868225289,0.0163427947814322
1,"Deaths",1791,"Franklin County",25011,513,"Coal workers pneumoconiosis",3,"Both",27,"Age-standardized",2007,"Rate",0.00424993982393942,0.000604524419163348,0.0166348091502484
1,"Deaths",1791,"Franklin County",25011,513,"Coal workers pneumoconiosis",3,"Both",27,"Age-standardized",2008,"Rate",0.00418889609789096,0.000653669320362976,0.0161481796297336
1,"Deaths",1791,"Franklin County",25011,513,"Coal workers pneumoconiosis",3,"Both",27,"Age-standardized",2009,"Rate",0.004392459615427,0.000646296194450498,0.0168036470196978
1,"Deaths",1791,"Franklin County",25011,513,"Coal workers pneumoconiosis",3,"Both",27,"Age-standardized",2010,"Rate",0.00407983070228038,0.000629351019255162,0.0171911961294124
1,"Deaths",1791,"Franklin County",25011,513,"Coal workers pneumoconiosis",3,"Both",27,"Age-standardized",2011,"Rate",0.00409716675533246,0.000576508705031431,0.016744645900532
1,"Deaths",1791,"Franklin County",25011,513,"Coal workers pneumoconiosis",3,"Both",27,"Age-standardized",2012,"Rate",0.00380991874860764,0.00055680615615889,0.0156488191873121
1,"Deaths",1791,"Franklin County",25011,513,"Coal workers pneumoconiosis",3,"Both",27,"Age-standardized",2013,"Rate",0.00423277393068687,0.000624058644208665,0.0175914107944954
1,"Deaths",1791,"Franklin County",25011,513,"Coal workers pneumoconiosis",3,"Both",27,"Age-standardized",2014,"Rate",0.00430380410550094,0.000563144456686676,0.0185740558279024
1,"Deaths",1796,"Hampden County",25013,513,"Coal workers pneumoconiosis",1,"Male",27,"Age-standardized",1980,"Rate",0.0549029500492671,0.0134716267347284,0.13533946746028
1,"Deaths",1796,"Hampden County",25013,513,"Coal workers pneumoconiosis",1,"Male",27,"Age-standardized",1981,"Rate",0.0541269207570309,0.0136865462136737,0.133891880412811
1,"Deaths",1796,"Hampden County",25013,513,"Coal workers pneumoconiosis",1,"Male",27,"Age-standardized",1982,"Rate",0.0584905816589887,0.0156742175323265,0.144706017370427
1,"Deaths",1796,"Hampden County",25013,513,"Coal workers pneumoconiosis",1,"Male",27,"Age-standardized",1983,"Rate",0.0603372886182333,0.0164481707582936,0.14151245655875
1,"Deaths",1796,"Hampden County",25013,513,"Coal workers pneumoconiosis",1,"Male",27,"Age-standardized",1984,"Rate",0.0500929798352984,0.0139029602283075,0.116191757879511
1,"Deaths",1796,"Hampden County",25013,513,"Coal workers pneumoconiosis",1,"Male",27,"Age-standardized",1985,"Rate",0.0552634636514036,0.0161612755038069,0.132071786123373
1,"Deaths",1796,"Hampden County",25013,513,"Coal workers pneumoconiosis",1,"Male",27,"Age-standardized",1986,"Rate",0.0538515129639159,0.0155758214079922,0.131201966006206
1,"Deaths",1796,"Hampden County",25013,513,"Coal workers pneumoconiosis",1,"Male",27,"Age-standardized",1987,"Rate",0.0502808333259746,0.0143413448757537,0.120535491308075
1,"Deaths",1796,"Hampden County",25013,513,"Coal workers pneumoconiosis",1,"Male",27,"Age-standardized",1988,"Rate",0.0467217785151183,0.013292583034119,0.110172640344164
1,"Deaths",1796,"Hampden County",25013,513,"Coal workers pneumoconiosis",1,"Male",27,"Age-standardized",1989,"Rate",0.0458017155619443,0.0130015399915312,0.104984270881188
1,"Deaths",1796,"Hampden County",25013,513,"Coal workers pneumoconiosis",1,"Male",27,"Age-standardized",1990,"Rate",0.0375126672329137,0.010540208572652,0.0910459312991641
1,"Deaths",1796,"Hampden County",25013,513,"Coal workers pneumoconiosis",1,"Male",27,"Age-standardized",1991,"Rate",0.0401808830704849,0.0109328870938207,0.10057863142642
1,"Deaths",1796,"Hampden County",25013,513,"Coal workers pneumoconiosis",1,"Male",27,"Age-standardized",1992,"Rate",0.0392420943137808,0.0112289735705638,0.0944640699710047
1,"Deaths",1796,"Hampden County",25013,513,"Coal workers pneumoconiosis",1,"Male",27,"Age-standardized",1993,"Rate",0.0373769831138587,0.0106611116185521,0.0922547815358216
1,"Deaths",1796,"Hampden County",25013,513,"Coal workers pneumoconiosis",1,"Male",27,"Age-standardized",1994,"Rate",0.0361405846071935,0.00954575100131884,0.0914862359514936
1,"Deaths",1796,"Hampden County",25013,513,"Coal workers pneumoconiosis",1,"Male",27,"Age-standardized",1995,"Rate",0.0349630136700753,0.00974343460501282,0.0897844437576656
1,"Deaths",1796,"Hampden County",25013,513,"Coal workers pneumoconiosis",1,"Male",27,"Age-standardized",1996,"Rate",0.0315981495235085,0.00820189301199788,0.0819702246418226
1,"Deaths",1796,"Hampden County",25013,513,"Coal workers pneumoconiosis",1,"Male",27,"Age-standardized",1997,"Rate",0.0310600740364929,0.00744801080436632,0.0796573256430369
1,"Deaths",1796,"Hampden County",25013,513,"Coal workers pneumoconiosis",1,"Male",27,"Age-standardized",1998,"Rate",0.0293438464428137,0.00769436878773131,0.0721606563648255
1,"Deaths",1796,"Hampden County",25013,513,"Coal workers pneumoconiosis",1,"Male",27,"Age-standardized",1999,"Rate",0.0266623076305358,0.00643216021893017,0.0703782453882353
1,"Deaths",1796,"Hampden County",25013,513,"Coal workers pneumoconiosis",1,"Male",27,"Age-standardized",2000,"Rate",0.0233842141944195,0.0059154906413591,0.0656595749811428
1,"Deaths",1796,"Hampden County",25013,513,"Coal workers pneumoconiosis",1,"Male",27,"Age-standardized",2001,"Rate",0.0200625738390769,0.00422810595011089,0.0595847523013982
1,"Deaths",1796,"Hampden County",25013,513,"Coal workers pneumoconiosis",1,"Male",27,"Age-standardized",2002,"Rate",0.0186768120619824,0.00451137495589267,0.054005676746434
1,"Deaths",1796,"Hampden County",25013,513,"Coal workers pneumoconiosis",1,"Male",27,"Age-standardized",2003,"Rate",0.0174653237305804,0.00370897190810119,0.054423326666396
1,"Deaths",1796,"Hampden County",25013,513,"Coal workers pneumoconiosis",1,"Male",27,"Age-standardized",2004,"Rate",0.0159250884503848,0.00336641894753051,0.0475829425955913
1,"Deaths",1796,"Hampden County",25013,513,"Coal workers pneumoconiosis",1,"Male",27,"Age-standardized",2005,"Rate",0.0152562945112799,0.00311228384335525,0.0468197383458877
1,"Deaths",1796,"Hampden County",25013,513,"Coal workers pneumoconiosis",1,"Male",27,"Age-standardized",2006,"Rate",0.0124304005388755,0.0027214945536885,0.0370483507680264
1,"Deaths",1796,"Hampden County",25013,513,"Coal workers pneumoconiosis",1,"Male",27,"Age-standardized",2007,"Rate",0.0116313848882634,0.0022027217086983,0.0340118170107121
1,"Deaths",1796,"Hampden County",25013,513,"Coal workers pneumoconiosis",1,"Male",27,"Age-standardized",2008,"Rate",0.0105623550570144,0.00212981350688571,0.0358403861541819
1,"Deaths",1796,"Hampden County",25013,513,"Coal workers pneumoconiosis",1,"Male",27,"Age-standardized",2009,"Rate",0.0103330617580939,0.00193035799062644,0.02954882445002
1,"Deaths",1796,"Hampden County",25013,513,"Coal workers pneumoconiosis",1,"Male",27,"Age-standardized",2010,"Rate",0.00980860383577925,0.00175619246564756,0.0320161951744768
1,"Deaths",1796,"Hampden County",25013,513,"Coal workers pneumoconiosis",1,"Male",27,"Age-standardized",2011,"Rate",0.00951668816086711,0.00162907105382457,0.0321827789001444
1,"Deaths",1796,"Hampden County",25013,513,"Coal workers pneumoconiosis",1,"Male",27,"Age-standardized",2012,"Rate",0.00931011319640468,0.00154462840740811,0.0335724607340897
1,"Deaths",1796,"Hampden County",25013,513,"Coal workers pneumoconiosis",1,"Male",27,"Age-standardized",2013,"Rate",0.00935869013306821,0.00149180002362997,0.0299137980435376
1,"Deaths",1796,"Hampden County",25013,513,"Coal workers pneumoconiosis",1,"Male",27,"Age-standardized",2014,"Rate",0.00976500365762936,0.00153016380332384,0.0353547217107485
1,"Deaths",1796,"Hampden County",25013,513,"Coal workers pneumoconiosis",2,"Female",27,"Age-standardized",1980,"Rate",0.00276547300808881,0.000841396487887162,0.00754358730586876
1,"Deaths",1796,"Hampden County",25013,513,"Coal workers pneumoconiosis",2,"Female",27,"Age-standardized",1981,"Rate",0.0026146705837496,0.000779811417369486,0.00713102485099584
1,"Deaths",1796,"Hampden County",25013,513,"Coal workers pneumoconiosis",2,"Female",27,"Age-standardized",1982,"Rate",0.00254833396549323,0.000767950982719993,0.00696884238059845
1,"Deaths",1796,"Hampden County",25013,513,"Coal workers pneumoconiosis",2,"Female",27,"Age-standardized",1983,"Rate",0.00276459635761715,0.000808689779151145,0.00763022355737984
1,"Deaths",1796,"Hampden County",25013,513,"Coal workers pneumoconiosis",2,"Female",27,"Age-standardized",1984,"Rate",0.00300842757616595,0.000877853722028943,0.00819489001354128
1,"Deaths",1796,"Hampden County",25013,513,"Coal workers pneumoconiosis",2,"Female",27,"Age-standardized",1985,"Rate",0.00306463653382645,0.000882892878021807,0.00859664329660794
1,"Deaths",1796,"Hampden County",25013,513,"Coal workers pneumoconiosis",2,"Female",27,"Age-standardized",1986,"Rate",0.00304676935526031,0.000864385497956526,0.00836631036013305
1,"Deaths",1796,"Hampden County",25013,513,"Coal workers pneumoconiosis",2,"Female",27,"Age-standardized",1987,"Rate",0.00261693062097127,0.000737090832683492,0.00717236704495377
1,"Deaths",1796,"Hampden County",25013,513,"Coal workers pneumoconiosis",2,"Female",27,"Age-standardized",1988,"Rate",0.0022538755037181,0.000645054356019491,0.00652157070390224
1,"Deaths",1796,"Hampden County",25013,513,"Coal workers pneumoconiosis",2,"Female",27,"Age-standardized",1989,"Rate",0.0017365501073924,0.000483256116011009,0.00480578880176345
1,"Deaths",1796,"Hampden County",25013,513,"Coal workers pneumoconiosis",2,"Female",27,"Age-standardized",1990,"Rate",0.00144986822498645,0.000396219110049531,0.00406798885131816
1,"Deaths",1796,"Hampden County",25013,513,"Coal workers pneumoconiosis",2,"Female",27,"Age-standardized",1991,"Rate",0.00103195708761195,0.000283684123257037,0.00302643451285151
1,"Deaths",1796,"Hampden County",25013,513,"Coal workers pneumoconiosis",2,"Female",27,"Age-standardized",1992,"Rate",0.000766551163471008,0.000209969483152832,0.00220910881800576
1,"Deaths",1796,"Hampden County",25013,513,"Coal workers pneumoconiosis",2,"Female",27,"Age-standardized",1993,"Rate",0.00108457862009808,0.000294188388517454,0.00305412039537009
1,"Deaths",1796,"Hampden County",25013,513,"Coal workers pneumoconiosis",2,"Female",27,"Age-standardized",1994,"Rate",0.000940163487049517,0.000253682379593209,0.00281699890662681
1,"Deaths",1796,"Hampden County",25013,513,"Coal workers pneumoconiosis",2,"Female",27,"Age-standardized",1995,"Rate",0.00107854798433635,0.000285823218642556,0.00324669370113528
1,"Deaths",1796,"Hampden County",25013,513,"Coal workers pneumoconiosis",2,"Female",27,"Age-standardized",1996,"Rate",0.00116552544034205,0.000292261981611686,0.00345546937226113
1,"Deaths",1796,"Hampden County",25013,513,"Coal workers pneumoconiosis",2,"Female",27,"Age-standardized",1997,"Rate",0.0012461776024642,0.000320378847823376,0.0036362691722283
1,"Deaths",1796,"Hampden County",25013,513,"Coal workers pneumoconiosis",2,"Female",27,"Age-standardized",1998,"Rate",0.00143570851975095,0.00038252933436403,0.00418032766834888
1,"Deaths",1796,"Hampden County",25013,513,"Coal workers pneumoconiosis",2,"Female",27,"Age-standardized",1999,"Rate",0.00140189613928688,0.000360025353518343,0.00404435976473893
1,"Deaths",1796,"Hampden County",25013,513,"Coal workers pneumoconiosis",2,"Female",27,"Age-standardized",2000,"Rate",0.00156136496094662,0.000391901256664539,0.00477328456758376
1,"Deaths",1796,"Hampden County",25013,513,"Coal workers pneumoconiosis",2,"Female",27,"Age-standardized",2001,"Rate",0.00146875376582605,0.000364452226357232,0.00443475954353446
1,"Deaths",1796,"Hampden County",25013,513,"Coal workers pneumoconiosis",2,"Female",27,"Age-standardized",2002,"Rate",0.0013598980612156,0.000340150504371077,0.00395567139285023
1,"Deaths",1796,"Hampden County",25013,513,"Coal workers pneumoconiosis",2,"Female",27,"Age-standardized",2003,"Rate",0.00131673028736233,0.000324606762396518,0.00381941618443995
1,"Deaths",1796,"Hampden County",25013,513,"Coal workers pneumoconiosis",2,"Female",27,"Age-standardized",2004,"Rate",0.00130322909496282,0.000326098554191566,0.00390431653380646
1,"Deaths",1796,"Hampden County",25013,513,"Coal workers pneumoconiosis",2,"Female",27,"Age-standardized",2005,"Rate",0.00118653337524703,0.000283747814007461,0.00359633945867351
1,"Deaths",1796,"Hampden County",25013,513,"Coal workers pneumoconiosis",2,"Female",27,"Age-standardized",2006,"Rate",0.00117836434143499,0.000284649624778086,0.00347146846434007
1,"Deaths",1796,"Hampden County",25013,513,"Coal workers pneumoconiosis",2,"Female",27,"Age-standardized",2007,"Rate",0.000969605702668634,0.000226513678249677,0.00284540420242302
1,"Deaths",1796,"Hampden County",25013,513,"Coal workers pneumoconiosis",2,"Female",27,"Age-standardized",2008,"Rate",0.00112416995577032,0.000248101173075051,0.00317065558201056
1,"Deaths",1796,"Hampden County",25013,513,"Coal workers pneumoconiosis",2,"Female",27,"Age-standardized",2009,"Rate",0.00110193769076341,0.000236820005519956,0.00337585523258947
1,"Deaths",1796,"Hampden County",25013,513,"Coal workers pneumoconiosis",2,"Female",27,"Age-standardized",2010,"Rate",0.00101553589903123,0.000213126577443977,0.00304984198794234
1,"Deaths",1796,"Hampden County",25013,513,"Coal workers pneumoconiosis",2,"Female",27,"Age-standardized",2011,"Rate",0.00103529789075396,0.000210270919006229,0.00290142201829992
1,"Deaths",1796,"Hampden County",25013,513,"Coal workers pneumoconiosis",2,"Female",27,"Age-standardized",2012,"Rate",0.000987957011061955,0.000191502724893905,0.00304882012462015
1,"Deaths",1796,"Hampden County",25013,513,"Coal workers pneumoconiosis",2,"Female",27,"Age-standardized",2013,"Rate",0.00107682270838896,0.00019982561246581,0.00324354982249983
1,"Deaths",1796,"Hampden County",25013,513,"Coal workers pneumoconiosis",2,"Female",27,"Age-standardized",2014,"Rate",0.00108487351633688,0.000203789561115326,0.00326853604085507
1,"Deaths",1796,"Hampden County",25013,513,"Coal workers pneumoconiosis",3,"Both",27,"Age-standardized",1980,"Rate",0.0213430474556684,0.00657192572044737,0.0497623961510735
1,"Deaths",1796,"Hampden County",25013,513,"Coal workers pneumoconiosis",3,"Both",27,"Age-standardized",1981,"Rate",0.0208400542403066,0.0064981156560072,0.0489277143995536
1,"Deaths",1796,"Hampden County",25013,513,"Coal workers pneumoconiosis",3,"Both",27,"Age-standardized",1982,"Rate",0.0222988977993221,0.00720605662329225,0.0519433019048822
1,"Deaths",1796,"Hampden County",25013,513,"Coal workers pneumoconiosis",3,"Both",27,"Age-standardized",1983,"Rate",0.0229486254943723,0.00766176798288533,0.0514044591780958
1,"Deaths",1796,"Hampden County",25013,513,"Coal workers pneumoconiosis",3,"Both",27,"Age-standardized",1984,"Rate",0.0194702150133194,0.00670163987998386,0.0425678838304081
1,"Deaths",1796,"Hampden County",25013,513,"Coal workers pneumoconiosis",3,"Both",27,"Age-standardized",1985,"Rate",0.0211440579200049,0.00714227304112964,0.04746713724565
1,"Deaths",1796,"Hampden County",25013,513,"Coal workers pneumoconiosis",3,"Both",27,"Age-standardized",1986,"Rate",0.0204637872034087,0.00703348068750079,0.0458971961552939
1,"Deaths",1796,"Hampden County",25013,513,"Coal workers pneumoconiosis",3,"Both",27,"Age-standardized",1987,"Rate",0.0188080251493322,0.00651086576099552,0.0419871365752954
1,"Deaths",1796,"Hampden County",25013,513,"Coal workers pneumoconiosis",3,"Both",27,"Age-standardized",1988,"Rate",0.0172588518401261,0.00578054640616878,0.0384710291681542
1,"Deaths",1796,"Hampden County",25013,513,"Coal workers pneumoconiosis",3,"Both",27,"Age-standardized",1989,"Rate",0.0164669436850516,0.00549724555904682,0.0368872971416663
1,"Deaths",1796,"Hampden County",25013,513,"Coal workers pneumoconiosis",3,"Both",27,"Age-standardized",1990,"Rate",0.0134023043018517,0.00450122406825114,0.032076015904966
1,"Deaths",1796,"Hampden County",25013,513,"Coal workers pneumoconiosis",3,"Both",27,"Age-standardized",1991,"Rate",0.013967667828011,0.00416760200071238,0.034061928364675
1,"Deaths",1796,"Hampden County",25013,513,"Coal workers pneumoconiosis",3,"Both",27,"Age-standardized",1992,"Rate",0.013377346262633,0.00410926058426594,0.0310124099037561
1,"Deaths",1796,"Hampden County",25013,513,"Coal workers pneumoconiosis",3,"Both",27,"Age-standardized",1993,"Rate",0.0129919752606237,0.00410159970401085,0.0312584059783889
1,"Deaths",1796,"Hampden County",25013,513,"Coal workers pneumoconiosis",3,"Both",27,"Age-standardized",1994,"Rate",0.0124784685683356,0.00368024508710768,0.0297176404239704
1,"Deaths",1796,"Hampden County",25013,513,"Coal workers pneumoconiosis",3,"Both",27,"Age-standardized",1995,"Rate",0.0122678270661178,0.00397095639555472,0.0305279314495511
1,"Deaths",1796,"Hampden County",25013,513,"Coal workers pneumoconiosis",3,"Both",27,"Age-standardized",1996,"Rate",0.0112053874611171,0.00347548770073591,0.0280009107280219
1,"Deaths",1796,"Hampden County",25013,513,"Coal workers pneumoconiosis",3,"Both",27,"Age-standardized",1997,"Rate",0.0111555597912099,0.00332906267153663,0.0278010554727909
1,"Deaths",1796,"Hampden County",25013,513,"Coal workers pneumoconiosis",3,"Both",27,"Age-standardized",1998,"Rate",0.0107759366184483,0.00338022852954982,0.025699314173039
1,"Deaths",1796,"Hampden County",25013,513,"Coal workers pneumoconiosis",3,"Both",27,"Age-standardized",1999,"Rate",0.00994160129523709,0.00304044341134465,0.0249987506170584
1,"Deaths",1796,"Hampden County",25013,513,"Coal workers pneumoconiosis",3,"Both",27,"Age-standardized",2000,"Rate",0.0090138416794168,0.002761140860679,0.0233267767714924
1,"Deaths",1796,"Hampden County",25013,513,"Coal workers pneumoconiosis",3,"Both",27,"Age-standardized",2001,"Rate",0.00789737039221383,0.00228051323476162,0.022264185846811
1,"Deaths",1796,"Hampden County",25013,513,"Coal workers pneumoconiosis",3,"Both",27,"Age-standardized",2002,"Rate",0.00738944151163083,0.00226198219430564,0.0201023745360693
1,"Deaths",1796,"Hampden County",25013,513,"Coal workers pneumoconiosis",3,"Both",27,"Age-standardized",2003,"Rate",0.00694473264070557,0.00199993741209736,0.0198006474876688
1,"Deaths",1796,"Hampden County",25013,513,"Coal workers pneumoconiosis",3,"Both",27,"Age-standardized",2004,"Rate",0.00647899941142963,0.00186181500290812,0.0174812064444208
1,"Deaths",1796,"Hampden County",25013,513,"Coal workers pneumoconiosis",3,"Both",27,"Age-standardized",2005,"Rate",0.00618361536430951,0.00173236735069023,0.017177926568968
1,"Deaths",1796,"Hampden County",25013,513,"Coal workers pneumoconiosis",3,"Both",27,"Age-standardized",2006,"Rate",0.00520886845214158,0.00148372710632954,0.0141503883171584
1,"Deaths",1796,"Hampden County",25013,513,"Coal workers pneumoconiosis",3,"Both",27,"Age-standardized",2007,"Rate",0.00485375190954219,0.00127144894833115,0.0132812541180977
1,"Deaths",1796,"Hampden County",25013,513,"Coal workers pneumoconiosis",3,"Both",27,"Age-standardized",2008,"Rate",0.00459644799927855,0.00121257101286776,0.0136702881941895
1,"Deaths",1796,"Hampden County",25013,513,"Coal workers pneumoconiosis",3,"Both",27,"Age-standardized",2009,"Rate",0.00454209573432506,0.00124822483216872,0.0119309216603195
1,"Deaths",1796,"Hampden County",25013,513,"Coal workers pneumoconiosis",3,"Both",27,"Age-standardized",2010,"Rate",0.00430116660587863,0.00113589393366273,0.01289467069925
1,"Deaths",1796,"Hampden County",25013,513,"Coal workers pneumoconiosis",3,"Both",27,"Age-standardized",2011,"Rate",0.00420963823648649,0.00103539495829004,0.0127486920798944
1,"Deaths",1796,"Hampden County",25013,513,"Coal workers pneumoconiosis",3,"Both",27,"Age-standardized",2012,"Rate",0.00413031422305757,0.00102827686015545,0.0134832970919612
1,"Deaths",1796,"Hampden County",25013,513,"Coal workers pneumoconiosis",3,"Both",27,"Age-standardized",2013,"Rate",0.00422960890366946,0.000956085587494357,0.0127574610334575
1,"Deaths",1796,"Hampden County",25013,513,"Coal workers pneumoconiosis",3,"Both",27,"Age-standardized",2014,"Rate",0.0043707693507455,0.000960013075908145,0.0141296351264133
1,"Deaths",1794,"Hampshire County",25015,513,"Coal workers pneumoconiosis",1,"Male",27,"Age-standardized",1980,"Rate",0.0320735286504576,0.0035147472887137,0.107819864320902
1,"Deaths",1794,"Hampshire County",25015,513,"Coal workers pneumoconiosis",1,"Male",27,"Age-standardized",1981,"Rate",0.0331413855123847,0.00404771867866086,0.122899512320012
1,"Deaths",1794,"Hampshire County",25015,513,"Coal workers pneumoconiosis",1,"Male",27,"Age-standardized",1982,"Rate",0.032627786410266,0.00402852103516954,0.104569778967976
1,"Deaths",1794,"Hampshire County",25015,513,"Coal workers pneumoconiosis",1,"Male",27,"Age-standardized",1983,"Rate",0.0364045723807801,0.00461213579617374,0.12556974320426
1,"Deaths",1794,"Hampshire County",25015,513,"Coal workers pneumoconiosis",1,"Male",27,"Age-standardized",1984,"Rate",0.031512755354294,0.00364570716898563,0.103544581989249
1,"Deaths",1794,"Hampshire County",25015,513,"Coal workers pneumoconiosis",1,"Male",27,"Age-standardized",1985,"Rate",0.0322976243352152,0.0042023223249948,0.114178376387175
1,"Deaths",1794,"Hampshire County",25015,513,"Coal workers pneumoconiosis",1,"Male",27,"Age-standardized",1986,"Rate",0.0319416180773177,0.0038481651327323,0.108357960917452
1,"Deaths",1794,"Hampshire County",25015,513,"Coal workers pneumoconiosis",1,"Male",27,"Age-standardized",1987,"Rate",0.0305254381878679,0.00390967532679343,0.101148999672034
1,"Deaths",1794,"Hampshire County",25015,513,"Coal workers pneumoconiosis",1,"Male",27,"Age-standardized",1988,"Rate",0.0276631064186875,0.0037671841079373,0.0935691670033065
1,"Deaths",1794,"Hampshire County",25015,513,"Coal workers pneumoconiosis",1,"Male",27,"Age-standardized",1989,"Rate",0.0279797140666263,0.00365310026328684,0.0912350607509596
1,"Deaths",1794,"Hampshire County",25015,513,"Coal workers pneumoconiosis",1,"Male",27,"Age-standardized",1990,"Rate",0.023482433218204,0.0028075037349076,0.0864067123294454
1,"Deaths",1794,"Hampshire County",25015,513,"Coal workers pneumoconiosis",1,"Male",27,"Age-standardized",1991,"Rate",0.0256629369284814,0.00323262181889548,0.0919949100782978
1,"Deaths",1794,"Hampshire County",25015,513,"Coal workers pneumoconiosis",1,"Male",27,"Age-standardized",1992,"Rate",0.0255866646856473,0.0031101683665782,0.0883769405376289
1,"Deaths",1794,"Hampshire County",25015,513,"Coal workers pneumoconiosis",1,"Male",27,"Age-standardized",1993,"Rate",0.0237254737496889,0.00286678882452871,0.0858126623709732
1,"Deaths",1794,"Hampshire County",25015,513,"Coal workers pneumoconiosis",1,"Male",27,"Age-standardized",1994,"Rate",0.022145388041828,0.00283634018810747,0.076384505583178
1,"Deaths",1794,"Hampshire County",25015,513,"Coal workers pneumoconiosis",1,"Male",27,"Age-standardized",1995,"Rate",0.0220565403652224,0.00265301701228154,0.0827333091634813
1,"Deaths",1794,"Hampshire County",25015,513,"Coal workers pneumoconiosis",1,"Male",27,"Age-standardized",1996,"Rate",0.0199628514162553,0.00233069748579807,0.0711139328845671
1,"Deaths",1794,"Hampshire County",25015,513,"Coal workers pneumoconiosis",1,"Male",27,"Age-standardized",1997,"Rate",0.0193343227182499,0.00199890988034448,0.0720364660927213
1,"Deaths",1794,"Hampshire County",25015,513,"Coal workers pneumoconiosis",1,"Male",27,"Age-standardized",1998,"Rate",0.0180077089824195,0.00196078109725811,0.066850615470726
1,"Deaths",1794,"Hampshire County",25015,513,"Coal workers pneumoconiosis",1,"Male",27,"Age-standardized",1999,"Rate",0.0164038739930156,0.00177489467504924,0.0663768734063662
1,"Deaths",1794,"Hampshire County",25015,513,"Coal workers pneumoconiosis",1,"Male",27,"Age-standardized",2000,"Rate",0.0151611050105108,0.00156483194126204,0.0577239461731382
1,"Deaths",1794,"Hampshire County",25015,513,"Coal workers pneumoconiosis",1,"Male",27,"Age-standardized",2001,"Rate",0.0129133119490514,0.00131634137219598,0.051730497439561
1,"Deaths",1794,"Hampshire County",25015,513,"Coal workers pneumoconiosis",1,"Male",27,"Age-standardized",2002,"Rate",0.0132182242989788,0.00115694524339273,0.0547923792514217
1,"Deaths",1794,"Hampshire County",25015,513,"Coal workers pneumoconiosis",1,"Male",27,"Age-standardized",2003,"Rate",0.0123245938894297,0.00116191128810902,0.0512001903884035
1,"Deaths",1794,"Hampshire County",25015,513,"Coal workers pneumoconiosis",1,"Male",27,"Age-standardized",2004,"Rate",0.0104173890954233,0.000938693294642246,0.0427885938545745
1,"Deaths",1794,"Hampshire County",25015,513,"Coal workers pneumoconiosis",1,"Male",27,"Age-standardized",2005,"Rate",0.0107518678300147,0.000973353014502552,0.0486816645039823
1,"Deaths",1794,"Hampshire County",25015,513,"Coal workers pneumoconiosis",1,"Male",27,"Age-standardized",2006,"Rate",0.00886287250491738,0.000781082943899744,0.0359174698718519
1,"Deaths",1794,"Hampshire County",25015,513,"Coal workers pneumoconiosis",1,"Male",27,"Age-standardized",2007,"Rate",0.00897966621997178,0.00072278325532725,0.035160294252909
1,"Deaths",1794,"Hampshire County",25015,513,"Coal workers pneumoconiosis",1,"Male",27,"Age-standardized",2008,"Rate",0.00783394534334298,0.000566411972363928,0.0322797775255369
1,"Deaths",1794,"Hampshire County",25015,513,"Coal workers pneumoconiosis",1,"Male",27,"Age-standardized",2009,"Rate",0.00785995726696821,0.000551248364202237,0.0332022896686496
1,"Deaths",1794,"Hampshire County",25015,513,"Coal workers pneumoconiosis",1,"Male",27,"Age-standardized",2010,"Rate",0.00768843603750366,0.000495140224327602,0.0310667654504442
1,"Deaths",1794,"Hampshire County",25015,513,"Coal workers pneumoconiosis",1,"Male",27,"Age-standardized",2011,"Rate",0.00721013615742914,0.000467692648123775,0.0334952974960135
1,"Deaths",1794,"Hampshire County",25015,513,"Coal workers pneumoconiosis",1,"Male",27,"Age-standardized",2012,"Rate",0.00684540147791983,0.000417420496591371,0.0280776293829446
1,"Deaths",1794,"Hampshire County",25015,513,"Coal workers pneumoconiosis",1,"Male",27,"Age-standardized",2013,"Rate",0.00680868790986335,0.000419825253639042,0.0300729330343828
1,"Deaths",1794,"Hampshire County",25015,513,"Coal workers pneumoconiosis",1,"Male",27,"Age-standardized",2014,"Rate",0.00801605851518023,0.00046264574341005,0.0380883015633637
1,"Deaths",1794,"Hampshire County",25015,513,"Coal workers pneumoconiosis",2,"Female",27,"Age-standardized",1980,"Rate",0.00267827956625186,0.000616716133044014,0.00779065086598787
1,"Deaths",1794,"Hampshire County",25015,513,"Coal workers pneumoconiosis",2,"Female",27,"Age-standardized",1981,"Rate",0.00248533361060463,0.0005543638042892,0.00744358906293493
1,"Deaths",1794,"Hampshire County",25015,513,"Coal workers pneumoconiosis",2,"Female",27,"Age-standardized",1982,"Rate",0.00251620678982795,0.000585784887239871,0.00747884447359724
1,"Deaths",1794,"Hampshire County",25015,513,"Coal workers pneumoconiosis",2,"Female",27,"Age-standardized",1983,"Rate",0.00265399633133923,0.000591205620067891,0.00833897318508944
1,"Deaths",1794,"Hampshire County",25015,513,"Coal workers pneumoconiosis",2,"Female",27,"Age-standardized",1984,"Rate",0.0028616759195352,0.000661272558617953,0.00851626747994631
1,"Deaths",1794,"Hampshire County",25015,513,"Coal workers pneumoconiosis",2,"Female",27,"Age-standardized",1985,"Rate",0.00297095759001326,0.000650761550975724,0.00879267795465934
1,"Deaths",1794,"Hampshire County",25015,513,"Coal workers pneumoconiosis",2,"Female",27,"Age-standardized",1986,"Rate",0.00288510404388271,0.000615177245737044,0.00911696176669635
1,"Deaths",1794,"Hampshire County",25015,513,"Coal workers pneumoconiosis",2,"Female",27,"Age-standardized",1987,"Rate",0.00248806330238074,0.000545809951195541,0.00742641865353034
1,"Deaths",1794,"Hampshire County",25015,513,"Coal workers pneumoconiosis",2,"Female",27,"Age-standardized",1988,"Rate",0.00209989314759174,0.000444265582384728,0.00636388123144087
1,"Deaths",1794,"Hampshire County",25015,513,"Coal workers pneumoconiosis",2,"Female",27,"Age-standardized",1989,"Rate",0.00169983844720452,0.00036260168055417,0.00515322124217672
1,"Deaths",1794,"Hampshire County",25015,513,"Coal workers pneumoconiosis",2,"Female",27,"Age-standardized",1990,"Rate",0.00140743363825175,0.000288933278691224,0.00405164544071339
1,"Deaths",1794,"Hampshire County",25015,513,"Coal workers pneumoconiosis",2,"Female",27,"Age-standardized",1991,"Rate",0.000976685165895892,0.000212650421899768,0.00280052897147117
1,"Deaths",1794,"Hampshire County",25015,513,"Coal workers pneumoconiosis",2,"Female",27,"Age-standardized",1992,"Rate",0.000732216486022117,0.000146076686659526,0.00221167378709177
1,"Deaths",1794,"Hampshire County",25015,513,"Coal workers pneumoconiosis",2,"Female",27,"Age-standardized",1993,"Rate",0.0010399392138944,0.00020138945119818,0.00309423726845788
1,"Deaths",1794,"Hampshire County",25015,513,"Coal workers pneumoconiosis",2,"Female",27,"Age-standardized",1994,"Rate",0.000871449234357762,0.000166429267245545,0.00251133486376019
1,"Deaths",1794,"Hampshire County",25015,513,"Coal workers pneumoconiosis",2,"Female",27,"Age-standardized",1995,"Rate",0.000976081278487954,0.000188150282753111,0.00295559884964899
1,"Deaths",1794,"Hampshire County",25015,513,"Coal workers pneumoconiosis",2,"Female",27,"Age-standardized",1996,"Rate",0.00105482474203993,0.000198536633112945,0.00329994937694278
1,"Deaths",1794,"Hampshire County",25015,513,"Coal workers pneumoconiosis",2,"Female",27,"Age-standardized",1997,"Rate",0.00111216466538065,0.000211973585336039,0.00349139587121602
1,"Deaths",1794,"Hampshire County",25015,513,"Coal workers pneumoconiosis",2,"Female",27,"Age-standardized",1998,"Rate",0.00123455607785686,0.000232725331530051,0.00388105472350301
1,"Deaths",1794,"Hampshire County",25015,513,"Coal workers pneumoconiosis",2,"Female",27,"Age-standardized",1999,"Rate",0.00124804806360478,0.000234961525028473,0.00405951465578321
1,"Deaths",1794,"Hampshire County",25015,513,"Coal workers pneumoconiosis",2,"Female",27,"Age-standardized",2000,"Rate",0.00135355953200459,0.000259071365447196,0.0043239464858297
1,"Deaths",1794,"Hampshire County",25015,513,"Coal workers pneumoconiosis",2,"Female",27,"Age-standardized",2001,"Rate",0.00128196509796146,0.000228478903080036,0.00396883385810507
1,"Deaths",1794,"Hampshire County",25015,513,"Coal workers pneumoconiosis",2,"Female",27,"Age-standardized",2002,"Rate",0.00123933560838104,0.000224919758673022,0.00398098985597202
1,"Deaths",1794,"Hampshire County",25015,513,"Coal workers pneumoconiosis",2,"Female",27,"Age-standardized",2003,"Rate",0.00122232847496301,0.000209761167133115,0.00378839186813345
1,"Deaths",1794,"Hampshire County",25015,513,"Coal workers pneumoconiosis",2,"Female",27,"Age-standardized",2004,"Rate",0.0012048039788424,0.000200772844984687,0.00378008133806409
1,"Deaths",1794,"Hampshire County",25015,513,"Coal workers pneumoconiosis",2,"Female",27,"Age-standardized",2005,"Rate",0.00114782356119822,0.000198067663849916,0.00378645138395875
1,"Deaths",1794,"Hampshire County",25015,513,"Coal workers pneumoconiosis",2,"Female",27,"Age-standardized",2006,"Rate",0.00113044627451728,0.000186321276477987,0.00378143273011155
1,"Deaths",1794,"Hampshire County",25015,513,"Coal workers pneumoconiosis",2,"Female",27,"Age-standardized",2007,"Rate",0.000941659528976102,0.000152537745168808,0.00301377080643396
1,"Deaths",1794,"Hampshire County",25015,513,"Coal workers pneumoconiosis",2,"Female",27,"Age-standardized",2008,"Rate",0.00103214490659133,0.000157125258003435,0.00344100952017082
1,"Deaths",1794,"Hampshire County",25015,513,"Coal workers pneumoconiosis",2,"Female",27,"Age-standardized",2009,"Rate",0.00108088532517972,0.0001659368888553,0.00362466192048149
1,"Deaths",1794,"Hampshire County",25015,513,"Coal workers pneumoconiosis",2,"Female",27,"Age-standardized",2010,"Rate",0.000980243755502052,0.000151421796028735,0.00332386729966202
1,"Deaths",1794,"Hampshire County",25015,513,"Coal workers pneumoconiosis",2,"Female",27,"Age-standardized",2011,"Rate",0.00104705953510559,0.00014619865709417,0.00358013464946323
1,"Deaths",1794,"Hampshire County",25015,513,"Coal workers pneumoconiosis",2,"Female",27,"Age-standardized",2012,"Rate",0.000965814266020674,0.000136594732878657,0.00329218228979913
1,"Deaths",1794,"Hampshire County",25015,513,"Coal workers pneumoconiosis",2,"Female",27,"Age-standardized",2013,"Rate",0.00101088034058421,0.000133230192883561,0.00359767020446856
1,"Deaths",1794,"Hampshire County",25015,513,"Coal workers pneumoconiosis",2,"Female",27,"Age-standardized",2014,"Rate",0.00108920914729291,0.000143142303439636,0.00356778544806795
1,"Deaths",1794,"Hampshire County",25015,513,"Coal workers pneumoconiosis",3,"Both",27,"Age-standardized",1980,"Rate",0.0135672691019202,0.00251439764621874,0.0430940423344041
1,"Deaths",1794,"Hampshire County",25015,513,"Coal workers pneumoconiosis",3,"Both",27,"Age-standardized",1981,"Rate",0.0137938433201416,0.00281130141768487,0.0473217531092029
1,"Deaths",1794,"Hampshire County",25015,513,"Coal workers pneumoconiosis",3,"Both",27,"Age-standardized",1982,"Rate",0.0136008890835027,0.00278729456409332,0.0414997327354653
1,"Deaths",1794,"Hampshire County",25015,513,"Coal workers pneumoconiosis",3,"Both",27,"Age-standardized",1983,"Rate",0.01500025684434,0.0028588402802852,0.0496870143383222
1,"Deaths",1794,"Hampshire County",25015,513,"Coal workers pneumoconiosis",3,"Both",27,"Age-standardized",1984,"Rate",0.0133386386166863,0.00273128769415769,0.0413080027484877
1,"Deaths",1794,"Hampshire County",25015,513,"Coal workers pneumoconiosis",3,"Both",27,"Age-standardized",1985,"Rate",0.0136155776378798,0.00287009327316753,0.0432906244458
1,"Deaths",1794,"Hampshire County",25015,513,"Coal workers pneumoconiosis",3,"Both",27,"Age-standardized",1986,"Rate",0.0133288656561875,0.00288600313853458,0.0408834666530398
1,"Deaths",1794,"Hampshire County",25015,513,"Coal workers pneumoconiosis",3,"Both",27,"Age-standardized",1987,"Rate",0.0124807085884787,0.00244900329105692,0.0385891450046461
1,"Deaths",1794,"Hampshire County",25015,513,"Coal workers pneumoconiosis",3,"Both",27,"Age-standardized",1988,"Rate",0.0111561434830904,0.00220393944812502,0.0345094435343735
1,"Deaths",1794,"Hampshire County",25015,513,"Coal workers pneumoconiosis",3,"Both",27,"Age-standardized",1989,"Rate",0.0109285393832362,0.0021230679957518,0.0332078435898406
1,"Deaths",1794,"Hampshire County",25015,513,"Coal workers pneumoconiosis",3,"Both",27,"Age-standardized",1990,"Rate",0.00909624942803397,0.00166409146909696,0.0311911124591733
1,"Deaths",1794,"Hampshire County",25015,513,"Coal workers pneumoconiosis",3,"Both",27,"Age-standardized",1991,"Rate",0.00949957357732735,0.0016558988926639,0.0323523205930983
1,"Deaths",1794,"Hampshire County",25015,513,"Coal workers pneumoconiosis",3,"Both",27,"Age-standardized",1992,"Rate",0.00921010432313078,0.00154021034178066,0.0297204707077294
1,"Deaths",1794,"Hampshire County",25015,513,"Coal workers pneumoconiosis",3,"Both",27,"Age-standardized",1993,"Rate",0.00875308240205478,0.00152054525095387,0.0294955111959968
1,"Deaths",1794,"Hampshire County",25015,513,"Coal workers pneumoconiosis",3,"Both",27,"Age-standardized",1994,"Rate",0.00808360407719054,0.00135854127160074,0.0274906767996774
1,"Deaths",1794,"Hampshire County",25015,513,"Coal workers pneumoconiosis",3,"Both",27,"Age-standardized",1995,"Rate",0.00812967727215151,0.00135100786540451,0.0290212146889126
1,"Deaths",1794,"Hampshire County",25015,513,"Coal workers pneumoconiosis",3,"Both",27,"Age-standardized",1996,"Rate",0.00743929460834248,0.00127865919351475,0.0250031873839895
1,"Deaths",1794,"Hampshire County",25015,513,"Coal workers pneumoconiosis",3,"Both",27,"Age-standardized",1997,"Rate",0.00729682505876542,0.0011609622300712,0.0256537378181981
1,"Deaths",1794,"Hampshire County",25015,513,"Coal workers pneumoconiosis",3,"Both",27,"Age-standardized",1998,"Rate",0.00695227423585326,0.00118860476842121,0.0243244398385984
1,"Deaths",1794,"Hampshire County",25015,513,"Coal workers pneumoconiosis",3,"Both",27,"Age-standardized",1999,"Rate",0.00645002101793772,0.00107773521378044,0.0230963751589924
1,"Deaths",1794,"Hampshire County",25015,513,"Coal workers pneumoconiosis",3,"Both",27,"Age-standardized",2000,"Rate",0.00611848061556328,0.00106892290188069,0.0212451468588028
1,"Deaths",1794,"Hampshire County",25015,513,"Coal workers pneumoconiosis",3,"Both",27,"Age-standardized",2001,"Rate",0.00529930289567242,0.000960876598358931,0.0189817017654439
1,"Deaths",1794,"Hampshire County",25015,513,"Coal workers pneumoconiosis",3,"Both",27,"Age-standardized",2002,"Rate",0.00544436527114236,0.000942326721418367,0.0202517407404026
1,"Deaths",1794,"Hampshire County",25015,513,"Coal workers pneumoconiosis",3,"Both",27,"Age-standardized",2003,"Rate",0.00515702722790141,0.000898190249056917,0.0188863247112217
1,"Deaths",1794,"Hampshire County",25015,513,"Coal workers pneumoconiosis",3,"Both",27,"Age-standardized",2004,"Rate",0.00450819046448426,0.000745363778384773,0.0161467152474163
1,"Deaths",1794,"Hampshire County",25015,513,"Coal workers pneumoconiosis",3,"Both",27,"Age-standardized",2005,"Rate",0.00460659332647633,0.000718348248667945,0.0181433258094371
1,"Deaths",1794,"Hampshire County",25015,513,"Coal workers pneumoconiosis",3,"Both",27,"Age-standardized",2006,"Rate",0.00395123444867744,0.000644709534953094,0.0139968207642999
1,"Deaths",1794,"Hampshire County",25015,513,"Coal workers pneumoconiosis",3,"Both",27,"Age-standardized",2007,"Rate",0.00392545996400552,0.000603099873900523,0.0135059402373175
1,"Deaths",1794,"Hampshire County",25015,513,"Coal workers pneumoconiosis",3,"Both",27,"Age-standardized",2008,"Rate",0.00356888955440027,0.000565030553574047,0.0127883155039216
1,"Deaths",1794,"Hampshire County",25015,513,"Coal workers pneumoconiosis",3,"Both",27,"Age-standardized",2009,"Rate",0.00364086490379573,0.000612250834547235,0.0133552452753927
1,"Deaths",1794,"Hampshire County",25015,513,"Coal workers pneumoconiosis",3,"Both",27,"Age-standardized",2010,"Rate",0.00354500399190197,0.000527861475269407,0.0133302602906337
1,"Deaths",1794,"Hampshire County",25015,513,"Coal workers pneumoconiosis",3,"Both",27,"Age-standardized",2011,"Rate",0.00341495513206547,0.000495095950364068,0.012960005482133
1,"Deaths",1794,"Hampshire County",25015,513,"Coal workers pneumoconiosis",3,"Both",27,"Age-standardized",2012,"Rate",0.00325211437685591,0.00045248965278115,0.0113396016841867
1,"Deaths",1794,"Hampshire County",25015,513,"Coal workers pneumoconiosis",3,"Both",27,"Age-standardized",2013,"Rate",0.00328399644626901,0.000455770547760937,0.0121869782609859
1,"Deaths",1794,"Hampshire County",25015,513,"Coal workers pneumoconiosis",3,"Both",27,"Age-standardized",2014,"Rate",0.0037789064186552,0.000498494361401763,0.0155392894307871
1,"Deaths",1792,"Middlesex County",25017,513,"Coal workers pneumoconiosis",1,"Male",27,"Age-standardized",1980,"Rate",0.016466371809993,0.00283680497701683,0.0502698746309375
1,"Deaths",1792,"Middlesex County",25017,513,"Coal workers pneumoconiosis",1,"Male",27,"Age-standardized",1981,"Rate",0.0150000239912352,0.00255625849629922,0.0448546879803848
1,"Deaths",1792,"Middlesex County",25017,513,"Coal workers pneumoconiosis",1,"Male",27,"Age-standardized",1982,"Rate",0.015394927805893,0.00282630147035547,0.0472992648135337
1,"Deaths",1792,"Middlesex County",25017,513,"Coal workers pneumoconiosis",1,"Male",27,"Age-standardized",1983,"Rate",0.0168211866700199,0.00303786277726585,0.0475060701097268
1,"Deaths",1792,"Middlesex County",25017,513,"Coal workers pneumoconiosis",1,"Male",27,"Age-standardized",1984,"Rate",0.0135799265542093,0.00241031375993518,0.0389278033094248
1,"Deaths",1792,"Middlesex County",25017,513,"Coal workers pneumoconiosis",1,"Male",27,"Age-standardized",1985,"Rate",0.014018793100816,0.00268118035842883,0.0378883169073633
1,"Deaths",1792,"Middlesex County",25017,513,"Coal workers pneumoconiosis",1,"Male",27,"Age-standardized",1986,"Rate",0.0136718662235493,0.00276910868811928,0.0388217453168501
1,"Deaths",1792,"Middlesex County",25017,513,"Coal workers pneumoconiosis",1,"Male",27,"Age-standardized",1987,"Rate",0.0131188245087593,0.00266889864342706,0.035334750310811
1,"Deaths",1792,"Middlesex County",25017,513,"Coal workers pneumoconiosis",1,"Male",27,"Age-standardized",1988,"Rate",0.0111024537160166,0.00233739722854827,0.0329686016773296
1,"Deaths",1792,"Middlesex County",25017,513,"Coal workers pneumoconiosis",1,"Male",27,"Age-standardized",1989,"Rate",0.0119044335410618,0.00217607547329316,0.0352971983992748
1,"Deaths",1792,"Middlesex County",25017,513,"Coal workers pneumoconiosis",1,"Male",27,"Age-standardized",1990,"Rate",0.00954185792841652,0.00195476415163587,0.0283157340747338
1,"Deaths",1792,"Middlesex County",25017,513,"Coal workers pneumoconiosis",1,"Male",27,"Age-standardized",1991,"Rate",0.00969421781490325,0.00208997514460828,0.0284117706434525
1,"Deaths",1792,"Middlesex County",25017,513,"Coal workers pneumoconiosis",1,"Male",27,"Age-standardized",1992,"Rate",0.0107307983236874,0.00212833703422159,0.0329671528057145
1,"Deaths",1792,"Middlesex County",25017,513,"Coal workers pneumoconiosis",1,"Male",27,"Age-standardized",1993,"Rate",0.0094274129775483,0.00191309641845358,0.027893261532568
1,"Deaths",1792,"Middlesex County",25017,513,"Coal workers pneumoconiosis",1,"Male",27,"Age-standardized",1994,"Rate",0.00913043945665484,0.00163723856627389,0.0269691112712241
1,"Deaths",1792,"Middlesex County",25017,513,"Coal workers pneumoconiosis",1,"Male",27,"Age-standardized",1995,"Rate",0.0086175560540096,0.00157559057118997,0.0260525148342797
1,"Deaths",1792,"Middlesex County",25017,513,"Coal workers pneumoconiosis",1,"Male",27,"Age-standardized",1996,"Rate",0.00819150635969161,0.00154033272595577,0.0244734837761258
1,"Deaths",1792,"Middlesex County",25017,513,"Coal workers pneumoconiosis",1,"Male",27,"Age-standardized",1997,"Rate",0.0078559286504533,0.00151645978666147,0.0241145338056185
1,"Deaths",1792,"Middlesex County",25017,513,"Coal workers pneumoconiosis",1,"Male",27,"Age-standardized",1998,"Rate",0.00764988038887426,0.00133003605553299,0.0258994951729783
1,"Deaths",1792,"Middlesex County",25017,513,"Coal workers pneumoconiosis",1,"Male",27,"Age-standardized",1999,"Rate",0.00695249683161762,0.00128652531789733,0.0230234910927042
1,"Deaths",1792,"Middlesex County",25017,513,"Coal workers pneumoconiosis",1,"Male",27,"Age-standardized",2000,"Rate",0.00602493105417233,0.00102338709611471,0.0199886512565149
1,"Deaths",1792,"Middlesex County",25017,513,"Coal workers pneumoconiosis",1,"Male",27,"Age-standardized",2001,"Rate",0.00521478219147229,0.000831855535235262,0.0166614346715775
1,"Deaths",1792,"Middlesex County",25017,513,"Coal workers pneumoconiosis",1,"Male",27,"Age-standardized",2002,"Rate",0.00482531068310063,0.00074224532280153,0.0160614444375279
1,"Deaths",1792,"Middlesex County",25017,513,"Coal workers pneumoconiosis",1,"Male",27,"Age-standardized",2003,"Rate",0.00502208272843371,0.000719505387726577,0.0198069534252248
1,"Deaths",1792,"Middlesex County",25017,513,"Coal workers pneumoconiosis",1,"Male",27,"Age-standardized",2004,"Rate",0.00429401787560058,0.000666043132529468,0.0149187803892788
1,"Deaths",1792,"Middlesex County",25017,513,"Coal workers pneumoconiosis",1,"Male",27,"Age-standardized",2005,"Rate",0.00415492293064483,0.000609008436686482,0.015150805321656
1,"Deaths",1792,"Middlesex County",25017,513,"Coal workers pneumoconiosis",1,"Male",27,"Age-standardized",2006,"Rate",0.00365528570164749,0.000506806310127413,0.0131551983525312
1,"Deaths",1792,"Middlesex County",25017,513,"Coal workers pneumoconiosis",1,"Male",27,"Age-standardized",2007,"Rate",0.00353635722897595,0.000487970330899484,0.0128897444267875
1,"Deaths",1792,"Middlesex County",25017,513,"Coal workers pneumoconiosis",1,"Male",27,"Age-standardized",2008,"Rate",0.00332065130234635,0.00040588588863033,0.0120187374125014
1,"Deaths",1792,"Middlesex County",25017,513,"Coal workers pneumoconiosis",1,"Male",27,"Age-standardized",2009,"Rate",0.00300987677794828,0.000377237357498072,0.0111365982423598
1,"Deaths",1792,"Middlesex County",25017,513,"Coal workers pneumoconiosis",1,"Male",27,"Age-standardized",2010,"Rate",0.00310653399199096,0.000370471352217085,0.0124669354443585
1,"Deaths",1792,"Middlesex County",25017,513,"Coal workers pneumoconiosis",1,"Male",27,"Age-standardized",2011,"Rate",0.00295983767138809,0.000358483800398818,0.0110260179689842
1,"Deaths",1792,"Middlesex County",25017,513,"Coal workers pneumoconiosis",1,"Male",27,"Age-standardized",2012,"Rate",0.00283856019344882,0.000317737084507363,0.011191955750009
1,"Deaths",1792,"Middlesex County",25017,513,"Coal workers pneumoconiosis",1,"Male",27,"Age-standardized",2013,"Rate",0.00288608373050017,0.00031279827648674,0.0114429772389642
1,"Deaths",1792,"Middlesex County",25017,513,"Coal workers pneumoconiosis",1,"Male",27,"Age-standardized",2014,"Rate",0.00311625944946218,0.00030351587460953,0.0137501596237598
1,"Deaths",1792,"Middlesex County",25017,513,"Coal workers pneumoconiosis",2,"Female",27,"Age-standardized",1980,"Rate",0.0019942600668898,0.000525068382750735,0.00526498576057143
1,"Deaths",1792,"Middlesex County",25017,513,"Coal workers pneumoconiosis",2,"Female",27,"Age-standardized",1981,"Rate",0.00189323948360888,0.000477873638503259,0.00481349465024372
1,"Deaths",1792,"Middlesex County",25017,513,"Coal workers pneumoconiosis",2,"Female",27,"Age-standardized",1982,"Rate",0.00186739167713635,0.000497494161037601,0.00481242700978242
1,"Deaths",1792,"Middlesex County",25017,513,"Coal workers pneumoconiosis",2,"Female",27,"Age-standardized",1983,"Rate",0.00199056855133452,0.000511077037629725,0.00512538607399966
1,"Deaths",1792,"Middlesex County",25017,513,"Coal workers pneumoconiosis",2,"Female",27,"Age-standardized",1984,"Rate",0.00220026042510137,0.000576260113693095,0.00566009455572382
1,"Deaths",1792,"Middlesex County",25017,513,"Coal workers pneumoconiosis",2,"Female",27,"Age-standardized",1985,"Rate",0.00229771150550672,0.000573115255732113,0.00616883716205639
1,"Deaths",1792,"Middlesex County",25017,513,"Coal workers pneumoconiosis",2,"Female",27,"Age-standardized",1986,"Rate",0.00224366770807935,0.000578314949530833,0.00597149523400737
1,"Deaths",1792,"Middlesex County",25017,513,"Coal workers pneumoconiosis",2,"Female",27,"Age-standardized",1987,"Rate",0.00193986533489683,0.000509549575438628,0.0052731007298102
1,"Deaths",1792,"Middlesex County",25017,513,"Coal workers pneumoconiosis",2,"Female",27,"Age-standardized",1988,"Rate",0.00167526324554172,0.000441032228792306,0.00453589716463659
1,"Deaths",1792,"Middlesex County",25017,513,"Coal workers pneumoconiosis",2,"Female",27,"Age-standardized",1989,"Rate",0.00130618281187987,0.000321415406496135,0.00353367730411665
1,"Deaths",1792,"Middlesex County",25017,513,"Coal workers pneumoconiosis",2,"Female",27,"Age-standardized",1990,"Rate",0.00111807214143706,0.000287246507736642,0.00307458010567596
1,"Deaths",1792,"Middlesex County",25017,513,"Coal workers pneumoconiosis",2,"Female",27,"Age-standardized",1991,"Rate",0.000795429731621981,0.000206329199132944,0.00218047887047439
1,"Deaths",1792,"Middlesex County",25017,513,"Coal workers pneumoconiosis",2,"Female",27,"Age-standardized",1992,"Rate",0.000579493761904245,0.000141849148270069,0.0015587722812199
1,"Deaths",1792,"Middlesex County",25017,513,"Coal workers pneumoconiosis",2,"Female",27,"Age-standardized",1993,"Rate",0.000866331860700167,0.000212883265573476,0.0023888128550097
1,"Deaths",1792,"Middlesex County",25017,513,"Coal workers pneumoconiosis",2,"Female",27,"Age-standardized",1994,"Rate",0.000724049961952386,0.000179226604972361,0.00202854554153799
1,"Deaths",1792,"Middlesex County",25017,513,"Coal workers pneumoconiosis",2,"Female",27,"Age-standardized",1995,"Rate",0.000822473891612532,0.000198281743735967,0.00227683838689577
1,"Deaths",1792,"Middlesex County",25017,513,"Coal workers pneumoconiosis",2,"Female",27,"Age-standardized",1996,"Rate",0.000873498016060018,0.000215041495935659,0.00247040406070068
1,"Deaths",1792,"Middlesex County",25017,513,"Coal workers pneumoconiosis",2,"Female",27,"Age-standardized",1997,"Rate",0.000924902845865659,0.000224166033467896,0.00262159572475032
1,"Deaths",1792,"Middlesex County",25017,513,"Coal workers pneumoconiosis",2,"Female",27,"Age-standardized",1998,"Rate",0.00109534086298921,0.000260505946492235,0.00322969158847191
1,"Deaths",1792,"Middlesex County",25017,513,"Coal workers pneumoconiosis",2,"Female",27,"Age-standardized",1999,"Rate",0.00102948253755981,0.00024055525682544,0.00300711012447093
1,"Deaths",1792,"Middlesex County",25017,513,"Coal workers pneumoconiosis",2,"Female",27,"Age-standardized",2000,"Rate",0.00114145522848725,0.000268991114527193,0.0033496504631895
1,"Deaths",1792,"Middlesex County",25017,513,"Coal workers pneumoconiosis",2,"Female",27,"Age-standardized",2001,"Rate",0.00103427157195837,0.000240364411439024,0.00312509569746688
1,"Deaths",1792,"Middlesex County",25017,513,"Coal workers pneumoconiosis",2,"Female",27,"Age-standardized",2002,"Rate",0.000975340485888731,0.000220797294531661,0.00300016637384953
1,"Deaths",1792,"Middlesex County",25017,513,"Coal workers pneumoconiosis",2,"Female",27,"Age-standardized",2003,"Rate",0.000963988245317838,0.000220923716634546,0.0028820706634327
1,"Deaths",1792,"Middlesex County",25017,513,"Coal workers pneumoconiosis",2,"Female",27,"Age-standardized",2004,"Rate",0.000976170562194823,0.00021630268997975,0.00292725817815451
1,"Deaths",1792,"Middlesex County",25017,513,"Coal workers pneumoconiosis",2,"Female",27,"Age-standardized",2005,"Rate",0.000882715528322906,0.00019828193264095,0.00265082832369166
1,"Deaths",1792,"Middlesex County",25017,513,"Coal workers pneumoconiosis",2,"Female",27,"Age-standardized",2006,"Rate",0.000887180609349103,0.00018491896029162,0.00263497578400214
1,"Deaths",1792,"Middlesex County",25017,513,"Coal workers pneumoconiosis",2,"Female",27,"Age-standardized",2007,"Rate",0.000724944954029359,0.000152969805936264,0.00222592201977708
1,"Deaths",1792,"Middlesex County",25017,513,"Coal workers pneumoconiosis",2,"Female",27,"Age-standardized",2008,"Rate",0.000853248664320456,0.000167774008632199,0.00258201119421128
1,"Deaths",1792,"Middlesex County",25017,513,"Coal workers pneumoconiosis",2,"Female",27,"Age-standardized",2009,"Rate",0.000824320322742778,0.000162588450462757,0.00256493713930472
1,"Deaths",1792,"Middlesex County",25017,513,"Coal workers pneumoconiosis",2,"Female",27,"Age-standardized",2010,"Rate",0.000804245781477103,0.000150706631119557,0.00257483779690293
1,"Deaths",1792,"Middlesex County",25017,513,"Coal workers pneumoconiosis",2,"Female",27,"Age-standardized",2011,"Rate",0.000806959681817506,0.000150930340883237,0.00247453091197317
1,"Deaths",1792,"Middlesex County",25017,513,"Coal workers pneumoconiosis",2,"Female",27,"Age-standardized",2012,"Rate",0.000747134406337967,0.000135947606691747,0.00254479781734985
1,"Deaths",1792,"Middlesex County",25017,513,"Coal workers pneumoconiosis",2,"Female",27,"Age-standardized",2013,"Rate",0.000808263364734371,0.000137488056765338,0.00281969082382499
1,"Deaths",1792,"Middlesex County",25017,513,"Coal workers pneumoconiosis",2,"Female",27,"Age-standardized",2014,"Rate",0.00081628771956413,0.000134705200371374,0.00277071677866682
1,"Deaths",1792,"Middlesex County",25017,513,"Coal workers pneumoconiosis",3,"Both",27,"Age-standardized",1980,"Rate",0.00699517151950171,0.0020297165783256,0.0185776835311065
1,"Deaths",1792,"Middlesex County",25017,513,"Coal workers pneumoconiosis",3,"Both",27,"Age-standardized",1981,"Rate",0.0063900872580008,0.00179158886712925,0.0166534566799722
1,"Deaths",1792,"Middlesex County",25017,513,"Coal workers pneumoconiosis",3,"Both",27,"Age-standardized",1982,"Rate",0.00650039485209616,0.00179321248933858,0.0176457125967661
1,"Deaths",1792,"Middlesex County",25017,513,"Coal workers pneumoconiosis",3,"Both",27,"Age-standardized",1983,"Rate",0.00703426580237288,0.00199191043814744,0.0172595121992439
1,"Deaths",1792,"Middlesex County",25017,513,"Coal workers pneumoconiosis",3,"Both",27,"Age-standardized",1984,"Rate",0.00606493766772956,0.00182022754288095,0.0152070314641167
1,"Deaths",1792,"Middlesex County",25017,513,"Coal workers pneumoconiosis",3,"Both",27,"Age-standardized",1985,"Rate",0.00624143078537876,0.00187793163647805,0.0148597488173635
1,"Deaths",1792,"Middlesex County",25017,513,"Coal workers pneumoconiosis",3,"Both",27,"Age-standardized",1986,"Rate",0.00604510873432271,0.00196920766806563,0.0141860181606544
1,"Deaths",1792,"Middlesex County",25017,513,"Coal workers pneumoconiosis",3,"Both",27,"Age-standardized",1987,"Rate",0.00562137053301701,0.00174049960274472,0.0128325358355885
1,"Deaths",1792,"Middlesex County",25017,513,"Coal workers pneumoconiosis",3,"Both",27,"Age-standardized",1988,"Rate",0.0047579749688973,0.0014794830739234,0.0124341018952024
1,"Deaths",1792,"Middlesex County",25017,513,"Coal workers pneumoconiosis",3,"Both",27,"Age-standardized",1989,"Rate",0.00474929314656205,0.00141578744056416,0.0126471558501049
1,"Deaths",1792,"Middlesex County",25017,513,"Coal workers pneumoconiosis",3,"Both",27,"Age-standardized",1990,"Rate",0.00382622828706573,0.00111783694358421,0.0101490753423338
1,"Deaths",1792,"Middlesex County",25017,513,"Coal workers pneumoconiosis",3,"Both",27,"Age-standardized",1991,"Rate",0.00365621422435905,0.00106205036430987,0.00980904397424796
1,"Deaths",1792,"Middlesex County",25017,513,"Coal workers pneumoconiosis",3,"Both",27,"Age-standardized",1992,"Rate",0.00381975062119847,0.000991156565244505,0.01103387971721
1,"Deaths",1792,"Middlesex County",25017,513,"Coal workers pneumoconiosis",3,"Both",27,"Age-standardized",1993,"Rate",0.00359088545851058,0.000982099053336288,0.00966283986465642
1,"Deaths",1792,"Middlesex County",25017,513,"Coal workers pneumoconiosis",3,"Both",27,"Age-standardized",1994,"Rate",0.00339573385864691,0.000914134998290895,0.00908504996752198
1,"Deaths",1792,"Middlesex County",25017,513,"Coal workers pneumoconiosis",3,"Both",27,"Age-standardized",1995,"Rate",0.00330563871775487,0.000879838225339294,0.00977245460524573
1,"Deaths",1792,"Middlesex County",25017,513,"Coal workers pneumoconiosis",3,"Both",27,"Age-standardized",1996,"Rate",0.00319466703826276,0.000828278183135287,0.00889927696125009
1,"Deaths",1792,"Middlesex County",25017,513,"Coal workers pneumoconiosis",3,"Both",27,"Age-standardized",1997,"Rate",0.00313969709841711,0.000860402927521086,0.00906077993974159
1,"Deaths",1792,"Middlesex County",25017,513,"Coal workers pneumoconiosis",3,"Both",27,"Age-standardized",1998,"Rate",0.00319062582145219,0.000887340366367993,0.00947833301493
1,"Deaths",1792,"Middlesex County",25017,513,"Coal workers pneumoconiosis",3,"Both",27,"Age-standardized",1999,"Rate",0.00294199041241551,0.000818098529104065,0.00834348844440767
1,"Deaths",1792,"Middlesex County",25017,513,"Coal workers pneumoconiosis",3,"Both",27,"Age-standardized",2000,"Rate",0.00272413751431988,0.000726692076151112,0.00767292687967641
1,"Deaths",1792,"Middlesex County",25017,513,"Coal workers pneumoconiosis",3,"Both",27,"Age-standardized",2001,"Rate",0.00240409652737348,0.00064122155016929,0.00643188442201778
1,"Deaths",1792,"Middlesex County",25017,513,"Coal workers pneumoconiosis",3,"Both",27,"Age-standardized",2002,"Rate",0.00225370234570091,0.00059417977746958,0.00650230360493706
1,"Deaths",1792,"Middlesex County",25017,513,"Coal workers pneumoconiosis",3,"Both",27,"Age-standardized",2003,"Rate",0.00233755854856425,0.000582797662275867,0.00748913337565192
1,"Deaths",1792,"Middlesex County",25017,513,"Coal workers pneumoconiosis",3,"Both",27,"Age-standardized",2004,"Rate",0.0021087334068109,0.000566376883188052,0.00599322727710237
1,"Deaths",1792,"Middlesex County",25017,513,"Coal workers pneumoconiosis",3,"Both",27,"Age-standardized",2005,"Rate",0.00202331227629778,0.000468474138127559,0.00612468673832579
1,"Deaths",1792,"Middlesex County",25017,513,"Coal workers pneumoconiosis",3,"Both",27,"Age-standardized",2006,"Rate",0.00186938360012104,0.000469091514305748,0.00546589584085991
1,"Deaths",1792,"Middlesex County",25017,513,"Coal workers pneumoconiosis",3,"Both",27,"Age-standardized",2007,"Rate",0.00174554810481934,0.000407491823630256,0.00537968463926009
1,"Deaths",1792,"Middlesex County",25017,513,"Coal workers pneumoconiosis",3,"Both",27,"Age-standardized",2008,"Rate",0.00175763838631264,0.000430874752915626,0.00504905415618152
1,"Deaths",1792,"Middlesex County",25017,513,"Coal workers pneumoconiosis",3,"Both",27,"Age-standardized",2009,"Rate",0.00163737100867622,0.00039520856809613,0.00490064267327432
1,"Deaths",1792,"Middlesex County",25017,513,"Coal workers pneumoconiosis",3,"Both",27,"Age-standardized",2010,"Rate",0.00167102966018469,0.000377354151088206,0.00519242399933075
1,"Deaths",1792,"Middlesex County",25017,513,"Coal workers pneumoconiosis",3,"Both",27,"Age-standardized",2011,"Rate",0.0016222525348439,0.000361074965625697,0.00493045095748056
1,"Deaths",1792,"Middlesex County",25017,513,"Coal workers pneumoconiosis",3,"Both",27,"Age-standardized",2012,"Rate",0.0015504269466948,0.000327692995268987,0.00499694994856438
1,"Deaths",1792,"Middlesex County",25017,513,"Coal workers pneumoconiosis",3,"Both",27,"Age-standardized",2013,"Rate",0.00160815726179849,0.000349014775824142,0.00508650636620721
1,"Deaths",1792,"Middlesex County",25017,513,"Coal workers pneumoconiosis",3,"Both",27,"Age-standardized",2014,"Rate",0.00170089395456849,0.000340553329724457,0.00586552999110642
1,"Deaths",1802,"Nantucket County",25019,513,"Coal workers pneumoconiosis",1,"Male",27,"Age-standardized",1980,"Rate",0.0715445385052954,2.8696662959975e-05,0.565948637975672
1,"Deaths",1802,"Nantucket County",25019,513,"Coal workers pneumoconiosis",1,"Male",27,"Age-standardized",1981,"Rate",0.0680378332640331,3.22388131989535e-05,0.684650830212446
1,"Deaths",1802,"Nantucket County",25019,513,"Coal workers pneumoconiosis",1,"Male",27,"Age-standardized",1982,"Rate",0.068341105432309,3.57668591262562e-05,0.651549540178027
1,"Deaths",1802,"Nantucket County",25019,513,"Coal workers pneumoconiosis",1,"Male",27,"Age-standardized",1983,"Rate",0.0722384499453508,3.32072029193016e-05,0.647471905971069
1,"Deaths",1802,"Nantucket County",25019,513,"Coal workers pneumoconiosis",1,"Male",27,"Age-standardized",1984,"Rate",0.0642040243300846,3.2686008486294e-05,0.579745385715325
1,"Deaths",1802,"Nantucket County",25019,513,"Coal workers pneumoconiosis",1,"Male",27,"Age-standardized",1985,"Rate",0.0676333639459431,2.80923382682722e-05,0.60538138587564
1,"Deaths",1802,"Nantucket County",25019,513,"Coal workers pneumoconiosis",1,"Male",27,"Age-standardized",1986,"Rate",0.0682343937327344,3.01344263395101e-05,0.5711387797427
1,"Deaths",1802,"Nantucket County",25019,513,"Coal workers pneumoconiosis",1,"Male",27,"Age-standardized",1987,"Rate",0.0667832789835661,2.50990544283314e-05,0.487582115011319
1,"Deaths",1802,"Nantucket County",25019,513,"Coal workers pneumoconiosis",1,"Male",27,"Age-standardized",1988,"Rate",0.0638239561648996,2.63261851892179e-05,0.564307690325289
1,"Deaths",1802,"Nantucket County",25019,513,"Coal workers pneumoconiosis",1,"Male",27,"Age-standardized",1989,"Rate",0.0670191593852474,2.89397939107957e-05,0.55538834847708
1,"Deaths",1802,"Nantucket County",25019,513,"Coal workers pneumoconiosis",1,"Male",27,"Age-standardized",1990,"Rate",0.0574656588547252,2.33336696438046e-05,0.510139678453375
1,"Deaths",1802,"Nantucket County",25019,513,"Coal workers pneumoconiosis",1,"Male",27,"Age-standardized",1991,"Rate",0.0623456706289289,2.51140336064457e-05,0.501483444104165
1,"Deaths",1802,"Nantucket County",25019,513,"Coal workers pneumoconiosis",1,"Male",27,"Age-standardized",1992,"Rate",0.0653037350500772,2.47991903489784e-05,0.572990763891864
1,"Deaths",1802,"Nantucket County",25019,513,"Coal workers pneumoconiosis",1,"Male",27,"Age-standardized",1993,"Rate",0.0638820005619239,2.49985374126956e-05,0.528820665947125
1,"Deaths",1802,"Nantucket County",25019,513,"Coal workers pneumoconiosis",1,"Male",27,"Age-standardized",1994,"Rate",0.0623707066477831,2.51966091903622e-05,0.544938142588926
1,"Deaths",1802,"Nantucket County",25019,513,"Coal workers pneumoconiosis",1,"Male",27,"Age-standardized",1995,"Rate",0.0604208028326616,2.48207232501186e-05,0.53782479652653
1,"Deaths",1802,"Nantucket County",25019,513,"Coal workers pneumoconiosis",1,"Male",27,"Age-standardized",1996,"Rate",0.0613018167942834,2.16423644068789e-05,0.521154896146268
1,"Deaths",1802,"Nantucket County",25019,513,"Coal workers pneumoconiosis",1,"Male",27,"Age-standardized",1997,"Rate",0.0603074565555311,2.00846197791943e-05,0.581914413402523
1,"Deaths",1802,"Nantucket County",25019,513,"Coal workers pneumoconiosis",1,"Male",27,"Age-standardized",1998,"Rate",0.0577142052019712,1.69320716504975e-05,0.513281821011852
1,"Deaths",1802,"Nantucket County",25019,513,"Coal workers pneumoconiosis",1,"Male",27,"Age-standardized",1999,"Rate",0.058993074985505,1.54478986309864e-05,0.456293672740891
1,"Deaths",1802,"Nantucket County",25019,513,"Coal workers pneumoconiosis",1,"Male",27,"Age-standardized",2000,"Rate",0.050026892516108,1.19842625712342e-05,0.401177974107052
1,"Deaths",1802,"Nantucket County",25019,513,"Coal workers pneumoconiosis",1,"Male",27,"Age-standardized",2001,"Rate",0.0499046893471569,9.91043451911733e-06,0.388853151783691
1,"Deaths",1802,"Nantucket County",25019,513,"Coal workers pneumoconiosis",1,"Male",27,"Age-standardized",2002,"Rate",0.0527444596554777,9.99553614172451e-06,0.390134120403415
1,"Deaths",1802,"Nantucket County",25019,513,"Coal workers pneumoconiosis",1,"Male",27,"Age-standardized",2003,"Rate",0.0558895124690888,8.9845249049408e-06,0.460029930621014
1,"Deaths",1802,"Nantucket County",25019,513,"Coal workers pneumoconiosis",1,"Male",27,"Age-standardized",2004,"Rate",0.0480200990901959,7.10550374022211e-06,0.431058933796923
1,"Deaths",1802,"Nantucket County",25019,513,"Coal workers pneumoconiosis",1,"Male",27,"Age-standardized",2005,"Rate",0.0455070237074944,5.57395533803191e-06,0.353056939282307
1,"Deaths",1802,"Nantucket County",25019,513,"Coal workers pneumoconiosis",1,"Male",27,"Age-standardized",2006,"Rate",0.0398986456439715,5.19620541320137e-06,0.334181923652235
1,"Deaths",1802,"Nantucket County",25019,513,"Coal workers pneumoconiosis",1,"Male",27,"Age-standardized",2007,"Rate",0.0414122744872024,4.4996740664328e-06,0.319338821961299
1,"Deaths",1802,"Nantucket County",25019,513,"Coal workers pneumoconiosis",1,"Male",27,"Age-standardized",2008,"Rate",0.0431757216360878,3.72828410789105e-06,0.312992097587979
1,"Deaths",1802,"Nantucket County",25019,513,"Coal workers pneumoconiosis",1,"Male",27,"Age-standardized",2009,"Rate",0.0457900242005502,3.70667921528039e-06,0.359163025352944
1,"Deaths",1802,"Nantucket County",25019,513,"Coal workers pneumoconiosis",1,"Male",27,"Age-standardized",2010,"Rate",0.0476610891072574,3.6852846885245e-06,0.345650997049058
1,"Deaths",1802,"Nantucket County",25019,513,"Coal workers pneumoconiosis",1,"Male",27,"Age-standardized",2011,"Rate",0.0452682043484878,2.97431107568316e-06,0.388094604497423
1,"Deaths",1802,"Nantucket County",25019,513,"Coal workers pneumoconiosis",1,"Male",27,"Age-standardized",2012,"Rate",0.0454694206765151,2.64964858519224e-06,0.356676511134485
1,"Deaths",1802,"Nantucket County",25019,513,"Coal workers pneumoconiosis",1,"Male",27,"Age-standardized",2013,"Rate",0.0490600785016044,2.36362191049613e-06,0.424177651888228
1,"Deaths",1802,"Nantucket County",25019,513,"Coal workers pneumoconiosis",1,"Male",27,"Age-standardized",2014,"Rate",0.053394654275778,1.91781771136092e-06,0.383048179321999
1,"Deaths",1802,"Nantucket County",25019,513,"Coal workers pneumoconiosis",2,"Female",27,"Age-standardized",1980,"Rate",0.00314043224003067,0.000136803689779564,0.0156890628563212
1,"Deaths",1802,"Nantucket County",25019,513,"Coal workers pneumoconiosis",2,"Female",27,"Age-standardized",1981,"Rate",0.00302385168192642,0.000124131127415034,0.0156196631840441
1,"Deaths",1802,"Nantucket County",25019,513,"Coal workers pneumoconiosis",2,"Female",27,"Age-standardized",1982,"Rate",0.00310672830198672,0.000117960067680494,0.0161968250485165
1,"Deaths",1802,"Nantucket County",25019,513,"Coal workers pneumoconiosis",2,"Female",27,"Age-standardized",1983,"Rate",0.00332910108342367,0.000125002224683192,0.017585239576969
1,"Deaths",1802,"Nantucket County",25019,513,"Coal workers pneumoconiosis",2,"Female",27,"Age-standardized",1984,"Rate",0.00362159028879497,0.000129081583972231,0.0194926474386018
1,"Deaths",1802,"Nantucket County",25019,513,"Coal workers pneumoconiosis",2,"Female",27,"Age-standardized",1985,"Rate",0.00378053103691075,0.000140636054661136,0.0201798386900927
1,"Deaths",1802,"Nantucket County",25019,513,"Coal workers pneumoconiosis",2,"Female",27,"Age-standardized",1986,"Rate",0.00370243026802107,0.000133915694803309,0.0203516564234397
1,"Deaths",1802,"Nantucket County",25019,513,"Coal workers pneumoconiosis",2,"Female",27,"Age-standardized",1987,"Rate",0.00313676805789869,0.000114979287695725,0.0166580036092875
1,"Deaths",1802,"Nantucket County",25019,513,"Coal workers pneumoconiosis",2,"Female",27,"Age-standardized",1988,"Rate",0.00268666370991653,9.73444320140695e-05,0.0147715999433324
1,"Deaths",1802,"Nantucket County",25019,513,"Coal workers pneumoconiosis",2,"Female",27,"Age-standardized",1989,"Rate",0.00209330238872039,7.42590253122928e-05,0.011190562899363
1,"Deaths",1802,"Nantucket County",25019,513,"Coal workers pneumoconiosis",2,"Female",27,"Age-standardized",1990,"Rate",0.0017759770777859,6.65627593885005e-05,0.00910595029344141
1,"Deaths",1802,"Nantucket County",25019,513,"Coal workers pneumoconiosis",2,"Female",27,"Age-standardized",1991,"Rate",0.00127995704697955,4.89366989395661e-05,0.00664503165630786
1,"Deaths",1802,"Nantucket County",25019,513,"Coal workers pneumoconiosis",2,"Female",27,"Age-standardized",1992,"Rate",0.000956039077430262,3.30942648429402e-05,0.00508387030838792
1,"Deaths",1802,"Nantucket County",25019,513,"Coal workers pneumoconiosis",2,"Female",27,"Age-standardized",1993,"Rate",0.00141691244221667,4.66808105487975e-05,0.00733343849656429
1,"Deaths",1802,"Nantucket County",25019,513,"Coal workers pneumoconiosis",2,"Female",27,"Age-standardized",1994,"Rate",0.00120880535431124,4.07443677990849e-05,0.0064129203097494
1,"Deaths",1802,"Nantucket County",25019,513,"Coal workers pneumoconiosis",2,"Female",27,"Age-standardized",1995,"Rate",0.00136562162011013,4.16130687299872e-05,0.00741968355510429
1,"Deaths",1802,"Nantucket County",25019,513,"Coal workers pneumoconiosis",2,"Female",27,"Age-standardized",1996,"Rate",0.00152922787288971,4.49010414091825e-05,0.00830261405394481
1,"Deaths",1802,"Nantucket County",25019,513,"Coal workers pneumoconiosis",2,"Female",27,"Age-standardized",1997,"Rate",0.00162456480664192,4.78579646048378e-05,0.00873936040296959
1,"Deaths",1802,"Nantucket County",25019,513,"Coal workers pneumoconiosis",2,"Female",27,"Age-standardized",1998,"Rate",0.00190507663162997,5.36371291237158e-05,0.0109973396318961
1,"Deaths",1802,"Nantucket County",25019,513,"Coal workers pneumoconiosis",2,"Female",27,"Age-standardized",1999,"Rate",0.00181677763965732,4.60038211543453e-05,0.0100517635884728
1,"Deaths",1802,"Nantucket County",25019,513,"Coal workers pneumoconiosis",2,"Female",27,"Age-standardized",2000,"Rate",0.0019810141053008,5.03633202998387e-05,0.011609175003066
1,"Deaths",1802,"Nantucket County",25019,513,"Coal workers pneumoconiosis",2,"Female",27,"Age-standardized",2001,"Rate",0.0018108734508327,4.5724707475491e-05,0.0104553263374779
1,"Deaths",1802,"Nantucket County",25019,513,"Coal workers pneumoconiosis",2,"Female",27,"Age-standardized",2002,"Rate",0.00166819347758091,4.75268541097499e-05,0.00957959973538964
1,"Deaths",1802,"Nantucket County",25019,513,"Coal workers pneumoconiosis",2,"Female",27,"Age-standardized",2003,"Rate",0.00172142795086745,4.48129008053333e-05,0.0103200639709444
1,"Deaths",1802,"Nantucket County",25019,513,"Coal workers pneumoconiosis",2,"Female",27,"Age-standardized",2004,"Rate",0.00169046289153719,4.05796331447821e-05,0.010034693621892
1,"Deaths",1802,"Nantucket County",25019,513,"Coal workers pneumoconiosis",2,"Female",27,"Age-standardized",2005,"Rate",0.00152687479556331,3.55334307046922e-05,0.00962923437064857
1,"Deaths",1802,"Nantucket County",25019,513,"Coal workers pneumoconiosis",2,"Female",27,"Age-standardized",2006,"Rate",0.0015760235018841,3.71005765003929e-05,0.00987531247073557
1,"Deaths",1802,"Nantucket County",25019,513,"Coal workers pneumoconiosis",2,"Female",27,"Age-standardized",2007,"Rate",0.00125701233234317,2.86598303389571e-05,0.00804808492917821
1,"Deaths",1802,"Nantucket County",25019,513,"Coal workers pneumoconiosis",2,"Female",27,"Age-standardized",2008,"Rate",0.00148587806029919,2.97528995186493e-05,0.00973625308988472
1,"Deaths",1802,"Nantucket County",25019,513,"Coal workers pneumoconiosis",2,"Female",27,"Age-standardized",2009,"Rate",0.00153067434265438,2.83304991857381e-05,0.0102456944734962
1,"Deaths",1802,"Nantucket County",25019,513,"Coal workers pneumoconiosis",2,"Female",27,"Age-standardized",2010,"Rate",0.0014862553193444,2.64624773518563e-05,0.00926679592177888
1,"Deaths",1802,"Nantucket County",25019,513,"Coal workers pneumoconiosis",2,"Female",27,"Age-standardized",2011,"Rate",0.00152775928531761,2.34538218130982e-05,0.0103928768611374
1,"Deaths",1802,"Nantucket County",25019,513,"Coal workers pneumoconiosis",2,"Female",27,"Age-standardized",2012,"Rate",0.00146520913443758,2.1923002993097e-05,0.00967812692698863
1,"Deaths",1802,"Nantucket County",25019,513,"Coal workers pneumoconiosis",2,"Female",27,"Age-standardized",2013,"Rate",0.00160287926150003,2.00870257982611e-05,0.0111891704537419
1,"Deaths",1802,"Nantucket County",25019,513,"Coal workers pneumoconiosis",2,"Female",27,"Age-standardized",2014,"Rate",0.00148922181783391,1.84801136352964e-05,0.0105133098555883
1,"Deaths",1802,"Nantucket County",25019,513,"Coal workers pneumoconiosis",3,"Both",27,"Age-standardized",1980,"Rate",0.0273833465307691,0.0002347280042287,0.200579994676517
1,"Deaths",1802,"Nantucket County",25019,513,"Coal workers pneumoconiosis",3,"Both",27,"Age-standardized",1981,"Rate",0.0263351594855505,0.000221886145510462,0.233220707947614
1,"Deaths",1802,"Nantucket County",25019,513,"Coal workers pneumoconiosis",3,"Both",27,"Age-standardized",1982,"Rate",0.0264846588943375,0.00022803940485779,0.236271254845117
1,"Deaths",1802,"Nantucket County",25019,513,"Coal workers pneumoconiosis",3,"Both",27,"Age-standardized",1983,"Rate",0.0278871505456555,0.000261478333989689,0.236023243047833
1,"Deaths",1802,"Nantucket County",25019,513,"Coal workers pneumoconiosis",3,"Both",27,"Age-standardized",1984,"Rate",0.0256156908357989,0.000248249233188447,0.213169972704929
1,"Deaths",1802,"Nantucket County",25019,513,"Coal workers pneumoconiosis",3,"Both",27,"Age-standardized",1985,"Rate",0.0266034655131707,0.000262682387330635,0.215897008410296
1,"Deaths",1802,"Nantucket County",25019,513,"Coal workers pneumoconiosis",3,"Both",27,"Age-standardized",1986,"Rate",0.0266831092859431,0.000239305723377211,0.206821769721449
1,"Deaths",1802,"Nantucket County",25019,513,"Coal workers pneumoconiosis",3,"Both",27,"Age-standardized",1987,"Rate",0.0259496899173131,0.000210763355627065,0.173712510164785
1,"Deaths",1802,"Nantucket County",25019,513,"Coal workers pneumoconiosis",3,"Both",27,"Age-standardized",1988,"Rate",0.0248081089906309,0.000189837306114506,0.206496188902665
1,"Deaths",1802,"Nantucket County",25019,513,"Coal workers pneumoconiosis",3,"Both",27,"Age-standardized",1989,"Rate",0.0256229386614533,0.000162841828945197,0.20714034711948
1,"Deaths",1802,"Nantucket County",25019,513,"Coal workers pneumoconiosis",3,"Both",27,"Age-standardized",1990,"Rate",0.0217172087293129,0.000134249910425881,0.185776683080664
1,"Deaths",1802,"Nantucket County",25019,513,"Coal workers pneumoconiosis",3,"Both",27,"Age-standardized",1991,"Rate",0.023084273634676,0.000111132526124597,0.17637828951225
1,"Deaths",1802,"Nantucket County",25019,513,"Coal workers pneumoconiosis",3,"Both",27,"Age-standardized",1992,"Rate",0.0239502112993721,8.69610182543054e-05,0.204814617226761
1,"Deaths",1802,"Nantucket County",25019,513,"Coal workers pneumoconiosis",3,"Both",27,"Age-standardized",1993,"Rate",0.023608288030578,0.000113553190325013,0.187088729585064
1,"Deaths",1802,"Nantucket County",25019,513,"Coal workers pneumoconiosis",3,"Both",27,"Age-standardized",1994,"Rate",0.0229818242183317,9.62308233857935e-05,0.189912754493425
1,"Deaths",1802,"Nantucket County",25019,513,"Coal workers pneumoconiosis",3,"Both",27,"Age-standardized",1995,"Rate",0.0226405018633809,0.000104667092510249,0.192132479239892
1,"Deaths",1802,"Nantucket County",25019,513,"Coal workers pneumoconiosis",3,"Both",27,"Age-standardized",1996,"Rate",0.0230541361910174,0.000107896895006112,0.192766489576326
1,"Deaths",1802,"Nantucket County",25019,513,"Coal workers pneumoconiosis",3,"Both",27,"Age-standardized",1997,"Rate",0.022940629893225,0.000106659729200722,0.204444350483055
1,"Deaths",1802,"Nantucket County",25019,513,"Coal workers pneumoconiosis",3,"Both",27,"Age-standardized",1998,"Rate",0.0221335359778468,0.000105082753540246,0.181924361811738
1,"Deaths",1802,"Nantucket County",25019,513,"Coal workers pneumoconiosis",3,"Both",27,"Age-standardized",1999,"Rate",0.0226210090858628,0.000105860935907577,0.16556489254718
1,"Deaths",1802,"Nantucket County",25019,513,"Coal workers pneumoconiosis",3,"Both",27,"Age-standardized",2000,"Rate",0.0195972734331016,9.87001409424908e-05,0.149260763722877
1,"Deaths",1802,"Nantucket County",25019,513,"Coal workers pneumoconiosis",3,"Both",27,"Age-standardized",2001,"Rate",0.0194190359304211,8.89433587828707e-05,0.140751003003024
1,"Deaths",1802,"Nantucket County",25019,513,"Coal workers pneumoconiosis",3,"Both",27,"Age-standardized",2002,"Rate",0.0205400103545443,8.5081701566e-05,0.149475763419074
1,"Deaths",1802,"Nantucket County",25019,513,"Coal workers pneumoconiosis",3,"Both",27,"Age-standardized",2003,"Rate",0.0226276959921348,8.41463177654122e-05,0.181945005630546
1,"Deaths",1802,"Nantucket County",25019,513,"Coal workers pneumoconiosis",3,"Both",27,"Age-standardized",2004,"Rate",0.0187946176261131,7.40018972866977e-05,0.150333807329447
1,"Deaths",1802,"Nantucket County",25019,513,"Coal workers pneumoconiosis",3,"Both",27,"Age-standardized",2005,"Rate",0.0179479886480992,6.28788889426559e-05,0.125779618713283
1,"Deaths",1802,"Nantucket County",25019,513,"Coal workers pneumoconiosis",3,"Both",27,"Age-standardized",2006,"Rate",0.015881086747857,5.97906900271418e-05,0.122190347085743
1,"Deaths",1802,"Nantucket County",25019,513,"Coal workers pneumoconiosis",3,"Both",27,"Age-standardized",2007,"Rate",0.0165027884821163,5.16016211967704e-05,0.11631873964822
1,"Deaths",1802,"Nantucket County",25019,513,"Coal workers pneumoconiosis",3,"Both",27,"Age-standardized",2008,"Rate",0.0178844461027859,5.23488117645572e-05,0.12098871223678
1,"Deaths",1802,"Nantucket County",25019,513,"Coal workers pneumoconiosis",3,"Both",27,"Age-standardized",2009,"Rate",0.0185988989620061,5.43903732943149e-05,0.142225990342119
1,"Deaths",1802,"Nantucket County",25019,513,"Coal workers pneumoconiosis",3,"Both",27,"Age-standardized",2010,"Rate",0.019880976759689,4.80188413937091e-05,0.142436807763187
1,"Deaths",1802,"Nantucket County",25019,513,"Coal workers pneumoconiosis",3,"Both",27,"Age-standardized",2011,"Rate",0.0187371942037464,4.48413923251968e-05,0.150067316114282
1,"Deaths",1802,"Nantucket County",25019,513,"Coal workers pneumoconiosis",3,"Both",27,"Age-standardized",2012,"Rate",0.019193922727804,3.9896535560754e-05,0.141179395945575
1,"Deaths",1802,"Nantucket County",25019,513,"Coal workers pneumoconiosis",3,"Both",27,"Age-standardized",2013,"Rate",0.02060104470782,4.050858624394e-05,0.165938708590521
1,"Deaths",1802,"Nantucket County",25019,513,"Coal workers pneumoconiosis",3,"Both",27,"Age-standardized",2014,"Rate",0.02208535059631,3.50751297020347e-05,0.150851085917885
1,"Deaths",1798,"Norfolk County",25021,513,"Coal workers pneumoconiosis",1,"Male",27,"Age-standardized",1980,"Rate",0.0129099184429354,0.00200493574753152,0.0421395322771833
1,"Deaths",1798,"Norfolk County",25021,513,"Coal workers pneumoconiosis",1,"Male",27,"Age-standardized",1981,"Rate",0.0128161458529322,0.00184573156108282,0.0453673200761147
1,"Deaths",1798,"Norfolk County",25021,513,"Coal workers pneumoconiosis",1,"Male",27,"Age-standardized",1982,"Rate",0.0136412960358315,0.00201428109070078,0.0452659662732856
1,"Deaths",1798,"Norfolk County",25021,513,"Coal workers pneumoconiosis",1,"Male",27,"Age-standardized",1983,"Rate",0.0143882714307004,0.00223376763517819,0.0472494173663269
1,"Deaths",1798,"Norfolk County",25021,513,"Coal workers pneumoconiosis",1,"Male",27,"Age-standardized",1984,"Rate",0.01184611146449,0.00175538466671782,0.0394253778410026
1,"Deaths",1798,"Norfolk County",25021,513,"Coal workers pneumoconiosis",1,"Male",27,"Age-standardized",1985,"Rate",0.0125880717599622,0.00191743104039622,0.0407889142608236
1,"Deaths",1798,"Norfolk County",25021,513,"Coal workers pneumoconiosis",1,"Male",27,"Age-standardized",1986,"Rate",0.0128535476337761,0.00207479265315187,0.0445303905905419
1,"Deaths",1798,"Norfolk County",25021,513,"Coal workers pneumoconiosis",1,"Male",27,"Age-standardized",1987,"Rate",0.0112623403838467,0.00167302628415549,0.0374305693445273
1,"Deaths",1798,"Norfolk County",25021,513,"Coal workers pneumoconiosis",1,"Male",27,"Age-standardized",1988,"Rate",0.0109376253802012,0.00172936493086064,0.0355419847841323
1,"Deaths",1798,"Norfolk County",25021,513,"Coal workers pneumoconiosis",1,"Male",27,"Age-standardized",1989,"Rate",0.0104527201042614,0.00160082529677271,0.0357884038889846
1,"Deaths",1798,"Norfolk County",25021,513,"Coal workers pneumoconiosis",1,"Male",27,"Age-standardized",1990,"Rate",0.00889551376727696,0.00129105563982104,0.031308174913465
1,"Deaths",1798,"Norfolk County",25021,513,"Coal workers pneumoconiosis",1,"Male",27,"Age-standardized",1991,"Rate",0.0091284297386166,0.00141285655980807,0.0325713574284228
1,"Deaths",1798,"Norfolk County",25021,513,"Coal workers pneumoconiosis",1,"Male",27,"Age-standardized",1992,"Rate",0.00973737827968666,0.00142150175123322,0.0340759464662071
1,"Deaths",1798,"Norfolk County",25021,513,"Coal workers pneumoconiosis",1,"Male",27,"Age-standardized",1993,"Rate",0.00861292257152705,0.00120232812890438,0.0312401783334905
1,"Deaths",1798,"Norfolk County",25021,513,"Coal workers pneumoconiosis",1,"Male",27,"Age-standardized",1994,"Rate",0.00803282621695938,0.00111867530981677,0.0302372450815079
1,"Deaths",1798,"Norfolk County",25021,513,"Coal workers pneumoconiosis",1,"Male",27,"Age-standardized",1995,"Rate",0.007965511365173,0.00104626467001268,0.0317812197264477
1,"Deaths",1798,"Norfolk County",25021,513,"Coal workers pneumoconiosis",1,"Male",27,"Age-standardized",1996,"Rate",0.00742831710239307,0.00100303439124696,0.0281675842968072
1,"Deaths",1798,"Norfolk County",25021,513,"Coal workers pneumoconiosis",1,"Male",27,"Age-standardized",1997,"Rate",0.00759936640855456,0.00101045028987564,0.0300206289398692
1,"Deaths",1798,"Norfolk County",25021,513,"Coal workers pneumoconiosis",1,"Male",27,"Age-standardized",1998,"Rate",0.00668782576480679,0.000815794049980039,0.0274727983263568
1,"Deaths",1798,"Norfolk County",25021,513,"Coal workers pneumoconiosis",1,"Male",27,"Age-standardized",1999,"Rate",0.00643258822087562,0.000765829836519514,0.0268948690117866
1,"Deaths",1798,"Norfolk County",25021,513,"Coal workers pneumoconiosis",1,"Male",27,"Age-standardized",2000,"Rate",0.00545298017276917,0.00058919245447457,0.0207192191295234
1,"Deaths",1798,"Norfolk County",25021,513,"Coal workers pneumoconiosis",1,"Male",27,"Age-standardized",2001,"Rate",0.00515708300112436,0.000552636290527882,0.0217698644341829
1,"Deaths",1798,"Norfolk County",25021,513,"Coal workers pneumoconiosis",1,"Male",27,"Age-standardized",2002,"Rate",0.00490040836447582,0.000505775044935719,0.0196759493037387
1,"Deaths",1798,"Norfolk County",25021,513,"Coal workers pneumoconiosis",1,"Male",27,"Age-standardized",2003,"Rate",0.00489084424713364,0.000496112447924806,0.0213935504968538
1,"Deaths",1798,"Norfolk County",25021,513,"Coal workers pneumoconiosis",1,"Male",27,"Age-standardized",2004,"Rate",0.00391659532991737,0.000405799185292426,0.0151275743824432
1,"Deaths",1798,"Norfolk County",25021,513,"Coal workers pneumoconiosis",1,"Male",27,"Age-standardized",2005,"Rate",0.00397961547442324,0.000397417443282046,0.0170092759194744
1,"Deaths",1798,"Norfolk County",25021,513,"Coal workers pneumoconiosis",1,"Male",27,"Age-standardized",2006,"Rate",0.003546664429037,0.000324280285301894,0.0152311943863876
1,"Deaths",1798,"Norfolk County",25021,513,"Coal workers pneumoconiosis",1,"Male",27,"Age-standardized",2007,"Rate",0.00347169029654523,0.000307629722033488,0.015992911860708
1,"Deaths",1798,"Norfolk County",25021,513,"Coal workers pneumoconiosis",1,"Male",27,"Age-standardized",2008,"Rate",0.00320348931295099,0.00027728301338933,0.0149930648506678
1,"Deaths",1798,"Norfolk County",25021,513,"Coal workers pneumoconiosis",1,"Male",27,"Age-standardized",2009,"Rate",0.00318951512462634,0.000249883433720344,0.0143345857946631
1,"Deaths",1798,"Norfolk County",25021,513,"Coal workers pneumoconiosis",1,"Male",27,"Age-standardized",2010,"Rate",0.00307374155642916,0.000237751709408675,0.0139926756859371
1,"Deaths",1798,"Norfolk County",25021,513,"Coal workers pneumoconiosis",1,"Male",27,"Age-standardized",2011,"Rate",0.00301295922230931,0.000231411523240115,0.0145816023143439
1,"Deaths",1798,"Norfolk County",25021,513,"Coal workers pneumoconiosis",1,"Male",27,"Age-standardized",2012,"Rate",0.0029027680134039,0.000194918875881514,0.0139132586506675
1,"Deaths",1798,"Norfolk County",25021,513,"Coal workers pneumoconiosis",1,"Male",27,"Age-standardized",2013,"Rate",0.00288662629465945,0.000201811449502148,0.014189106175664
1,"Deaths",1798,"Norfolk County",25021,513,"Coal workers pneumoconiosis",1,"Male",27,"Age-standardized",2014,"Rate",0.0033328940952476,0.000211476148083099,0.0157482291426928
1,"Deaths",1798,"Norfolk County",25021,513,"Coal workers pneumoconiosis",2,"Female",27,"Age-standardized",1980,"Rate",0.00156386307200178,0.000379807419983883,0.00419530979838253
1,"Deaths",1798,"Norfolk County",25021,513,"Coal workers pneumoconiosis",2,"Female",27,"Age-standardized",1981,"Rate",0.00142360383624189,0.00034976114056908,0.00398588790556881
1,"Deaths",1798,"Norfolk County",25021,513,"Coal workers pneumoconiosis",2,"Female",27,"Age-standardized",1982,"Rate",0.00145219690298037,0.000334197576139603,0.0040400610400099
1,"Deaths",1798,"Norfolk County",25021,513,"Coal workers pneumoconiosis",2,"Female",27,"Age-standardized",1983,"Rate",0.00157630961187003,0.000399698118497638,0.00430068478669981
1,"Deaths",1798,"Norfolk County",25021,513,"Coal workers pneumoconiosis",2,"Female",27,"Age-standardized",1984,"Rate",0.0016628041112681,0.000420215507870223,0.00446977171208062
1,"Deaths",1798,"Norfolk County",25021,513,"Coal workers pneumoconiosis",2,"Female",27,"Age-standardized",1985,"Rate",0.00178296694105656,0.000442958449959009,0.00490663164266675
1,"Deaths",1798,"Norfolk County",25021,513,"Coal workers pneumoconiosis",2,"Female",27,"Age-standardized",1986,"Rate",0.00172834904293121,0.000422620256428251,0.00493383286821788
1,"Deaths",1798,"Norfolk County",25021,513,"Coal workers pneumoconiosis",2,"Female",27,"Age-standardized",1987,"Rate",0.00150575178424324,0.000367501580725706,0.00427862754495455
1,"Deaths",1798,"Norfolk County",25021,513,"Coal workers pneumoconiosis",2,"Female",27,"Age-standardized",1988,"Rate",0.00128965213761526,0.000318733738156389,0.00362506189525391
1,"Deaths",1798,"Norfolk County",25021,513,"Coal workers pneumoconiosis",2,"Female",27,"Age-standardized",1989,"Rate",0.00101064542996733,0.000251624863788958,0.00275782056327889
1,"Deaths",1798,"Norfolk County",25021,513,"Coal workers pneumoconiosis",2,"Female",27,"Age-standardized",1990,"Rate",0.000870594178429473,0.000218370780180287,0.0024310202093786
1,"Deaths",1798,"Norfolk County",25021,513,"Coal workers pneumoconiosis",2,"Female",27,"Age-standardized",1991,"Rate",0.00061570511374048,0.000155751408303453,0.00170341662917975
1,"Deaths",1798,"Norfolk County",25021,513,"Coal workers pneumoconiosis",2,"Female",27,"Age-standardized",1992,"Rate",0.000457437988799685,0.000112045717907745,0.00127275203724324
1,"Deaths",1798,"Norfolk County",25021,513,"Coal workers pneumoconiosis",2,"Female",27,"Age-standardized",1993,"Rate",0.000645708049715909,0.000153903347196834,0.00179222443133098
1,"Deaths",1798,"Norfolk County",25021,513,"Coal workers pneumoconiosis",2,"Female",27,"Age-standardized",1994,"Rate",0.000557004221267432,0.000130754569727211,0.00162861847366073
1,"Deaths",1798,"Norfolk County",25021,513,"Coal workers pneumoconiosis",2,"Female",27,"Age-standardized",1995,"Rate",0.000616796748024255,0.000142594321197348,0.00184463950416809
1,"Deaths",1798,"Norfolk County",25021,513,"Coal workers pneumoconiosis",2,"Female",27,"Age-standardized",1996,"Rate",0.0006801407358895,0.000160885546162935,0.00200241984408344
1,"Deaths",1798,"Norfolk County",25021,513,"Coal workers pneumoconiosis",2,"Female",27,"Age-standardized",1997,"Rate",0.000752071594414997,0.0001772650416199,0.00228296234560888
1,"Deaths",1798,"Norfolk County",25021,513,"Coal workers pneumoconiosis",2,"Female",27,"Age-standardized",1998,"Rate",0.000882267378617238,0.000211738817914909,0.00261413608097875
1,"Deaths",1798,"Norfolk County",25021,513,"Coal workers pneumoconiosis",2,"Female",27,"Age-standardized",1999,"Rate",0.00081625233065489,0.000186449279839684,0.00247503202414787
1,"Deaths",1798,"Norfolk County",25021,513,"Coal workers pneumoconiosis",2,"Female",27,"Age-standardized",2000,"Rate",0.000910812411975743,0.000215631299162601,0.00288244154984508
1,"Deaths",1798,"Norfolk County",25021,513,"Coal workers pneumoconiosis",2,"Female",27,"Age-standardized",2001,"Rate",0.000822745069817829,0.000184979854261771,0.00251180096807891
1,"Deaths",1798,"Norfolk County",25021,513,"Coal workers pneumoconiosis",2,"Female",27,"Age-standardized",2002,"Rate",0.000788212945243314,0.000186084745149176,0.00235147994503401
1,"Deaths",1798,"Norfolk County",25021,513,"Coal workers pneumoconiosis",2,"Female",27,"Age-standardized",2003,"Rate",0.000777800041505492,0.00018133273618429,0.00246131294200039
1,"Deaths",1798,"Norfolk County",25021,513,"Coal workers pneumoconiosis",2,"Female",27,"Age-standardized",2004,"Rate",0.000786958283476256,0.000183600488109507,0.00245644995820038
1,"Deaths",1798,"Norfolk County",25021,513,"Coal workers pneumoconiosis",2,"Female",27,"Age-standardized",2005,"Rate",0.00068394775166745,0.000153449423190068,0.00209317969153886
1,"Deaths",1798,"Norfolk County",25021,513,"Coal workers pneumoconiosis",2,"Female",27,"Age-standardized",2006,"Rate",0.000726002317467624,0.000159984639591506,0.00224865653946424
1,"Deaths",1798,"Norfolk County",25021,513,"Coal workers pneumoconiosis",2,"Female",27,"Age-standardized",2007,"Rate",0.000577961760363329,0.00012711103322761,0.00185597831763579
1,"Deaths",1798,"Norfolk County",25021,513,"Coal workers pneumoconiosis",2,"Female",27,"Age-standardized",2008,"Rate",0.000678300121218919,0.000142651445921858,0.00223956268843386
1,"Deaths",1798,"Norfolk County",25021,513,"Coal workers pneumoconiosis",2,"Female",27,"Age-standardized",2009,"Rate",0.000672417958166019,0.000141192873566608,0.00219547780298345
1,"Deaths",1798,"Norfolk County",25021,513,"Coal workers pneumoconiosis",2,"Female",27,"Age-standardized",2010,"Rate",0.000616454828512962,0.000128854186812413,0.00205582602853316
1,"Deaths",1798,"Norfolk County",25021,513,"Coal workers pneumoconiosis",2,"Female",27,"Age-standardized",2011,"Rate",0.000634928958946671,0.000124456203200044,0.00212493633976059
1,"Deaths",1798,"Norfolk County",25021,513,"Coal workers pneumoconiosis",2,"Female",27,"Age-standardized",2012,"Rate",0.00061721270893635,0.000119946006908298,0.00215427018506491
1,"Deaths",1798,"Norfolk County",25021,513,"Coal workers pneumoconiosis",2,"Female",27,"Age-standardized",2013,"Rate",0.000652595006387464,0.000125245864421343,0.00230229641628104
1,"Deaths",1798,"Norfolk County",25021,513,"Coal workers pneumoconiosis",2,"Female",27,"Age-standardized",2014,"Rate",0.000629595931016769,0.000115594682463645,0.00221277431815496
1,"Deaths",1798,"Norfolk County",25021,513,"Coal workers pneumoconiosis",3,"Both",27,"Age-standardized",1980,"Rate",0.00549374227598752,0.00140500078754304,0.0157898755494411
1,"Deaths",1798,"Norfolk County",25021,513,"Coal workers pneumoconiosis",3,"Both",27,"Age-standardized",1981,"Rate",0.00533228451331076,0.00133105582846544,0.0166760537302412
1,"Deaths",1798,"Norfolk County",25021,513,"Coal workers pneumoconiosis",3,"Both",27,"Age-standardized",1982,"Rate",0.00563248181626463,0.00134120959234292,0.0162947835040246
1,"Deaths",1798,"Norfolk County",25021,513,"Coal workers pneumoconiosis",3,"Both",27,"Age-standardized",1983,"Rate",0.00594268128333863,0.00151565908229692,0.0170542466588356
1,"Deaths",1798,"Norfolk County",25021,513,"Coal workers pneumoconiosis",3,"Both",27,"Age-standardized",1984,"Rate",0.00512499700208043,0.00134874887311924,0.0141697478123267
1,"Deaths",1798,"Norfolk County",25021,513,"Coal workers pneumoconiosis",3,"Both",27,"Age-standardized",1985,"Rate",0.00542436476438338,0.00145555590559222,0.0152509257030184
1,"Deaths",1798,"Norfolk County",25021,513,"Coal workers pneumoconiosis",3,"Both",27,"Age-standardized",1986,"Rate",0.00543574056669983,0.00140058147140685,0.0156767209123722
1,"Deaths",1798,"Norfolk County",25021,513,"Coal workers pneumoconiosis",3,"Both",27,"Age-standardized",1987,"Rate",0.0047245619110389,0.00127504675110404,0.0131712690427126
1,"Deaths",1798,"Norfolk County",25021,513,"Coal workers pneumoconiosis",3,"Both",27,"Age-standardized",1988,"Rate",0.00445317644640747,0.00118706524352991,0.0129705645486567
1,"Deaths",1798,"Norfolk County",25021,513,"Coal workers pneumoconiosis",3,"Both",27,"Age-standardized",1989,"Rate",0.00407637457761283,0.000954769293713089,0.012301710816639
1,"Deaths",1798,"Norfolk County",25021,513,"Coal workers pneumoconiosis",3,"Both",27,"Age-standardized",1990,"Rate",0.00345431593310723,0.000845338983832167,0.0106806043597789
1,"Deaths",1798,"Norfolk County",25021,513,"Coal workers pneumoconiosis",3,"Both",27,"Age-standardized",1991,"Rate",0.00335123584575406,0.000768313233680253,0.0108732519288782
1,"Deaths",1798,"Norfolk County",25021,513,"Coal workers pneumoconiosis",3,"Both",27,"Age-standardized",1992,"Rate",0.00341349247685239,0.000710660594055819,0.0112310910433044
1,"Deaths",1798,"Norfolk County",25021,513,"Coal workers pneumoconiosis",3,"Both",27,"Age-standardized",1993,"Rate",0.00318073525221241,0.000718914014292377,0.0104342938259775
1,"Deaths",1798,"Norfolk County",25021,513,"Coal workers pneumoconiosis",3,"Both",27,"Age-standardized",1994,"Rate",0.00292868843130633,0.000668036403300364,0.00991782831360183
1,"Deaths",1798,"Norfolk County",25021,513,"Coal workers pneumoconiosis",3,"Both",27,"Age-standardized",1995,"Rate",0.00296373286408939,0.000635456282518947,0.0105919559569105
1,"Deaths",1798,"Norfolk County",25021,513,"Coal workers pneumoconiosis",3,"Both",27,"Age-standardized",1996,"Rate",0.00282927387691388,0.000635836044934352,0.00947560103773017
1,"Deaths",1798,"Norfolk County",25021,513,"Coal workers pneumoconiosis",3,"Both",27,"Age-standardized",1997,"Rate",0.00294790584353964,0.000629269599888602,0.0102473902036038
1,"Deaths",1798,"Norfolk County",25021,513,"Coal workers pneumoconiosis",3,"Both",27,"Age-standardized",1998,"Rate",0.00274512756190176,0.000583526590495703,0.0093352271610964
1,"Deaths",1798,"Norfolk County",25021,513,"Coal workers pneumoconiosis",3,"Both",27,"Age-standardized",1999,"Rate",0.00263907477173647,0.000572011139116654,0.00961681281133556
1,"Deaths",1798,"Norfolk County",25021,513,"Coal workers pneumoconiosis",3,"Both",27,"Age-standardized",2000,"Rate",0.00239041154291283,0.000517764539512442,0.00784027366466812
1,"Deaths",1798,"Norfolk County",25021,513,"Coal workers pneumoconiosis",3,"Both",27,"Age-standardized",2001,"Rate",0.002255752757119,0.000491509798356348,0.00799235063453262
1,"Deaths",1798,"Norfolk County",25021,513,"Coal workers pneumoconiosis",3,"Both",27,"Age-standardized",2002,"Rate",0.00217109535968068,0.000471096213579524,0.00738951545305483
1,"Deaths",1798,"Norfolk County",25021,513,"Coal workers pneumoconiosis",3,"Both",27,"Age-standardized",2003,"Rate",0.00218117656469479,0.000446993663584969,0.00783693917790505
1,"Deaths",1798,"Norfolk County",25021,513,"Coal workers pneumoconiosis",3,"Both",27,"Age-standardized",2004,"Rate",0.00185759809889,0.000403692892138403,0.00593916769039519
1,"Deaths",1798,"Norfolk County",25021,513,"Coal workers pneumoconiosis",3,"Both",27,"Age-standardized",2005,"Rate",0.00183078991573164,0.000382379444931479,0.00659178227840256
1,"Deaths",1798,"Norfolk County",25021,513,"Coal workers pneumoconiosis",3,"Both",27,"Age-standardized",2006,"Rate",0.00171775110313659,0.000368336899436916,0.00601811172251151
1,"Deaths",1798,"Norfolk County",25021,513,"Coal workers pneumoconiosis",3,"Both",27,"Age-standardized",2007,"Rate",0.00161637304029616,0.000309083292687069,0.00639367367661258
1,"Deaths",1798,"Norfolk County",25021,513,"Coal workers pneumoconiosis",3,"Both",27,"Age-standardized",2008,"Rate",0.00159646559439973,0.000297455862024023,0.00587338712473456
1,"Deaths",1798,"Norfolk County",25021,513,"Coal workers pneumoconiosis",3,"Both",27,"Age-standardized",2009,"Rate",0.00160522092686335,0.000290802062295598,0.00588595073798264
1,"Deaths",1798,"Norfolk County",25021,513,"Coal workers pneumoconiosis",3,"Both",27,"Age-standardized",2010,"Rate",0.00153787052782474,0.000291764194848223,0.00584786902609922
1,"Deaths",1798,"Norfolk County",25021,513,"Coal workers pneumoconiosis",3,"Both",27,"Age-standardized",2011,"Rate",0.00152881936491229,0.000283625048088268,0.0058495438746544
1,"Deaths",1798,"Norfolk County",25021,513,"Coal workers pneumoconiosis",3,"Both",27,"Age-standardized",2012,"Rate",0.00148084758236189,0.000257079146534379,0.00556528230449607
1,"Deaths",1798,"Norfolk County",25021,513,"Coal workers pneumoconiosis",3,"Both",27,"Age-standardized",2013,"Rate",0.00149982040875654,0.00026401209440941,0.00620141289953152
1,"Deaths",1798,"Norfolk County",25021,513,"Coal workers pneumoconiosis",3,"Both",27,"Age-standardized",2014,"Rate",0.00165074106686839,0.000260087260203229,0.00643244843753967
1,"Deaths",1797,"Plymouth County",25023,513,"Coal workers pneumoconiosis",1,"Male",27,"Age-standardized",1980,"Rate",0.0108502821257999,0.000929681256925351,0.0415510785292849
1,"Deaths",1797,"Plymouth County",25023,513,"Coal workers pneumoconiosis",1,"Male",27,"Age-standardized",1981,"Rate",0.0108416986980455,0.000914396479874326,0.0408257407432845
1,"Deaths",1797,"Plymouth County",25023,513,"Coal workers pneumoconiosis",1,"Male",27,"Age-standardized",1982,"Rate",0.0109032769695546,0.00104451193520721,0.0414676227604713
1,"Deaths",1797,"Plymouth County",25023,513,"Coal workers pneumoconiosis",1,"Male",27,"Age-standardized",1983,"Rate",0.0124420992134878,0.00122301358399504,0.048511103333459
1,"Deaths",1797,"Plymouth County",25023,513,"Coal workers pneumoconiosis",1,"Male",27,"Age-standardized",1984,"Rate",0.0107693197060265,0.00100715205055806,0.0427746495985107
1,"Deaths",1797,"Plymouth County",25023,513,"Coal workers pneumoconiosis",1,"Male",27,"Age-standardized",1985,"Rate",0.0111609824342182,0.00107793390496608,0.0438353517376032
1,"Deaths",1797,"Plymouth County",25023,513,"Coal workers pneumoconiosis",1,"Male",27,"Age-standardized",1986,"Rate",0.0111494915470932,0.00115028028185838,0.0424583967246606
1,"Deaths",1797,"Plymouth County",25023,513,"Coal workers pneumoconiosis",1,"Male",27,"Age-standardized",1987,"Rate",0.0105027307137003,0.00106164923433335,0.0392626772270656
1,"Deaths",1797,"Plymouth County",25023,513,"Coal workers pneumoconiosis",1,"Male",27,"Age-standardized",1988,"Rate",0.00975550672603036,0.000868394604438352,0.040596665601232
1,"Deaths",1797,"Plymouth County",25023,513,"Coal workers pneumoconiosis",1,"Male",27,"Age-standardized",1989,"Rate",0.0101357553474164,0.00103734213747183,0.0406350404849314
1,"Deaths",1797,"Plymouth County",25023,513,"Coal workers pneumoconiosis",1,"Male",27,"Age-standardized",1990,"Rate",0.00822339046417025,0.000736660702976971,0.0321381103881847
1,"Deaths",1797,"Plymouth County",25023,513,"Coal workers pneumoconiosis",1,"Male",27,"Age-standardized",1991,"Rate",0.0090844356764007,0.000824519771552177,0.0415260102216533
1,"Deaths",1797,"Plymouth County",25023,513,"Coal workers pneumoconiosis",1,"Male",27,"Age-standardized",1992,"Rate",0.00939964930782793,0.000761323061411238,0.0409560178083398
1,"Deaths",1797,"Plymouth County",25023,513,"Coal workers pneumoconiosis",1,"Male",27,"Age-standardized",1993,"Rate",0.00899066414958607,0.000737902608797972,0.0366254972993819
1,"Deaths",1797,"Plymouth County",25023,513,"Coal workers pneumoconiosis",1,"Male",27,"Age-standardized",1994,"Rate",0.00854053141713936,0.00070516098490879,0.0377415539512892
1,"Deaths",1797,"Plymouth County",25023,513,"Coal workers pneumoconiosis",1,"Male",27,"Age-standardized",1995,"Rate",0.00826108474846864,0.000694405827760046,0.0334234806195673
1,"Deaths",1797,"Plymouth County",25023,513,"Coal workers pneumoconiosis",1,"Male",27,"Age-standardized",1996,"Rate",0.00809598801393921,0.000644693542522111,0.0344892687424511
1,"Deaths",1797,"Plymouth County",25023,513,"Coal workers pneumoconiosis",1,"Male",27,"Age-standardized",1997,"Rate",0.00834680694791761,0.000696423784431416,0.0381604168333365
1,"Deaths",1797,"Plymouth County",25023,513,"Coal workers pneumoconiosis",1,"Male",27,"Age-standardized",1998,"Rate",0.00787897322203844,0.000546433684770726,0.0374391278731405
1,"Deaths",1797,"Plymouth County",25023,513,"Coal workers pneumoconiosis",1,"Male",27,"Age-standardized",1999,"Rate",0.00713514910899217,0.00052411714464333,0.0322799915216851
1,"Deaths",1797,"Plymouth County",25023,513,"Coal workers pneumoconiosis",1,"Male",27,"Age-standardized",2000,"Rate",0.00674345710418503,0.000465512738246772,0.0321721963734552
1,"Deaths",1797,"Plymouth County",25023,513,"Coal workers pneumoconiosis",1,"Male",27,"Age-standardized",2001,"Rate",0.00644074871827433,0.000443247710612549,0.0304202516853595
1,"Deaths",1797,"Plymouth County",25023,513,"Coal workers pneumoconiosis",1,"Male",27,"Age-standardized",2002,"Rate",0.00572659349725848,0.000384449113264593,0.0288379277589624
1,"Deaths",1797,"Plymouth County",25023,513,"Coal workers pneumoconiosis",1,"Male",27,"Age-standardized",2003,"Rate",0.00563819357363273,0.000322013013868456,0.0263181922582036
1,"Deaths",1797,"Plymouth County",25023,513,"Coal workers pneumoconiosis",1,"Male",27,"Age-standardized",2004,"Rate",0.00501156068374035,0.000285597819253595,0.0239832135195086
1,"Deaths",1797,"Plymouth County",25023,513,"Coal workers pneumoconiosis",1,"Male",27,"Age-standardized",2005,"Rate",0.00459752089375858,0.000263175232665479,0.0216218541220385
1,"Deaths",1797,"Plymouth County",25023,513,"Coal workers pneumoconiosis",1,"Male",27,"Age-standardized",2006,"Rate",0.00434462676914665,0.000262652448660962,0.0240902894401294
1,"Deaths",1797,"Plymouth County",25023,513,"Coal workers pneumoconiosis",1,"Male",27,"Age-standardized",2007,"Rate",0.00394918893401761,0.000221928120556593,0.0194471385187611
1,"Deaths",1797,"Plymouth County",25023,513,"Coal workers pneumoconiosis",1,"Male",27,"Age-standardized",2008,"Rate",0.0041572984626743,0.000234296875329097,0.0228753934209392
1,"Deaths",1797,"Plymouth County",25023,513,"Coal workers pneumoconiosis",1,"Male",27,"Age-standardized",2009,"Rate",0.0039679256212693,0.000199720241052701,0.0206559129303625
1,"Deaths",1797,"Plymouth County",25023,513,"Coal workers pneumoconiosis",1,"Male",27,"Age-standardized",2010,"Rate",0.00410065702609845,0.00020496970508137,0.0221533623536381
1,"Deaths",1797,"Plymouth County",25023,513,"Coal workers pneumoconiosis",1,"Male",27,"Age-standardized",2011,"Rate",0.00423447709548457,0.000201411527255983,0.0219107008114347
1,"Deaths",1797,"Plymouth County",25023,513,"Coal workers pneumoconiosis",1,"Male",27,"Age-standardized",2012,"Rate",0.00378868740056969,0.000175063225207717,0.0199375352413986
1,"Deaths",1797,"Plymouth County",25023,513,"Coal workers pneumoconiosis",1,"Male",27,"Age-standardized",2013,"Rate",0.00418370239352993,0.000178094187054982,0.0225518530566247
1,"Deaths",1797,"Plymouth County",25023,513,"Coal workers pneumoconiosis",1,"Male",27,"Age-standardized",2014,"Rate",0.00461601688575498,0.000190767876516939,0.0234348993911651
1,"Deaths",1797,"Plymouth County",25023,513,"Coal workers pneumoconiosis",2,"Female",27,"Age-standardized",1980,"Rate",0.00193637355672095,0.000414211522107477,0.005930476811922
1,"Deaths",1797,"Plymouth County",25023,513,"Coal workers pneumoconiosis",2,"Female",27,"Age-standardized",1981,"Rate",0.00185399116097369,0.00038067572598505,0.0057868691211024
1,"Deaths",1797,"Plymouth County",25023,513,"Coal workers pneumoconiosis",2,"Female",27,"Age-standardized",1982,"Rate",0.00184122856796618,0.000389570477489357,0.00578998251154489
1,"Deaths",1797,"Plymouth County",25023,513,"Coal workers pneumoconiosis",2,"Female",27,"Age-standardized",1983,"Rate",0.00200361070849568,0.00039528867978888,0.00650004885013028
1,"Deaths",1797,"Plymouth County",25023,513,"Coal workers pneumoconiosis",2,"Female",27,"Age-standardized",1984,"Rate",0.00216981928752491,0.000454637882914088,0.00654988241869821
1,"Deaths",1797,"Plymouth County",25023,513,"Coal workers pneumoconiosis",2,"Female",27,"Age-standardized",1985,"Rate",0.0022672593165737,0.00045136006603251,0.00714725222786528
1,"Deaths",1797,"Plymouth County",25023,513,"Coal workers pneumoconiosis",2,"Female",27,"Age-standardized",1986,"Rate",0.00224966082003022,0.00043247261379311,0.00693395319495041
1,"Deaths",1797,"Plymouth County",25023,513,"Coal workers pneumoconiosis",2,"Female",27,"Age-standardized",1987,"Rate",0.00193303233975687,0.000380217611477446,0.0063685692275922
1,"Deaths",1797,"Plymouth County",25023,513,"Coal workers pneumoconiosis",2,"Female",27,"Age-standardized",1988,"Rate",0.00166112766384907,0.000331059572279298,0.00511693095507789
1,"Deaths",1797,"Plymouth County",25023,513,"Coal workers pneumoconiosis",2,"Female",27,"Age-standardized",1989,"Rate",0.00130302960116555,0.00026741691519674,0.00402139919365711
1,"Deaths",1797,"Plymouth County",25023,513,"Coal workers pneumoconiosis",2,"Female",27,"Age-standardized",1990,"Rate",0.00107533758596117,0.000220548678652947,0.00320048376427084
1,"Deaths",1797,"Plymouth County",25023,513,"Coal workers pneumoconiosis",2,"Female",27,"Age-standardized",1991,"Rate",0.000760414397849724,0.000153146138919205,0.00226474582412424
1,"Deaths",1797,"Plymouth County",25023,513,"Coal workers pneumoconiosis",2,"Female",27,"Age-standardized",1992,"Rate",0.000558316742989044,0.000110784612266623,0.00170818990326289
1,"Deaths",1797,"Plymouth County",25023,513,"Coal workers pneumoconiosis",2,"Female",27,"Age-standardized",1993,"Rate",0.000795769373437224,0.000155809773361225,0.00245826782171011
1,"Deaths",1797,"Plymouth County",25023,513,"Coal workers pneumoconiosis",2,"Female",27,"Age-standardized",1994,"Rate",0.000676025808143036,0.0001307243374408,0.0021913316921792
1,"Deaths",1797,"Plymouth County",25023,513,"Coal workers pneumoconiosis",2,"Female",27,"Age-standardized",1995,"Rate",0.00074212097084686,0.000144610544850469,0.0023175795923883
1,"Deaths",1797,"Plymouth County",25023,513,"Coal workers pneumoconiosis",2,"Female",27,"Age-standardized",1996,"Rate",0.000843369048708674,0.00015423543835746,0.00267782261828039
1,"Deaths",1797,"Plymouth County",25023,513,"Coal workers pneumoconiosis",2,"Female",27,"Age-standardized",1997,"Rate",0.000886199228998515,0.000166891341347361,0.00270217409994613
1,"Deaths",1797,"Plymouth County",25023,513,"Coal workers pneumoconiosis",2,"Female",27,"Age-standardized",1998,"Rate",0.00102993707854106,0.000192196207912506,0.00311126162793596
1,"Deaths",1797,"Plymouth County",25023,513,"Coal workers pneumoconiosis",2,"Female",27,"Age-standardized",1999,"Rate",0.000974619895482473,0.000173985460423987,0.00306003320059449
1,"Deaths",1797,"Plymouth County",25023,513,"Coal workers pneumoconiosis",2,"Female",27,"Age-standardized",2000,"Rate",0.00110482608462084,0.000191309180486405,0.0035427777297221
1,"Deaths",1797,"Plymouth County",25023,513,"Coal workers pneumoconiosis",2,"Female",27,"Age-standardized",2001,"Rate",0.00107013913792367,0.000194765433660371,0.00343589382150713
1,"Deaths",1797,"Plymouth County",25023,513,"Coal workers pneumoconiosis",2,"Female",27,"Age-standardized",2002,"Rate",0.000983880898744229,0.000171219776741246,0.00288155074298983
1,"Deaths",1797,"Plymouth County",25023,513,"Coal workers pneumoconiosis",2,"Female",27,"Age-standardized",2003,"Rate",0.000920654003582804,0.000157230990502374,0.00298845188584061
1,"Deaths",1797,"Plymouth County",25023,513,"Coal workers pneumoconiosis",2,"Female",27,"Age-standardized",2004,"Rate",0.000898079251708679,0.000152361969384824,0.00288069574086551
1,"Deaths",1797,"Plymouth County",25023,513,"Coal workers pneumoconiosis",2,"Female",27,"Age-standardized",2005,"Rate",0.000791227726015058,0.000132561216915909,0.00261264495846019
1,"Deaths",1797,"Plymouth County",25023,513,"Coal workers pneumoconiosis",2,"Female",27,"Age-standardized",2006,"Rate",0.000821520854449572,0.000133478190251617,0.00272863119660099
1,"Deaths",1797,"Plymouth County",25023,513,"Coal workers pneumoconiosis",2,"Female",27,"Age-standardized",2007,"Rate",0.00065295784873921,0.000103667502484124,0.00212403379225053
1,"Deaths",1797,"Plymouth County",25023,513,"Coal workers pneumoconiosis",2,"Female",27,"Age-standardized",2008,"Rate",0.000780568280658016,0.000119457215961255,0.00269775105197626
1,"Deaths",1797,"Plymouth County",25023,513,"Coal workers pneumoconiosis",2,"Female",27,"Age-standardized",2009,"Rate",0.000786966881461549,0.000111099590919492,0.00271067428175429
1,"Deaths",1797,"Plymouth County",25023,513,"Coal workers pneumoconiosis",2,"Female",27,"Age-standardized",2010,"Rate",0.000717511841466461,0.000110107049471764,0.00238075784889203
1,"Deaths",1797,"Plymouth County",25023,513,"Coal workers pneumoconiosis",2,"Female",27,"Age-standardized",2011,"Rate",0.000763497986792015,0.000108549177858274,0.0027102031301923
1,"Deaths",1797,"Plymouth County",25023,513,"Coal workers pneumoconiosis",2,"Female",27,"Age-standardized",2012,"Rate",0.000709287597810353,9.75383286457294e-05,0.00239364131502611
1,"Deaths",1797,"Plymouth County",25023,513,"Coal workers pneumoconiosis",2,"Female",27,"Age-standardized",2013,"Rate",0.00077132238705984,0.000106615478489303,0.00260970496951639
1,"Deaths",1797,"Plymouth County",25023,513,"Coal workers pneumoconiosis",2,"Female",27,"Age-standardized",2014,"Rate",0.000777961611926106,9.97812732088101e-05,0.00279217033882398
1,"Deaths",1797,"Plymouth County",25023,513,"Coal workers pneumoconiosis",3,"Both",27,"Age-standardized",1980,"Rate",0.00524340006678811,0.00101996631874849,0.0170262287519324
1,"Deaths",1797,"Plymouth County",25023,513,"Coal workers pneumoconiosis",3,"Both",27,"Age-standardized",1981,"Rate",0.00517007485374391,0.000957231841859026,0.0163039005774873
1,"Deaths",1797,"Plymouth County",25023,513,"Coal workers pneumoconiosis",3,"Both",27,"Age-standardized",1982,"Rate",0.00518262478599369,0.000966059359408727,0.017298197455797
1,"Deaths",1797,"Plymouth County",25023,513,"Coal workers pneumoconiosis",3,"Both",27,"Age-standardized",1983,"Rate",0.00581954923315771,0.00113512472063662,0.0195060383366538
1,"Deaths",1797,"Plymouth County",25023,513,"Coal workers pneumoconiosis",3,"Both",27,"Age-standardized",1984,"Rate",0.00530588063608091,0.00109055867543107,0.0170184758085911
1,"Deaths",1797,"Plymouth County",25023,513,"Coal workers pneumoconiosis",3,"Both",27,"Age-standardized",1985,"Rate",0.00548098507464223,0.00114688085166795,0.0180768681266572
1,"Deaths",1797,"Plymouth County",25023,513,"Coal workers pneumoconiosis",3,"Both",27,"Age-standardized",1986,"Rate",0.00542017902121411,0.0011275027405824,0.0172592144692683
1,"Deaths",1797,"Plymouth County",25023,513,"Coal workers pneumoconiosis",3,"Both",27,"Age-standardized",1987,"Rate",0.00495733402194422,0.00103547450400749,0.016110477156685
1,"Deaths",1797,"Plymouth County",25023,513,"Coal workers pneumoconiosis",3,"Both",27,"Age-standardized",1988,"Rate",0.00448863520332189,0.000856969562948838,0.0148479243279125
1,"Deaths",1797,"Plymouth County",25023,513,"Coal workers pneumoconiosis",3,"Both",27,"Age-standardized",1989,"Rate",0.00436432285405816,0.000760834039124068,0.0152443801709309
1,"Deaths",1797,"Plymouth County",25023,513,"Coal workers pneumoconiosis",3,"Both",27,"Age-standardized",1990,"Rate",0.00352559364411597,0.000649764349736704,0.0118788944087036
1,"Deaths",1797,"Plymouth County",25023,513,"Coal workers pneumoconiosis",3,"Both",27,"Age-standardized",1991,"Rate",0.00360350064237982,0.000598830620260913,0.0140074391914289
1,"Deaths",1797,"Plymouth County",25023,513,"Coal workers pneumoconiosis",3,"Both",27,"Age-standardized",1992,"Rate",0.00355160842125211,0.00050371032772406,0.0143679571559877
1,"Deaths",1797,"Plymouth County",25023,513,"Coal workers pneumoconiosis",3,"Both",27,"Age-standardized",1993,"Rate",0.00355797948048904,0.000577412561990501,0.0126132638789743
1,"Deaths",1797,"Plymouth County",25023,513,"Coal workers pneumoconiosis",3,"Both",27,"Age-standardized",1994,"Rate",0.00330843792858599,0.000495224443996734,0.0133763258581915
1,"Deaths",1797,"Plymouth County",25023,513,"Coal workers pneumoconiosis",3,"Both",27,"Age-standardized",1995,"Rate",0.00326976365754499,0.000468243917180825,0.0121399895556304
1,"Deaths",1797,"Plymouth County",25023,513,"Coal workers pneumoconiosis",3,"Both",27,"Age-standardized",1996,"Rate",0.00326840917395952,0.000498638845977445,0.0126364259407925
1,"Deaths",1797,"Plymouth County",25023,513,"Coal workers pneumoconiosis",3,"Both",27,"Age-standardized",1997,"Rate",0.00339314801108713,0.000543833424969702,0.0137464776636748
1,"Deaths",1797,"Plymouth County",25023,513,"Coal workers pneumoconiosis",3,"Both",27,"Age-standardized",1998,"Rate",0.00333505844015812,0.0005413569389355,0.0129914945234786
1,"Deaths",1797,"Plymouth County",25023,513,"Coal workers pneumoconiosis",3,"Both",27,"Age-standardized",1999,"Rate",0.00306182899875093,0.000502361760263803,0.0119610015445018
1,"Deaths",1797,"Plymouth County",25023,513,"Coal workers pneumoconiosis",3,"Both",27,"Age-standardized",2000,"Rate",0.00302642954582248,0.000472348848663582,0.0117540225887479
1,"Deaths",1797,"Plymouth County",25023,513,"Coal workers pneumoconiosis",3,"Both",27,"Age-standardized",2001,"Rate",0.00290836914427944,0.000440472293528503,0.0112564236280789
1,"Deaths",1797,"Plymouth County",25023,513,"Coal workers pneumoconiosis",3,"Both",27,"Age-standardized",2002,"Rate",0.00261861973467294,0.000408569472117766,0.0105623963996407
1,"Deaths",1797,"Plymouth County",25023,513,"Coal workers pneumoconiosis",3,"Both",27,"Age-standardized",2003,"Rate",0.00257721997661396,0.00039317555468714,0.00997681065009419
1,"Deaths",1797,"Plymouth County",25023,513,"Coal workers pneumoconiosis",3,"Both",27,"Age-standardized",2004,"Rate",0.00235175184431836,0.000370804628142148,0.00925580120309211
1,"Deaths",1797,"Plymouth County",25023,513,"Coal workers pneumoconiosis",3,"Both",27,"Age-standardized",2005,"Rate",0.00214026841188802,0.000330153019843271,0.00851906086276549
1,"Deaths",1797,"Plymouth County",25023,513,"Coal workers pneumoconiosis",3,"Both",27,"Age-standardized",2006,"Rate",0.00208835452091925,0.00031988020167604,0.00885847467182874
1,"Deaths",1797,"Plymouth County",25023,513,"Coal workers pneumoconiosis",3,"Both",27,"Age-standardized",2007,"Rate",0.00186395188281886,0.000270197678127294,0.00751772171795478
1,"Deaths",1797,"Plymouth County",25023,513,"Coal workers pneumoconiosis",3,"Both",27,"Age-standardized",2008,"Rate",0.00203695917697174,0.00030038370778585,0.00895492888382309
1,"Deaths",1797,"Plymouth County",25023,513,"Coal workers pneumoconiosis",3,"Both",27,"Age-standardized",2009,"Rate",0.00199307683065861,0.000270109396393448,0.00829984386617123
1,"Deaths",1797,"Plymouth County",25023,513,"Coal workers pneumoconiosis",3,"Both",27,"Age-standardized",2010,"Rate",0.00201361486000663,0.00027122313569185,0.00892245870626418
1,"Deaths",1797,"Plymouth County",25023,513,"Coal workers pneumoconiosis",3,"Both",27,"Age-standardized",2011,"Rate",0.00210087900697818,0.000251016443892063,0.00904266640321888
1,"Deaths",1797,"Plymouth County",25023,513,"Coal workers pneumoconiosis",3,"Both",27,"Age-standardized",2012,"Rate",0.00190808275442224,0.000244966245535796,0.00813404755829437
1,"Deaths",1797,"Plymouth County",25023,513,"Coal workers pneumoconiosis",3,"Both",27,"Age-standardized",2013,"Rate",0.00211070051495658,0.00025021185885294,0.00914933598521489
1,"Deaths",1797,"Plymouth County",25023,513,"Coal workers pneumoconiosis",3,"Both",27,"Age-standardized",2014,"Rate",0.00228575794495619,0.000261076067820251,0.00959455858463045
1,"Deaths",1795,"Suffolk County",25025,513,"Coal workers pneumoconiosis",1,"Male",27,"Age-standardized",1980,"Rate",0.0215028610254525,0.00287153900441752,0.0746702445663242
1,"Deaths",1795,"Suffolk County",25025,513,"Coal workers pneumoconiosis",1,"Male",27,"Age-standardized",1981,"Rate",0.020090999683094,0.00284514766103351,0.0670986713019678
1,"Deaths",1795,"Suffolk County",25025,513,"Coal workers pneumoconiosis",1,"Male",27,"Age-standardized",1982,"Rate",0.0209227503108438,0.00307169929942771,0.0671016102190506
1,"Deaths",1795,"Suffolk County",25025,513,"Coal workers pneumoconiosis",1,"Male",27,"Age-standardized",1983,"Rate",0.0230646242934285,0.00310425729630868,0.0746089100719879
1,"Deaths",1795,"Suffolk County",25025,513,"Coal workers pneumoconiosis",1,"Male",27,"Age-standardized",1984,"Rate",0.0187138685865961,0.00290143009998202,0.0575613937004628
1,"Deaths",1795,"Suffolk County",25025,513,"Coal workers pneumoconiosis",1,"Male",27,"Age-standardized",1985,"Rate",0.0193245632917528,0.00285664969517718,0.0593612408859585
1,"Deaths",1795,"Suffolk County",25025,513,"Coal workers pneumoconiosis",1,"Male",27,"Age-standardized",1986,"Rate",0.0192191681712169,0.0029782545161203,0.063534325009711
1,"Deaths",1795,"Suffolk County",25025,513,"Coal workers pneumoconiosis",1,"Male",27,"Age-standardized",1987,"Rate",0.017870787010633,0.002771708221799,0.0565461691192559
1,"Deaths",1795,"Suffolk County",25025,513,"Coal workers pneumoconiosis",1,"Male",27,"Age-standardized",1988,"Rate",0.0159723068684259,0.00234920927973521,0.0505030868451279
1,"Deaths",1795,"Suffolk County",25025,513,"Coal workers pneumoconiosis",1,"Male",27,"Age-standardized",1989,"Rate",0.0161248912312971,0.00243387378848691,0.0500991940084033
1,"Deaths",1795,"Suffolk County",25025,513,"Coal workers pneumoconiosis",1,"Male",27,"Age-standardized",1990,"Rate",0.0131823472707478,0.00198813338538835,0.0440353289107324
1,"Deaths",1795,"Suffolk County",25025,513,"Coal workers pneumoconiosis",1,"Male",27,"Age-standardized",1991,"Rate",0.0139043798407114,0.00200171002347122,0.0438486608707854
1,"Deaths",1795,"Suffolk County",25025,513,"Coal workers pneumoconiosis",1,"Male",27,"Age-standardized",1992,"Rate",0.0137360331750566,0.0019900514603086,0.0452491384028148
1,"Deaths",1795,"Suffolk County",25025,513,"Coal workers pneumoconiosis",1,"Male",27,"Age-standardized",1993,"Rate",0.0127134210426964,0.00175985674295854,0.0417123048230725
1,"Deaths",1795,"Suffolk County",25025,513,"Coal workers pneumoconiosis",1,"Male",27,"Age-standardized",1994,"Rate",0.0119068305398378,0.0016350383449416,0.0421695655856943
1,"Deaths",1795,"Suffolk County",25025,513,"Coal workers pneumoconiosis",1,"Male",27,"Age-standardized",1995,"Rate",0.0120154862217282,0.00155195225454724,0.0392109043508171
1,"Deaths",1795,"Suffolk County",25025,513,"Coal workers pneumoconiosis",1,"Male",27,"Age-standardized",1996,"Rate",0.0105535390318127,0.0015027050076574,0.0357728374964008
1,"Deaths",1795,"Suffolk County",25025,513,"Coal workers pneumoconiosis",1,"Male",27,"Age-standardized",1997,"Rate",0.0104830411269436,0.00129860198532208,0.0338682828894675
1,"Deaths",1795,"Suffolk County",25025,513,"Coal workers pneumoconiosis",1,"Male",27,"Age-standardized",1998,"Rate",0.00948101468998649,0.00119532493778046,0.0365569702521696
1,"Deaths",1795,"Suffolk County",25025,513,"Coal workers pneumoconiosis",1,"Male",27,"Age-standardized",1999,"Rate",0.00899524528635551,0.00118622728003644,0.0324399442272628
1,"Deaths",1795,"Suffolk County",25025,513,"Coal workers pneumoconiosis",1,"Male",27,"Age-standardized",2000,"Rate",0.00808864884190358,0.000946936052720162,0.0310673966251045
1,"Deaths",1795,"Suffolk County",25025,513,"Coal workers pneumoconiosis",1,"Male",27,"Age-standardized",2001,"Rate",0.00717014054591571,0.000768695321440251,0.0271662021093954
1,"Deaths",1795,"Suffolk County",25025,513,"Coal workers pneumoconiosis",1,"Male",27,"Age-standardized",2002,"Rate",0.0068105780777422,0.000734735638467075,0.0258929336115971
1,"Deaths",1795,"Suffolk County",25025,513,"Coal workers pneumoconiosis",1,"Male",27,"Age-standardized",2003,"Rate",0.00655697127043542,0.000686375120476754,0.0261395794647648
1,"Deaths",1795,"Suffolk County",25025,513,"Coal workers pneumoconiosis",1,"Male",27,"Age-standardized",2004,"Rate",0.00581754931647359,0.000578456247568328,0.0233985577701307
1,"Deaths",1795,"Suffolk County",25025,513,"Coal workers pneumoconiosis",1,"Male",27,"Age-standardized",2005,"Rate",0.00592834872818425,0.000530794776180003,0.0262197551106118
1,"Deaths",1795,"Suffolk County",25025,513,"Coal workers pneumoconiosis",1,"Male",27,"Age-standardized",2006,"Rate",0.00517880353173368,0.000478036302164675,0.0213501975839764
1,"Deaths",1795,"Suffolk County",25025,513,"Coal workers pneumoconiosis",1,"Male",27,"Age-standardized",2007,"Rate",0.00455107701203606,0.000369860621966942,0.0195780848565646
1,"Deaths",1795,"Suffolk County",25025,513,"Coal workers pneumoconiosis",1,"Male",27,"Age-standardized",2008,"Rate",0.0047441142941533,0.000371487447567578,0.0208727671595623
1,"Deaths",1795,"Suffolk County",25025,513,"Coal workers pneumoconiosis",1,"Male",27,"Age-standardized",2009,"Rate",0.00444274224729443,0.000324019597701242,0.0207604423930242
1,"Deaths",1795,"Suffolk County",25025,513,"Coal workers pneumoconiosis",1,"Male",27,"Age-standardized",2010,"Rate",0.00471016190230843,0.000347295040928835,0.0217445337817075
1,"Deaths",1795,"Suffolk County",25025,513,"Coal workers pneumoconiosis",1,"Male",27,"Age-standardized",2011,"Rate",0.00443908581837885,0.000296330287319915,0.0191094209084264
1,"Deaths",1795,"Suffolk County",25025,513,"Coal workers pneumoconiosis",1,"Male",27,"Age-standardized",2012,"Rate",0.00433548019952117,0.000290120661610726,0.0189052018613941
1,"Deaths",1795,"Suffolk County",25025,513,"Coal workers pneumoconiosis",1,"Male",27,"Age-standardized",2013,"Rate",0.00430233989402649,0.000292036315987767,0.0194992758188953
1,"Deaths",1795,"Suffolk County",25025,513,"Coal workers pneumoconiosis",1,"Male",27,"Age-standardized",2014,"Rate",0.00517568100352696,0.000305194651861695,0.0250854700703858
1,"Deaths",1795,"Suffolk County",25025,513,"Coal workers pneumoconiosis",2,"Female",27,"Age-standardized",1980,"Rate",0.00239716922033671,0.00052434196080522,0.00760707180021669
1,"Deaths",1795,"Suffolk County",25025,513,"Coal workers pneumoconiosis",2,"Female",27,"Age-standardized",1981,"Rate",0.00226266423447209,0.000515183334510752,0.0067519405760502
1,"Deaths",1795,"Suffolk County",25025,513,"Coal workers pneumoconiosis",2,"Female",27,"Age-standardized",1982,"Rate",0.00226881920818339,0.00049636719084596,0.00690593585646057
1,"Deaths",1795,"Suffolk County",25025,513,"Coal workers pneumoconiosis",2,"Female",27,"Age-standardized",1983,"Rate",0.00237570802370102,0.000548316881393853,0.00716262303706591
1,"Deaths",1795,"Suffolk County",25025,513,"Coal workers pneumoconiosis",2,"Female",27,"Age-standardized",1984,"Rate",0.00253960858901984,0.000557480204394284,0.00798198734338852
1,"Deaths",1795,"Suffolk County",25025,513,"Coal workers pneumoconiosis",2,"Female",27,"Age-standardized",1985,"Rate",0.00260653951805029,0.000587371131197494,0.00796945147343693
1,"Deaths",1795,"Suffolk County",25025,513,"Coal workers pneumoconiosis",2,"Female",27,"Age-standardized",1986,"Rate",0.0025224530048104,0.000576913935099657,0.00764204407125995
1,"Deaths",1795,"Suffolk County",25025,513,"Coal workers pneumoconiosis",2,"Female",27,"Age-standardized",1987,"Rate",0.00219360051869697,0.000484544832721347,0.00690829054693625
1,"Deaths",1795,"Suffolk County",25025,513,"Coal workers pneumoconiosis",2,"Female",27,"Age-standardized",1988,"Rate",0.00189856918975543,0.000450406408404017,0.00587591932671886
1,"Deaths",1795,"Suffolk County",25025,513,"Coal workers pneumoconiosis",2,"Female",27,"Age-standardized",1989,"Rate",0.00144638483657779,0.000338427045029821,0.0045083374686772
1,"Deaths",1795,"Suffolk County",25025,513,"Coal workers pneumoconiosis",2,"Female",27,"Age-standardized",1990,"Rate",0.00122273239944313,0.000271534304845462,0.00392649996558135
1,"Deaths",1795,"Suffolk County",25025,513,"Coal workers pneumoconiosis",2,"Female",27,"Age-standardized",1991,"Rate",0.000831873285143373,0.000188401558546053,0.00276277071702395
1,"Deaths",1795,"Suffolk County",25025,513,"Coal workers pneumoconiosis",2,"Female",27,"Age-standardized",1992,"Rate",0.000613475974164276,0.00014255529650057,0.00195031902272604
1,"Deaths",1795,"Suffolk County",25025,513,"Coal workers pneumoconiosis",2,"Female",27,"Age-standardized",1993,"Rate",0.000860429748016598,0.000194536538372987,0.00267609901588507
1,"Deaths",1795,"Suffolk County",25025,513,"Coal workers pneumoconiosis",2,"Female",27,"Age-standardized",1994,"Rate",0.000714613991981488,0.000155152264491655,0.00232509439636638
1,"Deaths",1795,"Suffolk County",25025,513,"Coal workers pneumoconiosis",2,"Female",27,"Age-standardized",1995,"Rate",0.000807359708494258,0.000175364060307303,0.00273962728239912
1,"Deaths",1795,"Suffolk County",25025,513,"Coal workers pneumoconiosis",2,"Female",27,"Age-standardized",1996,"Rate",0.000864471039563242,0.000174580277154064,0.00294146411537964
1,"Deaths",1795,"Suffolk County",25025,513,"Coal workers pneumoconiosis",2,"Female",27,"Age-standardized",1997,"Rate",0.000919973665171191,0.000196712138599204,0.00307133485331386
1,"Deaths",1795,"Suffolk County",25025,513,"Coal workers pneumoconiosis",2,"Female",27,"Age-standardized",1998,"Rate",0.0010469207140171,0.000228721391125634,0.00363341015670202
1,"Deaths",1795,"Suffolk County",25025,513,"Coal workers pneumoconiosis",2,"Female",27,"Age-standardized",1999,"Rate",0.00101729622766711,0.000212490492782681,0.00330784262652111
1,"Deaths",1795,"Suffolk County",25025,513,"Coal workers pneumoconiosis",2,"Female",27,"Age-standardized",2000,"Rate",0.00109116268035041,0.000235627298232713,0.0035829384950043
1,"Deaths",1795,"Suffolk County",25025,513,"Coal workers pneumoconiosis",2,"Female",27,"Age-standardized",2001,"Rate",0.00105434687238685,0.000222464646525119,0.00355277082089962
1,"Deaths",1795,"Suffolk County",25025,513,"Coal workers pneumoconiosis",2,"Female",27,"Age-standardized",2002,"Rate",0.000978049199344103,0.000204698793907557,0.00328062436299835
1,"Deaths",1795,"Suffolk County",25025,513,"Coal workers pneumoconiosis",2,"Female",27,"Age-standardized",2003,"Rate",0.000952625447254029,0.000188931363402425,0.00323249860433405
1,"Deaths",1795,"Suffolk County",25025,513,"Coal workers pneumoconiosis",2,"Female",27,"Age-standardized",2004,"Rate",0.000948317980027242,0.000188103973120308,0.00320362882014224
1,"Deaths",1795,"Suffolk County",25025,513,"Coal workers pneumoconiosis",2,"Female",27,"Age-standardized",2005,"Rate",0.000877354568086466,0.000175233622781648,0.00310634152808682
1,"Deaths",1795,"Suffolk County",25025,513,"Coal workers pneumoconiosis",2,"Female",27,"Age-standardized",2006,"Rate",0.000828048860869276,0.000160408688383902,0.00305974769557754
1,"Deaths",1795,"Suffolk County",25025,513,"Coal workers pneumoconiosis",2,"Female",27,"Age-standardized",2007,"Rate",0.000688364003225938,0.000131935907753988,0.00238862283071477
1,"Deaths",1795,"Suffolk County",25025,513,"Coal workers pneumoconiosis",2,"Female",27,"Age-standardized",2008,"Rate",0.000817667713758228,0.000150326031718343,0.00290732219093376
1,"Deaths",1795,"Suffolk County",25025,513,"Coal workers pneumoconiosis",2,"Female",27,"Age-standardized",2009,"Rate",0.000764103577040425,0.000139143104594737,0.00279394757666922
1,"Deaths",1795,"Suffolk County",25025,513,"Coal workers pneumoconiosis",2,"Female",27,"Age-standardized",2010,"Rate",0.000743163099596806,0.000130550213740655,0.00266030269084944
1,"Deaths",1795,"Suffolk County",25025,513,"Coal workers pneumoconiosis",2,"Female",27,"Age-standardized",2011,"Rate",0.000769892660791184,0.000134770283035157,0.00276635087091118
1,"Deaths",1795,"Suffolk County",25025,513,"Coal workers pneumoconiosis",2,"Female",27,"Age-standardized",2012,"Rate",0.000728429389074958,0.000128810023381072,0.00276460935141284
1,"Deaths",1795,"Suffolk County",25025,513,"Coal workers pneumoconiosis",2,"Female",27,"Age-standardized",2013,"Rate",0.0007724796892771,0.000119095853061882,0.00315223780676723
1,"Deaths",1795,"Suffolk County",25025,513,"Coal workers pneumoconiosis",2,"Female",27,"Age-standardized",2014,"Rate",0.000754757594341521,0.000115204290494492,0.00283266184672598
1,"Deaths",1795,"Suffolk County",25025,513,"Coal workers pneumoconiosis",3,"Both",27,"Age-standardized",1980,"Rate",0.00906246339061167,0.00194665421879899,0.0266500168723564
1,"Deaths",1795,"Suffolk County",25025,513,"Coal workers pneumoconiosis",3,"Both",27,"Age-standardized",1981,"Rate",0.00843322742075366,0.00191108378396195,0.0256747929319706
1,"Deaths",1795,"Suffolk County",25025,513,"Coal workers pneumoconiosis",3,"Both",27,"Age-standardized",1982,"Rate",0.00871111333571998,0.00197401406610561,0.0248228441981678
1,"Deaths",1795,"Suffolk County",25025,513,"Coal workers pneumoconiosis",3,"Both",27,"Age-standardized",1983,"Rate",0.00946452986637108,0.00215109735267004,0.0271843441742209
1,"Deaths",1795,"Suffolk County",25025,513,"Coal workers pneumoconiosis",3,"Both",27,"Age-standardized",1984,"Rate",0.00806548880225021,0.0020298628946322,0.0225907405014192
1,"Deaths",1795,"Suffolk County",25025,513,"Coal workers pneumoconiosis",3,"Both",27,"Age-standardized",1985,"Rate",0.00827215254819337,0.00195494346807653,0.0228934886039893
1,"Deaths",1795,"Suffolk County",25025,513,"Coal workers pneumoconiosis",3,"Both",27,"Age-standardized",1986,"Rate",0.00811934003483315,0.00201214263778784,0.0228419962994207
1,"Deaths",1795,"Suffolk County",25025,513,"Coal workers pneumoconiosis",3,"Both",27,"Age-standardized",1987,"Rate",0.00740345266400611,0.00172900522526381,0.0208267424181983
1,"Deaths",1795,"Suffolk County",25025,513,"Coal workers pneumoconiosis",3,"Both",27,"Age-standardized",1988,"Rate",0.00654074922105915,0.00154795174359905,0.0187846166727204
1,"Deaths",1795,"Suffolk County",25025,513,"Coal workers pneumoconiosis",3,"Both",27,"Age-standardized",1989,"Rate",0.00625607325919802,0.00138334693125083,0.0179616846446063
1,"Deaths",1795,"Suffolk County",25025,513,"Coal workers pneumoconiosis",3,"Both",27,"Age-standardized",1990,"Rate",0.00510497419482224,0.0011432986778913,0.0151893613478255
1,"Deaths",1795,"Suffolk County",25025,513,"Coal workers pneumoconiosis",3,"Both",27,"Age-standardized",1991,"Rate",0.00508018945344838,0.00100733101293813,0.0148870030578797
1,"Deaths",1795,"Suffolk County",25025,513,"Coal workers pneumoconiosis",3,"Both",27,"Age-standardized",1992,"Rate",0.00483086209743692,0.000929946055230854,0.0151894924309588
1,"Deaths",1795,"Suffolk County",25025,513,"Coal workers pneumoconiosis",3,"Both",27,"Age-standardized",1993,"Rate",0.0046573075892449,0.000917391545981362,0.0141218797129948
1,"Deaths",1795,"Suffolk County",25025,513,"Coal workers pneumoconiosis",3,"Both",27,"Age-standardized",1994,"Rate",0.00429894820964198,0.000825926333532615,0.0139865874033283
1,"Deaths",1795,"Suffolk County",25025,513,"Coal workers pneumoconiosis",3,"Both",27,"Age-standardized",1995,"Rate",0.00440498653892133,0.000835145541613794,0.0138426354341018
1,"Deaths",1795,"Suffolk County",25025,513,"Coal workers pneumoconiosis",3,"Both",27,"Age-standardized",1996,"Rate",0.00395363397475853,0.000833141617903523,0.0117783166645539
1,"Deaths",1795,"Suffolk County",25025,513,"Coal workers pneumoconiosis",3,"Both",27,"Age-standardized",1997,"Rate",0.00399122308910075,0.000774423922269445,0.0120926286558739
1,"Deaths",1795,"Suffolk County",25025,513,"Coal workers pneumoconiosis",3,"Both",27,"Age-standardized",1998,"Rate",0.00375764861455414,0.000739186986159021,0.0127110697821568
1,"Deaths",1795,"Suffolk County",25025,513,"Coal workers pneumoconiosis",3,"Both",27,"Age-standardized",1999,"Rate",0.0035983571164872,0.00070365081941718,0.0115774943989486
1,"Deaths",1795,"Suffolk County",25025,513,"Coal workers pneumoconiosis",3,"Both",27,"Age-standardized",2000,"Rate",0.00337211495076832,0.000660402155597088,0.0113041404098263
1,"Deaths",1795,"Suffolk County",25025,513,"Coal workers pneumoconiosis",3,"Both",27,"Age-standardized",2001,"Rate",0.00307622397915364,0.000579425312883061,0.00982228535122638
1,"Deaths",1795,"Suffolk County",25025,513,"Coal workers pneumoconiosis",3,"Both",27,"Age-standardized",2002,"Rate",0.00292449785033358,0.00056777331164387,0.00944302617517312
1,"Deaths",1795,"Suffolk County",25025,513,"Coal workers pneumoconiosis",3,"Both",27,"Age-standardized",2003,"Rate",0.00284970888688777,0.000519317820882543,0.00957914054671718
1,"Deaths",1795,"Suffolk County",25025,513,"Coal workers pneumoconiosis",3,"Both",27,"Age-standardized",2004,"Rate",0.00260862508527683,0.000465186351203082,0.00879310371298635
1,"Deaths",1795,"Suffolk County",25025,513,"Coal workers pneumoconiosis",3,"Both",27,"Age-standardized",2005,"Rate",0.00262456408865597,0.000473289297488722,0.00997175028297536
1,"Deaths",1795,"Suffolk County",25025,513,"Coal workers pneumoconiosis",3,"Both",27,"Age-standardized",2006,"Rate",0.0023585845831734,0.000392236526709113,0.00816274425139429
1,"Deaths",1795,"Suffolk County",25025,513,"Coal workers pneumoconiosis",3,"Both",27,"Age-standardized",2007,"Rate",0.00205866036279595,0.000362005181173351,0.00722399532630858
1,"Deaths",1795,"Suffolk County",25025,513,"Coal workers pneumoconiosis",3,"Both",27,"Age-standardized",2008,"Rate",0.00222559702554231,0.000383364237933527,0.0080710751328277
1,"Deaths",1795,"Suffolk County",25025,513,"Coal workers pneumoconiosis",3,"Both",27,"Age-standardized",2009,"Rate",0.00210281340469227,0.000345386211795013,0.00799470559462314
1,"Deaths",1795,"Suffolk County",25025,513,"Coal workers pneumoconiosis",3,"Both",27,"Age-standardized",2010,"Rate",0.00220016795073015,0.000339987558931154,0.0085140629038431
1,"Deaths",1795,"Suffolk County",25025,513,"Coal workers pneumoconiosis",3,"Both",27,"Age-standardized",2011,"Rate",0.00211987939323167,0.000324222173368837,0.00773118618704654
1,"Deaths",1795,"Suffolk County",25025,513,"Coal workers pneumoconiosis",3,"Both",27,"Age-standardized",2012,"Rate",0.00206962496039651,0.000329167058460796,0.0076973139054017
1,"Deaths",1795,"Suffolk County",25025,513,"Coal workers pneumoconiosis",3,"Both",27,"Age-standardized",2013,"Rate",0.00210353894256311,0.000309796060791797,0.00778254704533576
1,"Deaths",1795,"Suffolk County",25025,513,"Coal workers pneumoconiosis",3,"Both",27,"Age-standardized",2014,"Rate",0.00241991051488743,0.00032228268612877,0.0101112393543525
1,"Deaths",1793,"Worcester County",25027,513,"Coal workers pneumoconiosis",1,"Male",27,"Age-standardized",1980,"Rate",0.0213955969430126,0.0051957915164473,0.056478234477561
1,"Deaths",1793,"Worcester County",25027,513,"Coal workers pneumoconiosis",1,"Male",27,"Age-standardized",1981,"Rate",0.0192926164078654,0.00504385210248766,0.0522601295166863
1,"Deaths",1793,"Worcester County",25027,513,"Coal workers pneumoconiosis",1,"Male",27,"Age-standardized",1982,"Rate",0.0191490889560814,0.00494407263907808,0.0485101779625073
1,"Deaths",1793,"Worcester County",25027,513,"Coal workers pneumoconiosis",1,"Male",27,"Age-standardized",1983,"Rate",0.0209892549521261,0.00542089833457216,0.0560396765043277
1,"Deaths",1793,"Worcester County",25027,513,"Coal workers pneumoconiosis",1,"Male",27,"Age-standardized",1984,"Rate",0.0183433114395876,0.0046783177149153,0.0462332900088558
1,"Deaths",1793,"Worcester County",25027,513,"Coal workers pneumoconiosis",1,"Male",27,"Age-standardized",1985,"Rate",0.0199581607395439,0.00545569534461096,0.0493884423555678
1,"Deaths",1793,"Worcester County",25027,513,"Coal workers pneumoconiosis",1,"Male",27,"Age-standardized",1986,"Rate",0.0198174327918923,0.004741310498286,0.051849627784654
1,"Deaths",1793,"Worcester County",25027,513,"Coal workers pneumoconiosis",1,"Male",27,"Age-standardized",1987,"Rate",0.0187313665802466,0.00530399401177543,0.0472686841364058
1,"Deaths",1793,"Worcester County",25027,513,"Coal workers pneumoconiosis",1,"Male",27,"Age-standardized",1988,"Rate",0.0157724474440962,0.00439687067224456,0.040152038581622
1,"Deaths",1793,"Worcester County",25027,513,"Coal workers pneumoconiosis",1,"Male",27,"Age-standardized",1989,"Rate",0.0161394441680811,0.00418250600967881,0.041097389243792
1,"Deaths",1793,"Worcester County",25027,513,"Coal workers pneumoconiosis",1,"Male",27,"Age-standardized",1990,"Rate",0.0139549442211993,0.00365304228562624,0.0362203317181666
1,"Deaths",1793,"Worcester County",25027,513,"Coal workers pneumoconiosis",1,"Male",27,"Age-standardized",1991,"Rate",0.0139367335523365,0.00365401827711618,0.0367571073445192
1,"Deaths",1793,"Worcester County",25027,513,"Coal workers pneumoconiosis",1,"Male",27,"Age-standardized",1992,"Rate",0.0148811295599086,0.00377316015351004,0.0402071471100893
1,"Deaths",1793,"Worcester County",25027,513,"Coal workers pneumoconiosis",1,"Male",27,"Age-standardized",1993,"Rate",0.0136828984628387,0.00347037354188831,0.0351073207696475
1,"Deaths",1793,"Worcester County",25027,513,"Coal workers pneumoconiosis",1,"Male",27,"Age-standardized",1994,"Rate",0.0130051600478265,0.00338735489292435,0.0360763834574325
1,"Deaths",1793,"Worcester County",25027,513,"Coal workers pneumoconiosis",1,"Male",27,"Age-standardized",1995,"Rate",0.0133221814300266,0.0030866307940207,0.0357303999642174
1,"Deaths",1793,"Worcester County",25027,513,"Coal workers pneumoconiosis",1,"Male",27,"Age-standardized",1996,"Rate",0.0121164308833572,0.00276081364476662,0.0335439172082317
1,"Deaths",1793,"Worcester County",25027,513,"Coal workers pneumoconiosis",1,"Male",27,"Age-standardized",1997,"Rate",0.0126539062304229,0.00294645514278861,0.0366817532784659
1,"Deaths",1793,"Worcester County",25027,513,"Coal workers pneumoconiosis",1,"Male",27,"Age-standardized",1998,"Rate",0.0121141444008968,0.00259815442441482,0.0349931492223361
1,"Deaths",1793,"Worcester County",25027,513,"Coal workers pneumoconiosis",1,"Male",27,"Age-standardized",1999,"Rate",0.0105295432473011,0.00228319979133663,0.0309314246074373
1,"Deaths",1793,"Worcester County",25027,513,"Coal workers pneumoconiosis",1,"Male",27,"Age-standardized",2000,"Rate",0.00928010993003531,0.00196442349868657,0.0274413628409921
1,"Deaths",1793,"Worcester County",25027,513,"Coal workers pneumoconiosis",1,"Male",27,"Age-standardized",2001,"Rate",0.00785822506368392,0.00162334594241074,0.024164362794592
1,"Deaths",1793,"Worcester County",25027,513,"Coal workers pneumoconiosis",1,"Male",27,"Age-standardized",2002,"Rate",0.00757898075570842,0.00152028108132516,0.0232824256091737
1,"Deaths",1793,"Worcester County",25027,513,"Coal workers pneumoconiosis",1,"Male",27,"Age-standardized",2003,"Rate",0.0069443453397898,0.00140783150717526,0.021252355353888
1,"Deaths",1793,"Worcester County",25027,513,"Coal workers pneumoconiosis",1,"Male",27,"Age-standardized",2004,"Rate",0.00580436274230422,0.00114934015338577,0.0193975510555978
1,"Deaths",1793,"Worcester County",25027,513,"Coal workers pneumoconiosis",1,"Male",27,"Age-standardized",2005,"Rate",0.00556497482234685,0.00113208710737304,0.0172505588996667
1,"Deaths",1793,"Worcester County",25027,513,"Coal workers pneumoconiosis",1,"Male",27,"Age-standardized",2006,"Rate",0.00492000532065282,0.000874067255813131,0.0163914218408895
1,"Deaths",1793,"Worcester County",25027,513,"Coal workers pneumoconiosis",1,"Male",27,"Age-standardized",2007,"Rate",0.0044992073365999,0.000777367227354888,0.0151747855106624
1,"Deaths",1793,"Worcester County",25027,513,"Coal workers pneumoconiosis",1,"Male",27,"Age-standardized",2008,"Rate",0.00403902670461125,0.00068119999275153,0.0136529929246685
1,"Deaths",1793,"Worcester County",25027,513,"Coal workers pneumoconiosis",1,"Male",27,"Age-standardized",2009,"Rate",0.00399321200921828,0.000644466162603008,0.0129029611818881
1,"Deaths",1793,"Worcester County",25027,513,"Coal workers pneumoconiosis",1,"Male",27,"Age-standardized",2010,"Rate",0.00396710020197507,0.000652514655912155,0.0150501667501506
1,"Deaths",1793,"Worcester County",25027,513,"Coal workers pneumoconiosis",1,"Male",27,"Age-standardized",2011,"Rate",0.00372881373181055,0.000586234030148917,0.0133293947665457
1,"Deaths",1793,"Worcester County",25027,513,"Coal workers pneumoconiosis",1,"Male",27,"Age-standardized",2012,"Rate",0.00363542602429903,0.000511298721208033,0.0136404444302131
1,"Deaths",1793,"Worcester County",25027,513,"Coal workers pneumoconiosis",1,"Male",27,"Age-standardized",2013,"Rate",0.00381904891400117,0.000500370919538688,0.0141838883629493
1,"Deaths",1793,"Worcester County",25027,513,"Coal workers pneumoconiosis",1,"Male",27,"Age-standardized",2014,"Rate",0.00412113731111516,0.00052795658589953,0.0147643982905949
1,"Deaths",1793,"Worcester County",25027,513,"Coal workers pneumoconiosis",2,"Female",27,"Age-standardized",1980,"Rate",0.00258962309576539,0.000943741571584065,0.00567940005910993
1,"Deaths",1793,"Worcester County",25027,513,"Coal workers pneumoconiosis",2,"Female",27,"Age-standardized",1981,"Rate",0.0023723683934601,0.000857514611014222,0.00535311182416632
1,"Deaths",1793,"Worcester County",25027,513,"Coal workers pneumoconiosis",2,"Female",27,"Age-standardized",1982,"Rate",0.00234753355353597,0.000823397634584292,0.00544633968064402
1,"Deaths",1793,"Worcester County",25027,513,"Coal workers pneumoconiosis",2,"Female",27,"Age-standardized",1983,"Rate",0.00246693807275412,0.000870584631023606,0.00586359917313495
1,"Deaths",1793,"Worcester County",25027,513,"Coal workers pneumoconiosis",2,"Female",27,"Age-standardized",1984,"Rate",0.00263367917330462,0.000892292144668019,0.00619437559584458
1,"Deaths",1793,"Worcester County",25027,513,"Coal workers pneumoconiosis",2,"Female",27,"Age-standardized",1985,"Rate",0.00272227491301786,0.000912184118400737,0.00658081182669426
1,"Deaths",1793,"Worcester County",25027,513,"Coal workers pneumoconiosis",2,"Female",27,"Age-standardized",1986,"Rate",0.00262684662273132,0.000901867344393851,0.00641658280558752
1,"Deaths",1793,"Worcester County",25027,513,"Coal workers pneumoconiosis",2,"Female",27,"Age-standardized",1987,"Rate",0.00229301876890318,0.000777378725319821,0.00551248313375298
1,"Deaths",1793,"Worcester County",25027,513,"Coal workers pneumoconiosis",2,"Female",27,"Age-standardized",1988,"Rate",0.00191723024862569,0.000663853967131759,0.00477911599576978
1,"Deaths",1793,"Worcester County",25027,513,"Coal workers pneumoconiosis",2,"Female",27,"Age-standardized",1989,"Rate",0.00152669272729683,0.000522614714713608,0.00374571539118586
1,"Deaths",1793,"Worcester County",25027,513,"Coal workers pneumoconiosis",2,"Female",27,"Age-standardized",1990,"Rate",0.00125448824625697,0.000408854391483639,0.00304148556984731
1,"Deaths",1793,"Worcester County",25027,513,"Coal workers pneumoconiosis",2,"Female",27,"Age-standardized",1991,"Rate",0.000897093931699905,0.000311292613002107,0.00218643550324922
1,"Deaths",1793,"Worcester County",25027,513,"Coal workers pneumoconiosis",2,"Female",27,"Age-standardized",1992,"Rate",0.000647196913566949,0.000213440635462766,0.00155279647238789
1,"Deaths",1793,"Worcester County",25027,513,"Coal workers pneumoconiosis",2,"Female",27,"Age-standardized",1993,"Rate",0.000935052765265268,0.000304491432712028,0.00227406775653733
1,"Deaths",1793,"Worcester County",25027,513,"Coal workers pneumoconiosis",2,"Female",27,"Age-standardized",1994,"Rate",0.000812602208681937,0.000269235770863178,0.00191144460272177
1,"Deaths",1793,"Worcester County",25027,513,"Coal workers pneumoconiosis",2,"Female",27,"Age-standardized",1995,"Rate",0.000912169790505217,0.000284137534425121,0.00219095860664674
1,"Deaths",1793,"Worcester County",25027,513,"Coal workers pneumoconiosis",2,"Female",27,"Age-standardized",1996,"Rate",0.000997550245642987,0.000330875731380032,0.002385555457968
1,"Deaths",1793,"Worcester County",25027,513,"Coal workers pneumoconiosis",2,"Female",27,"Age-standardized",1997,"Rate",0.00108291486234922,0.000356895007573128,0.00256729402361106
1,"Deaths",1793,"Worcester County",25027,513,"Coal workers pneumoconiosis",2,"Female",27,"Age-standardized",1998,"Rate",0.00127005539758227,0.000394779226726187,0.00304364674836347
1,"Deaths",1793,"Worcester County",25027,513,"Coal workers pneumoconiosis",2,"Female",27,"Age-standardized",1999,"Rate",0.00117567324126243,0.000380515379344051,0.00286205312478366
1,"Deaths",1793,"Worcester County",25027,513,"Coal workers pneumoconiosis",2,"Female",27,"Age-standardized",2000,"Rate",0.00129989039813242,0.000401966459263446,0.00309706873604208
1,"Deaths",1793,"Worcester County",25027,513,"Coal workers pneumoconiosis",2,"Female",27,"Age-standardized",2001,"Rate",0.00117102714838242,0.000378856332064355,0.00274949842235213
1,"Deaths",1793,"Worcester County",25027,513,"Coal workers pneumoconiosis",2,"Female",27,"Age-standardized",2002,"Rate",0.00107795835535253,0.000338764841811215,0.00252105087837626
1,"Deaths",1793,"Worcester County",25027,513,"Coal workers pneumoconiosis",2,"Female",27,"Age-standardized",2003,"Rate",0.0010104651510734,0.00032522119461425,0.00242290820081421
1,"Deaths",1793,"Worcester County",25027,513,"Coal workers pneumoconiosis",2,"Female",27,"Age-standardized",2004,"Rate",0.00101617023358324,0.000321370575010561,0.00254447103304025
1,"Deaths",1793,"Worcester County",25027,513,"Coal workers pneumoconiosis",2,"Female",27,"Age-standardized",2005,"Rate",0.000917817495744025,0.000282336649185809,0.00220673109498376
1,"Deaths",1793,"Worcester County",25027,513,"Coal workers pneumoconiosis",2,"Female",27,"Age-standardized",2006,"Rate",0.000906950528685,0.000271517175540061,0.00226350140646304
1,"Deaths",1793,"Worcester County",25027,513,"Coal workers pneumoconiosis",2,"Female",27,"Age-standardized",2007,"Rate",0.00073281553980857,0.000213384566034463,0.00182961102357736
1,"Deaths",1793,"Worcester County",25027,513,"Coal workers pneumoconiosis",2,"Female",27,"Age-standardized",2008,"Rate",0.000841587183726055,0.000243042149666136,0.0022254406461748
1,"Deaths",1793,"Worcester County",25027,513,"Coal workers pneumoconiosis",2,"Female",27,"Age-standardized",2009,"Rate",0.000841353647741703,0.000235349984886753,0.00210169518434594
1,"Deaths",1793,"Worcester County",25027,513,"Coal workers pneumoconiosis",2,"Female",27,"Age-standardized",2010,"Rate",0.000774080790590251,0.000215676544948955,0.00198035020677824
1,"Deaths",1793,"Worcester County",25027,513,"Coal workers pneumoconiosis",2,"Female",27,"Age-standardized",2011,"Rate",0.000791973662587978,0.000221588070016557,0.00212582251749311
1,"Deaths",1793,"Worcester County",25027,513,"Coal workers pneumoconiosis",2,"Female",27,"Age-standardized",2012,"Rate",0.000762036097690695,0.000201279881526361,0.00198793344520243
1,"Deaths",1793,"Worcester County",25027,513,"Coal workers pneumoconiosis",2,"Female",27,"Age-standardized",2013,"Rate",0.000831555749080283,0.000214007433998925,0.00222780991216571
1,"Deaths",1793,"Worcester County",25027,513,"Coal workers pneumoconiosis",2,"Female",27,"Age-standardized",2014,"Rate",0.000806263237164935,0.000214274593754566,0.00218230900736959
1,"Deaths",1793,"Worcester County",25027,513,"Coal workers pneumoconiosis",3,"Both",27,"Age-standardized",1980,"Rate",0.0094771916649899,0.00350851428923981,0.0220100996685692
1,"Deaths",1793,"Worcester County",25027,513,"Coal workers pneumoconiosis",3,"Both",27,"Age-standardized",1981,"Rate",0.00853816292931691,0.0031376178297662,0.0206439794048161
1,"Deaths",1793,"Worcester County",25027,513,"Coal workers pneumoconiosis",3,"Both",27,"Age-standardized",1982,"Rate",0.0084632688577904,0.00303750574264007,0.0195693858161809
1,"Deaths",1793,"Worcester County",25027,513,"Coal workers pneumoconiosis",3,"Both",27,"Age-standardized",1983,"Rate",0.00916445246325015,0.00324036243745765,0.022276534103001
1,"Deaths",1793,"Worcester County",25027,513,"Coal workers pneumoconiosis",3,"Both",27,"Age-standardized",1984,"Rate",0.00830590275234512,0.0031837723944728,0.0179613331725941
1,"Deaths",1793,"Worcester County",25027,513,"Coal workers pneumoconiosis",3,"Both",27,"Age-standardized",1985,"Rate",0.00890441799635006,0.00332035052135773,0.0192309434953196
1,"Deaths",1793,"Worcester County",25027,513,"Coal workers pneumoconiosis",3,"Both",27,"Age-standardized",1986,"Rate",0.00873886809577381,0.00315886471611347,0.0200037199892
1,"Deaths",1793,"Worcester County",25027,513,"Coal workers pneumoconiosis",3,"Both",27,"Age-standardized",1987,"Rate",0.00808228267864519,0.00289736885063084,0.0183997193163389
1,"Deaths",1793,"Worcester County",25027,513,"Coal workers pneumoconiosis",3,"Both",27,"Age-standardized",1988,"Rate",0.0067659296814738,0.00254089219975045,0.0151117700050844
1,"Deaths",1793,"Worcester County",25027,513,"Coal workers pneumoconiosis",3,"Both",27,"Age-standardized",1989,"Rate",0.00660791635655913,0.00232709115387362,0.0154482825884963
1,"Deaths",1793,"Worcester County",25027,513,"Coal workers pneumoconiosis",3,"Both",27,"Age-standardized",1990,"Rate",0.0056363556283996,0.00191186069128597,0.0131996288712674
1,"Deaths",1793,"Worcester County",25027,513,"Coal workers pneumoconiosis",3,"Both",27,"Age-standardized",1991,"Rate",0.00537425307942332,0.00181819860004589,0.0133834600035656
1,"Deaths",1793,"Worcester County",25027,513,"Coal workers pneumoconiosis",3,"Both",27,"Age-standardized",1992,"Rate",0.00548562909722444,0.00169715937506856,0.0139482314398202
1,"Deaths",1793,"Worcester County",25027,513,"Coal workers pneumoconiosis",3,"Both",27,"Age-standardized",1993,"Rate",0.00524975681152948,0.00180221569864745,0.0124699740585631
1,"Deaths",1793,"Worcester County",25027,513,"Coal workers pneumoconiosis",3,"Both",27,"Age-standardized",1994,"Rate",0.00492327085750536,0.00159245790812232,0.0127431027378424
1,"Deaths",1793,"Worcester County",25027,513,"Coal workers pneumoconiosis",3,"Both",27,"Age-standardized",1995,"Rate",0.00510063028672601,0.0015307436010452,0.0126640547201015
1,"Deaths",1793,"Worcester County",25027,513,"Coal workers pneumoconiosis",3,"Both",27,"Age-standardized",1996,"Rate",0.00472596248768513,0.00151322103960937,0.0119236852000569
1,"Deaths",1793,"Worcester County",25027,513,"Coal workers pneumoconiosis",3,"Both",27,"Age-standardized",1997,"Rate",0.00497217007878358,0.00156112506192897,0.0130126005874179
1,"Deaths",1793,"Worcester County",25027,513,"Coal workers pneumoconiosis",3,"Both",27,"Age-standardized",1998,"Rate",0.00491699889826151,0.00160823080378728,0.0128416389762571
1,"Deaths",1793,"Worcester County",25027,513,"Coal workers pneumoconiosis",3,"Both",27,"Age-standardized",1999,"Rate",0.00433791609319772,0.00140296054655728,0.0111962107083999
1,"Deaths",1793,"Worcester County",25027,513,"Coal workers pneumoconiosis",3,"Both",27,"Age-standardized",2000,"Rate",0.00400532546647408,0.00129766079743676,0.0102994614006978
1,"Deaths",1793,"Worcester County",25027,513,"Coal workers pneumoconiosis",3,"Both",27,"Age-standardized",2001,"Rate",0.00344544950155211,0.00113391850318717,0.0092958110128475
1,"Deaths",1793,"Worcester County",25027,513,"Coal workers pneumoconiosis",3,"Both",27,"Age-standardized",2002,"Rate",0.00330517008941395,0.00103537708803316,0.00876685036771458
1,"Deaths",1793,"Worcester County",25027,513,"Coal workers pneumoconiosis",3,"Both",27,"Age-standardized",2003,"Rate",0.00305327412704554,0.000942007458795352,0.00790159547713804
1,"Deaths",1793,"Worcester County",25027,513,"Coal workers pneumoconiosis",3,"Both",27,"Age-standardized",2004,"Rate",0.00267884146998886,0.000848291581717559,0.00778495340048794
1,"Deaths",1793,"Worcester County",25027,513,"Coal workers pneumoconiosis",3,"Both",27,"Age-standardized",2005,"Rate",0.00254752634286432,0.000785213671260431,0.00666103772911352
1,"Deaths",1793,"Worcester County",25027,513,"Coal workers pneumoconiosis",3,"Both",27,"Age-standardized",2006,"Rate",0.00234377119446055,0.000715817005325618,0.00665999210354954
1,"Deaths",1793,"Worcester County",25027,513,"Coal workers pneumoconiosis",3,"Both",27,"Age-standardized",2007,"Rate",0.00211252499928204,0.000601996025573224,0.00605337515681566
1,"Deaths",1793,"Worcester County",25027,513,"Coal workers pneumoconiosis",3,"Both",27,"Age-standardized",2008,"Rate",0.00201837306112045,0.000597482038689682,0.00562348997833121
1,"Deaths",1793,"Worcester County",25027,513,"Coal workers pneumoconiosis",3,"Both",27,"Age-standardized",2009,"Rate",0.00202194199752006,0.000583694667542002,0.00558627867214307
1,"Deaths",1793,"Worcester County",25027,513,"Coal workers pneumoconiosis",3,"Both",27,"Age-standardized",2010,"Rate",0.0019789092985672,0.000545427843018185,0.0064036837515037
1,"Deaths",1793,"Worcester County",25027,513,"Coal workers pneumoconiosis",3,"Both",27,"Age-standardized",2011,"Rate",0.00190537707081088,0.000526509642082786,0.00569061670207723
1,"Deaths",1793,"Worcester County",25027,513,"Coal workers pneumoconiosis",3,"Both",27,"Age-standardized",2012,"Rate",0.00185848102433235,0.000499714461426054,0.00615268199285117
1,"Deaths",1793,"Worcester County",25027,513,"Coal workers pneumoconiosis",3,"Both",27,"Age-standardized",2013,"Rate",0.00197419471081533,0.000506489354372398,0.00608392189880168
1,"Deaths",1793,"Worcester County",25027,513,"Coal workers pneumoconiosis",3,"Both",27,"Age-standardized",2014,"Rate",0.00207865499674242,0.000477253354434738,0.00620667265264799
1,"Deaths",544,"Massachusetts",25,514,"Other pneumoconiosis",1,"Male",27,"Age-standardized",1980,"Rate",0.127295511797898,0.0637820213345541,0.190915431605848
1,"Deaths",544,"Massachusetts",25,514,"Other pneumoconiosis",1,"Male",27,"Age-standardized",1981,"Rate",0.12316279424012,0.0598903615892371,0.18402713011698
1,"Deaths",544,"Massachusetts",25,514,"Other pneumoconiosis",1,"Male",27,"Age-standardized",1982,"Rate",0.122975059679995,0.0592421200931814,0.180230625344706
1,"Deaths",544,"Massachusetts",25,514,"Other pneumoconiosis",1,"Male",27,"Age-standardized",1983,"Rate",0.125064726524281,0.0639332270417611,0.185375360168551
1,"Deaths",544,"Massachusetts",25,514,"Other pneumoconiosis",1,"Male",27,"Age-standardized",1984,"Rate",0.115341727036689,0.0595209998208421,0.172936798801387
1,"Deaths",544,"Massachusetts",25,514,"Other pneumoconiosis",1,"Male",27,"Age-standardized",1985,"Rate",0.113665858636491,0.0623515858373093,0.16664857374256
1,"Deaths",544,"Massachusetts",25,514,"Other pneumoconiosis",1,"Male",27,"Age-standardized",1986,"Rate",0.109288680662909,0.0592712525605626,0.15954468943253
1,"Deaths",544,"Massachusetts",25,514,"Other pneumoconiosis",1,"Male",27,"Age-standardized",1987,"Rate",0.102903424551082,0.0586483361167776,0.153636593609387
1,"Deaths",544,"Massachusetts",25,514,"Other pneumoconiosis",1,"Male",27,"Age-standardized",1988,"Rate",0.0953925284298452,0.0536771084148123,0.140499839230651
1,"Deaths",544,"Massachusetts",25,514,"Other pneumoconiosis",1,"Male",27,"Age-standardized",1989,"Rate",0.0900954426613232,0.0509953566047604,0.138443542522413
1,"Deaths",544,"Massachusetts",25,514,"Other pneumoconiosis",1,"Male",27,"Age-standardized",1990,"Rate",0.0804009252173777,0.0468159772571744,0.122843417303232
1,"Deaths",544,"Massachusetts",25,514,"Other pneumoconiosis",1,"Male",27,"Age-standardized",1991,"Rate",0.0768666032865341,0.0438402792661853,0.11879481395159
1,"Deaths",544,"Massachusetts",25,514,"Other pneumoconiosis",1,"Male",27,"Age-standardized",1992,"Rate",0.0755688224704686,0.0428310838378286,0.118347010644776
1,"Deaths",544,"Massachusetts",25,514,"Other pneumoconiosis",1,"Male",27,"Age-standardized",1993,"Rate",0.0704878209781619,0.0393348074365017,0.110989934007985
1,"Deaths",544,"Massachusetts",25,514,"Other pneumoconiosis",1,"Male",27,"Age-standardized",1994,"Rate",0.0680795116541018,0.0383873282606401,0.109619000186953
1,"Deaths",544,"Massachusetts",25,514,"Other pneumoconiosis",1,"Male",27,"Age-standardized",1995,"Rate",0.063859305040414,0.0346868613170563,0.10405387460168
1,"Deaths",544,"Massachusetts",25,514,"Other pneumoconiosis",1,"Male",27,"Age-standardized",1996,"Rate",0.0594351214260731,0.0325189248498228,0.10322287909071
1,"Deaths",544,"Massachusetts",25,514,"Other pneumoconiosis",1,"Male",27,"Age-standardized",1997,"Rate",0.0555757784723997,0.0310416936216853,0.0956632017191314
1,"Deaths",544,"Massachusetts",25,514,"Other pneumoconiosis",1,"Male",27,"Age-standardized",1998,"Rate",0.0528067783342083,0.0286801746018634,0.0931978191071352
1,"Deaths",544,"Massachusetts",25,514,"Other pneumoconiosis",1,"Male",27,"Age-standardized",1999,"Rate",0.0506159733424284,0.0270984559046356,0.0919730745925899
1,"Deaths",544,"Massachusetts",25,514,"Other pneumoconiosis",1,"Male",27,"Age-standardized",2000,"Rate",0.0471906270256286,0.0250070991762262,0.0908235213530323
1,"Deaths",544,"Massachusetts",25,514,"Other pneumoconiosis",1,"Male",27,"Age-standardized",2001,"Rate",0.0442830702972714,0.0230334977118092,0.0852875392537574
1,"Deaths",544,"Massachusetts",25,514,"Other pneumoconiosis",1,"Male",27,"Age-standardized",2002,"Rate",0.0428175216661669,0.0232988454262428,0.0825064774709543
1,"Deaths",544,"Massachusetts",25,514,"Other pneumoconiosis",1,"Male",27,"Age-standardized",2003,"Rate",0.041357805303339,0.0218211327688984,0.0834743881753034
1,"Deaths",544,"Massachusetts",25,514,"Other pneumoconiosis",1,"Male",27,"Age-standardized",2004,"Rate",0.0393479941755014,0.0209829383061107,0.0770244777102472
1,"Deaths",544,"Massachusetts",25,514,"Other pneumoconiosis",1,"Male",27,"Age-standardized",2005,"Rate",0.0377131544450718,0.0202406432740198,0.074225378260331
1,"Deaths",544,"Massachusetts",25,514,"Other pneumoconiosis",1,"Male",27,"Age-standardized",2006,"Rate",0.0357617821524881,0.0187769776392791,0.068135055904549
1,"Deaths",544,"Massachusetts",25,514,"Other pneumoconiosis",1,"Male",27,"Age-standardized",2007,"Rate",0.0347315123231976,0.0183280965664802,0.0655044567749417
1,"Deaths",544,"Massachusetts",25,514,"Other pneumoconiosis",1,"Male",27,"Age-standardized",2008,"Rate",0.0343356545651611,0.0180274806354366,0.0632880439445022
1,"Deaths",544,"Massachusetts",25,514,"Other pneumoconiosis",1,"Male",27,"Age-standardized",2009,"Rate",0.0327920371554832,0.0171764004797268,0.0622646651402758
1,"Deaths",544,"Massachusetts",25,514,"Other pneumoconiosis",1,"Male",27,"Age-standardized",2010,"Rate",0.032649136197485,0.01761384463514,0.0608785008567126
1,"Deaths",544,"Massachusetts",25,514,"Other pneumoconiosis",1,"Male",27,"Age-standardized",2011,"Rate",0.0322511411717366,0.0169139779193796,0.0592522274449875
1,"Deaths",544,"Massachusetts",25,514,"Other pneumoconiosis",1,"Male",27,"Age-standardized",2012,"Rate",0.0314168883213234,0.0161747847694096,0.0552777471374475
1,"Deaths",544,"Massachusetts",25,514,"Other pneumoconiosis",1,"Male",27,"Age-standardized",2013,"Rate",0.0317542525296554,0.0165466423856572,0.0584329494735416
1,"Deaths",544,"Massachusetts",25,514,"Other pneumoconiosis",1,"Male",27,"Age-standardized",2014,"Rate",0.0333580174342677,0.0167195392618984,0.0613157350567303
1,"Deaths",544,"Massachusetts",25,514,"Other pneumoconiosis",2,"Female",27,"Age-standardized",1980,"Rate",0.190244364718939,0.136371469027288,0.215983997206622
1,"Deaths",544,"Massachusetts",25,514,"Other pneumoconiosis",2,"Female",27,"Age-standardized",1981,"Rate",0.192594029841777,0.138070695113375,0.217638372288591
1,"Deaths",544,"Massachusetts",25,514,"Other pneumoconiosis",2,"Female",27,"Age-standardized",1982,"Rate",0.19393967103978,0.142375605051958,0.217941029530091
1,"Deaths",544,"Massachusetts",25,514,"Other pneumoconiosis",2,"Female",27,"Age-standardized",1983,"Rate",0.208108372516614,0.155911749332694,0.234205875670536
1,"Deaths",544,"Massachusetts",25,514,"Other pneumoconiosis",2,"Female",27,"Age-standardized",1984,"Rate",0.21793464972764,0.170553138995783,0.245033435462068
1,"Deaths",544,"Massachusetts",25,514,"Other pneumoconiosis",2,"Female",27,"Age-standardized",1985,"Rate",0.225014458181714,0.179623516184612,0.251893029141205
1,"Deaths",544,"Massachusetts",25,514,"Other pneumoconiosis",2,"Female",27,"Age-standardized",1986,"Rate",0.23413219979275,0.190476400657001,0.261463943983034
1,"Deaths",544,"Massachusetts",25,514,"Other pneumoconiosis",2,"Female",27,"Age-standardized",1987,"Rate",0.237109184752211,0.199665619409598,0.26475597197741
1,"Deaths",544,"Massachusetts",25,514,"Other pneumoconiosis",2,"Female",27,"Age-standardized",1988,"Rate",0.242315181010495,0.207400680231716,0.269623126157944
1,"Deaths",544,"Massachusetts",25,514,"Other pneumoconiosis",2,"Female",27,"Age-standardized",1989,"Rate",0.237965325648608,0.205864222113649,0.26296363773927
1,"Deaths",544,"Massachusetts",25,514,"Other pneumoconiosis",2,"Female",27,"Age-standardized",1990,"Rate",0.234454060202934,0.206790347017922,0.257879574989091
1,"Deaths",544,"Massachusetts",25,514,"Other pneumoconiosis",2,"Female",27,"Age-standardized",1991,"Rate",0.236764132178657,0.209563966659128,0.261502615957846
1,"Deaths",544,"Massachusetts",25,514,"Other pneumoconiosis",2,"Female",27,"Age-standardized",1992,"Rate",0.241135142314133,0.212792879816721,0.264894925953494
1,"Deaths",544,"Massachusetts",25,514,"Other pneumoconiosis",2,"Female",27,"Age-standardized",1993,"Rate",0.254756161033713,0.226775083389885,0.280542706048764
1,"Deaths",544,"Massachusetts",25,514,"Other pneumoconiosis",2,"Female",27,"Age-standardized",1994,"Rate",0.259463853364075,0.232723013171517,0.286844697148555
1,"Deaths",544,"Massachusetts",25,514,"Other pneumoconiosis",2,"Female",27,"Age-standardized",1995,"Rate",0.269970540224298,0.240900093870432,0.298133514817523
1,"Deaths",544,"Massachusetts",25,514,"Other pneumoconiosis",2,"Female",27,"Age-standardized",1996,"Rate",0.273565555479567,0.246360241494823,0.303334669138502
1,"Deaths",544,"Massachusetts",25,514,"Other pneumoconiosis",2,"Female",27,"Age-standardized",1997,"Rate",0.281329453839329,0.254128169837268,0.312091651636741
1,"Deaths",544,"Massachusetts",25,514,"Other pneumoconiosis",2,"Female",27,"Age-standardized",1998,"Rate",0.296756075791883,0.268934060955655,0.32836889191427
1,"Deaths",544,"Massachusetts",25,514,"Other pneumoconiosis",2,"Female",27,"Age-standardized",1999,"Rate",0.315753098117609,0.285086660682275,0.351777369231469
1,"Deaths",544,"Massachusetts",25,514,"Other pneumoconiosis",2,"Female",27,"Age-standardized",2000,"Rate",0.334354869288941,0.304383131417258,0.37277491556749
1,"Deaths",544,"Massachusetts",25,514,"Other pneumoconiosis",2,"Female",27,"Age-standardized",2001,"Rate",0.338350116271637,0.305456226700809,0.384420993318326
1,"Deaths",544,"Massachusetts",25,514,"Other pneumoconiosis",2,"Female",27,"Age-standardized",2002,"Rate",0.347276488876875,0.31266703073806,0.400022378288092
1,"Deaths",544,"Massachusetts",25,514,"Other pneumoconiosis",2,"Female",27,"Age-standardized",2003,"Rate",0.347543802934197,0.312136647358275,0.406218673615841
1,"Deaths",544,"Massachusetts",25,514,"Other pneumoconiosis",2,"Female",27,"Age-standardized",2004,"Rate",0.34281610208664,0.30713939303699,0.400806632160581
1,"Deaths",544,"Massachusetts",25,514,"Other pneumoconiosis",2,"Female",27,"Age-standardized",2005,"Rate",0.347458026658903,0.310277329174588,0.416792445276165
1,"Deaths",544,"Massachusetts",25,514,"Other pneumoconiosis",2,"Female",27,"Age-standardized",2006,"Rate",0.347928548524918,0.309281421276754,0.415325641660289
1,"Deaths",544,"Massachusetts",25,514,"Other pneumoconiosis",2,"Female",27,"Age-standardized",2007,"Rate",0.336311564471111,0.299742807918234,0.403349883962942
1,"Deaths",544,"Massachusetts",25,514,"Other pneumoconiosis",2,"Female",27,"Age-standardized",2008,"Rate",0.336915160641254,0.297818099508023,0.411182516074105
1,"Deaths",544,"Massachusetts",25,514,"Other pneumoconiosis",2,"Female",27,"Age-standardized",2009,"Rate",0.33370990722621,0.29370382777272,0.414990386010122
1,"Deaths",544,"Massachusetts",25,514,"Other pneumoconiosis",2,"Female",27,"Age-standardized",2010,"Rate",0.329408653526551,0.289835890157316,0.409634122916453
1,"Deaths",544,"Massachusetts",25,514,"Other pneumoconiosis",2,"Female",27,"Age-standardized",2011,"Rate",0.336365463088892,0.29310797472041,0.425036459482019
1,"Deaths",544,"Massachusetts",25,514,"Other pneumoconiosis",2,"Female",27,"Age-standardized",2012,"Rate",0.334981984740461,0.291253548327909,0.422432862792051
1,"Deaths",544,"Massachusetts",25,514,"Other pneumoconiosis",2,"Female",27,"Age-standardized",2013,"Rate",0.340948669234895,0.294420184548795,0.427087962610227
1,"Deaths",544,"Massachusetts",25,514,"Other pneumoconiosis",2,"Female",27,"Age-standardized",2014,"Rate",0.33996329011273,0.292185712968769,0.426193939357057
1,"Deaths",544,"Massachusetts",25,514,"Other pneumoconiosis",3,"Both",27,"Age-standardized",1980,"Rate",0.172890048653322,0.128367348643515,0.203407719456382
1,"Deaths",544,"Massachusetts",25,514,"Other pneumoconiosis",3,"Both",27,"Age-standardized",1981,"Rate",0.173118152525566,0.127318108959711,0.201426397251521
1,"Deaths",544,"Massachusetts",25,514,"Other pneumoconiosis",3,"Both",27,"Age-standardized",1982,"Rate",0.17422061911559,0.130622638425897,0.203442951930932
1,"Deaths",544,"Massachusetts",25,514,"Other pneumoconiosis",3,"Both",27,"Age-standardized",1983,"Rate",0.184608219195897,0.138396834410289,0.21321753303819
1,"Deaths",544,"Massachusetts",25,514,"Other pneumoconiosis",3,"Both",27,"Age-standardized",1984,"Rate",0.188111140582749,0.144030290495665,0.216300022992435
1,"Deaths",544,"Massachusetts",25,514,"Other pneumoconiosis",3,"Both",27,"Age-standardized",1985,"Rate",0.192542804147148,0.151496879603523,0.219313074588488
1,"Deaths",544,"Massachusetts",25,514,"Other pneumoconiosis",3,"Both",27,"Age-standardized",1986,"Rate",0.197288308375906,0.159861567404374,0.225073034499662
1,"Deaths",544,"Massachusetts",25,514,"Other pneumoconiosis",3,"Both",27,"Age-standardized",1987,"Rate",0.196994222368691,0.163203779836663,0.223112757683717
1,"Deaths",544,"Massachusetts",25,514,"Other pneumoconiosis",3,"Both",27,"Age-standardized",1988,"Rate",0.197799180588373,0.16676170960333,0.222485349743111
1,"Deaths",544,"Massachusetts",25,514,"Other pneumoconiosis",3,"Both",27,"Age-standardized",1989,"Rate",0.192890206054184,0.164345943166235,0.217545321177806
1,"Deaths",544,"Massachusetts",25,514,"Other pneumoconiosis",3,"Both",27,"Age-standardized",1990,"Rate",0.186874570780084,0.160869700938454,0.210235089948461
1,"Deaths",544,"Massachusetts",25,514,"Other pneumoconiosis",3,"Both",27,"Age-standardized",1991,"Rate",0.186891864653036,0.163383332722933,0.209050553265431
1,"Deaths",544,"Massachusetts",25,514,"Other pneumoconiosis",3,"Both",27,"Age-standardized",1992,"Rate",0.189002062991591,0.165966216150848,0.212275855060432
1,"Deaths",544,"Massachusetts",25,514,"Other pneumoconiosis",3,"Both",27,"Age-standardized",1993,"Rate",0.196173850678861,0.174017171154266,0.220713181553819
1,"Deaths",544,"Massachusetts",25,514,"Other pneumoconiosis",3,"Both",27,"Age-standardized",1994,"Rate",0.198077610265671,0.176798452787215,0.223234111059065
1,"Deaths",544,"Massachusetts",25,514,"Other pneumoconiosis",3,"Both",27,"Age-standardized",1995,"Rate",0.203218856372058,0.179796905382452,0.230365277356826
1,"Deaths",544,"Massachusetts",25,514,"Other pneumoconiosis",3,"Both",27,"Age-standardized",1996,"Rate",0.203601759890799,0.181724464596673,0.231738503272222
1,"Deaths",544,"Massachusetts",25,514,"Other pneumoconiosis",3,"Both",27,"Age-standardized",1997,"Rate",0.206896503486602,0.183919289666083,0.234966522954511
1,"Deaths",544,"Massachusetts",25,514,"Other pneumoconiosis",3,"Both",27,"Age-standardized",1998,"Rate",0.215527553321739,0.193770042448499,0.245775177868622
1,"Deaths",544,"Massachusetts",25,514,"Other pneumoconiosis",3,"Both",27,"Age-standardized",1999,"Rate",0.226191354097723,0.202067386171526,0.261620800013437
1,"Deaths",544,"Massachusetts",25,514,"Other pneumoconiosis",3,"Both",27,"Age-standardized",2000,"Rate",0.236069690248097,0.21206582529961,0.274766596736008
1,"Deaths",544,"Massachusetts",25,514,"Other pneumoconiosis",3,"Both",27,"Age-standardized",2001,"Rate",0.236516661809066,0.211588975975298,0.279579927091897
1,"Deaths",544,"Massachusetts",25,514,"Other pneumoconiosis",3,"Both",27,"Age-standardized",2002,"Rate",0.240665812489215,0.215051452911502,0.285889896924395
1,"Deaths",544,"Massachusetts",25,514,"Other pneumoconiosis",3,"Both",27,"Age-standardized",2003,"Rate",0.239533192771046,0.21487943358614,0.288835678800483
1,"Deaths",544,"Massachusetts",25,514,"Other pneumoconiosis",3,"Both",27,"Age-standardized",2004,"Rate",0.234697077539892,0.208889992654057,0.285581864996722
1,"Deaths",544,"Massachusetts",25,514,"Other pneumoconiosis",3,"Both",27,"Age-standardized",2005,"Rate",0.236243128031891,0.209730303497125,0.287493685850662
1,"Deaths",544,"Massachusetts",25,514,"Other pneumoconiosis",3,"Both",27,"Age-standardized",2006,"Rate",0.234770032601388,0.207363233763688,0.285883399644804
1,"Deaths",544,"Massachusetts",25,514,"Other pneumoconiosis",3,"Both",27,"Age-standardized",2007,"Rate",0.225800869010502,0.199874626752509,0.277747490617891
1,"Deaths",544,"Massachusetts",25,514,"Other pneumoconiosis",3,"Both",27,"Age-standardized",2008,"Rate",0.225282970475649,0.198508064599408,0.276212319331624
1,"Deaths",544,"Massachusetts",25,514,"Other pneumoconiosis",3,"Both",27,"Age-standardized",2009,"Rate",0.221845448242593,0.194854739509704,0.280865179748146
1,"Deaths",544,"Massachusetts",25,514,"Other pneumoconiosis",3,"Both",27,"Age-standardized",2010,"Rate",0.218562742108734,0.191618045149828,0.273573892108383
1,"Deaths",544,"Massachusetts",25,514,"Other pneumoconiosis",3,"Both",27,"Age-standardized",2011,"Rate",0.222255818199905,0.193860330529085,0.281911416411091
1,"Deaths",544,"Massachusetts",25,514,"Other pneumoconiosis",3,"Both",27,"Age-standardized",2012,"Rate",0.220619582700612,0.191290406043398,0.280614083671216
1,"Deaths",544,"Massachusetts",25,514,"Other pneumoconiosis",3,"Both",27,"Age-standardized",2013,"Rate",0.223664169620341,0.19292183450107,0.281621226013924
1,"Deaths",544,"Massachusetts",25,514,"Other pneumoconiosis",3,"Both",27,"Age-standardized",2014,"Rate",0.223354610818297,0.192227548510192,0.282863933549946
1,"Deaths",1800,"Barnstable County",25001,514,"Other pneumoconiosis",1,"Male",27,"Age-standardized",1980,"Rate",0.0980565398582981,0.0224978720753956,0.245146484214251
1,"Deaths",1800,"Barnstable County",25001,514,"Other pneumoconiosis",1,"Male",27,"Age-standardized",1981,"Rate",0.102407115809824,0.0232828979306554,0.270803493694051
1,"Deaths",1800,"Barnstable County",25001,514,"Other pneumoconiosis",1,"Male",27,"Age-standardized",1982,"Rate",0.100358933571952,0.0233994937543942,0.249123227704307
1,"Deaths",1800,"Barnstable County",25001,514,"Other pneumoconiosis",1,"Male",27,"Age-standardized",1983,"Rate",0.0977112741154702,0.0224483375551639,0.257257445345126
1,"Deaths",1800,"Barnstable County",25001,514,"Other pneumoconiosis",1,"Male",27,"Age-standardized",1984,"Rate",0.0955135476428892,0.0227360220798474,0.24811192257589
1,"Deaths",1800,"Barnstable County",25001,514,"Other pneumoconiosis",1,"Male",27,"Age-standardized",1985,"Rate",0.0928491861211842,0.0204470027655499,0.243842549769313
1,"Deaths",1800,"Barnstable County",25001,514,"Other pneumoconiosis",1,"Male",27,"Age-standardized",1986,"Rate",0.0895833976220676,0.0189231803211376,0.228112431855764
1,"Deaths",1800,"Barnstable County",25001,514,"Other pneumoconiosis",1,"Male",27,"Age-standardized",1987,"Rate",0.0871507656893866,0.0192613428863601,0.234970555021656
1,"Deaths",1800,"Barnstable County",25001,514,"Other pneumoconiosis",1,"Male",27,"Age-standardized",1988,"Rate",0.0807981290202757,0.0172927447992838,0.21784240769736
1,"Deaths",1800,"Barnstable County",25001,514,"Other pneumoconiosis",1,"Male",27,"Age-standardized",1989,"Rate",0.0761434197897454,0.0153053904922466,0.211460262799021
1,"Deaths",1800,"Barnstable County",25001,514,"Other pneumoconiosis",1,"Male",27,"Age-standardized",1990,"Rate",0.0698018130768862,0.0141584171882459,0.199586181349747
1,"Deaths",1800,"Barnstable County",25001,514,"Other pneumoconiosis",1,"Male",27,"Age-standardized",1991,"Rate",0.0670685136857373,0.0130262685724841,0.190752650823087
1,"Deaths",1800,"Barnstable County",25001,514,"Other pneumoconiosis",1,"Male",27,"Age-standardized",1992,"Rate",0.0661941219306469,0.0124670544600409,0.182149824558095
1,"Deaths",1800,"Barnstable County",25001,514,"Other pneumoconiosis",1,"Male",27,"Age-standardized",1993,"Rate",0.0597181694408825,0.011288635542931,0.17898136687842
1,"Deaths",1800,"Barnstable County",25001,514,"Other pneumoconiosis",1,"Male",27,"Age-standardized",1994,"Rate",0.0578131579651168,0.0105642341430882,0.175294845250855
1,"Deaths",1800,"Barnstable County",25001,514,"Other pneumoconiosis",1,"Male",27,"Age-standardized",1995,"Rate",0.0564585784662594,0.00969321121601085,0.175491277252802
1,"Deaths",1800,"Barnstable County",25001,514,"Other pneumoconiosis",1,"Male",27,"Age-standardized",1996,"Rate",0.0481692515233755,0.00895703661723783,0.149354816310814
1,"Deaths",1800,"Barnstable County",25001,514,"Other pneumoconiosis",1,"Male",27,"Age-standardized",1997,"Rate",0.0466444516633802,0.0078695608817003,0.144855187434486
1,"Deaths",1800,"Barnstable County",25001,514,"Other pneumoconiosis",1,"Male",27,"Age-standardized",1998,"Rate",0.043679453435366,0.00739737312615928,0.146466268928919
1,"Deaths",1800,"Barnstable County",25001,514,"Other pneumoconiosis",1,"Male",27,"Age-standardized",1999,"Rate",0.0434540436883074,0.00765608247585094,0.139070906866127
1,"Deaths",1800,"Barnstable County",25001,514,"Other pneumoconiosis",1,"Male",27,"Age-standardized",2000,"Rate",0.0392272337658705,0.00666803884941654,0.132455874519555
1,"Deaths",1800,"Barnstable County",25001,514,"Other pneumoconiosis",1,"Male",27,"Age-standardized",2001,"Rate",0.038992263111945,0.00640287929874654,0.131873838985658
1,"Deaths",1800,"Barnstable County",25001,514,"Other pneumoconiosis",1,"Male",27,"Age-standardized",2002,"Rate",0.037793600593723,0.00588261816629424,0.123034133864391
1,"Deaths",1800,"Barnstable County",25001,514,"Other pneumoconiosis",1,"Male",27,"Age-standardized",2003,"Rate",0.0352418517890038,0.00543586365767298,0.112761306394832
1,"Deaths",1800,"Barnstable County",25001,514,"Other pneumoconiosis",1,"Male",27,"Age-standardized",2004,"Rate",0.0340548914571749,0.00586268684525335,0.119824875055037
1,"Deaths",1800,"Barnstable County",25001,514,"Other pneumoconiosis",1,"Male",27,"Age-standardized",2005,"Rate",0.0332809711951275,0.00522840703729559,0.111013322783712
1,"Deaths",1800,"Barnstable County",25001,514,"Other pneumoconiosis",1,"Male",27,"Age-standardized",2006,"Rate",0.0316260431638098,0.00525343856353425,0.109326458536721
1,"Deaths",1800,"Barnstable County",25001,514,"Other pneumoconiosis",1,"Male",27,"Age-standardized",2007,"Rate",0.0311997102970486,0.0050465933910477,0.106397515675654
1,"Deaths",1800,"Barnstable County",25001,514,"Other pneumoconiosis",1,"Male",27,"Age-standardized",2008,"Rate",0.0307595209114771,0.00476546466247667,0.10041287635363
1,"Deaths",1800,"Barnstable County",25001,514,"Other pneumoconiosis",1,"Male",27,"Age-standardized",2009,"Rate",0.0309003626973429,0.00481444275206561,0.10908459857949
1,"Deaths",1800,"Barnstable County",25001,514,"Other pneumoconiosis",1,"Male",27,"Age-standardized",2010,"Rate",0.0316307934242912,0.00471896769415879,0.112355192932152
1,"Deaths",1800,"Barnstable County",25001,514,"Other pneumoconiosis",1,"Male",27,"Age-standardized",2011,"Rate",0.0304906069973285,0.00493421535398309,0.110235491149456
1,"Deaths",1800,"Barnstable County",25001,514,"Other pneumoconiosis",1,"Male",27,"Age-standardized",2012,"Rate",0.0297689211463569,0.00449079789311607,0.111483424835545
1,"Deaths",1800,"Barnstable County",25001,514,"Other pneumoconiosis",1,"Male",27,"Age-standardized",2013,"Rate",0.0295530671445355,0.0043293667814893,0.104283027068246
1,"Deaths",1800,"Barnstable County",25001,514,"Other pneumoconiosis",1,"Male",27,"Age-standardized",2014,"Rate",0.0308780345882621,0.00416228013915659,0.11497580944007
1,"Deaths",1800,"Barnstable County",25001,514,"Other pneumoconiosis",2,"Female",27,"Age-standardized",1980,"Rate",0.171610197642639,0.116827172654915,0.218660303707628
1,"Deaths",1800,"Barnstable County",25001,514,"Other pneumoconiosis",2,"Female",27,"Age-standardized",1981,"Rate",0.174173762209517,0.121599632833205,0.222545699412464
1,"Deaths",1800,"Barnstable County",25001,514,"Other pneumoconiosis",2,"Female",27,"Age-standardized",1982,"Rate",0.175597270670797,0.120245772284001,0.221273496084427
1,"Deaths",1800,"Barnstable County",25001,514,"Other pneumoconiosis",2,"Female",27,"Age-standardized",1983,"Rate",0.187187658741493,0.130286478804,0.236998567946913
1,"Deaths",1800,"Barnstable County",25001,514,"Other pneumoconiosis",2,"Female",27,"Age-standardized",1984,"Rate",0.195277304476795,0.136324023361665,0.246975319785231
1,"Deaths",1800,"Barnstable County",25001,514,"Other pneumoconiosis",2,"Female",27,"Age-standardized",1985,"Rate",0.204864243576915,0.144029016781834,0.254426982938295
1,"Deaths",1800,"Barnstable County",25001,514,"Other pneumoconiosis",2,"Female",27,"Age-standardized",1986,"Rate",0.212634535420908,0.151862211847682,0.26736302962887
1,"Deaths",1800,"Barnstable County",25001,514,"Other pneumoconiosis",2,"Female",27,"Age-standardized",1987,"Rate",0.218283476336187,0.159522665588846,0.272942989780523
1,"Deaths",1800,"Barnstable County",25001,514,"Other pneumoconiosis",2,"Female",27,"Age-standardized",1988,"Rate",0.228172147047946,0.168504384549398,0.281455049698955
1,"Deaths",1800,"Barnstable County",25001,514,"Other pneumoconiosis",2,"Female",27,"Age-standardized",1989,"Rate",0.226892919547797,0.172489975958342,0.277573724709119
1,"Deaths",1800,"Barnstable County",25001,514,"Other pneumoconiosis",2,"Female",27,"Age-standardized",1990,"Rate",0.224146532003014,0.169790718786927,0.273236964278811
1,"Deaths",1800,"Barnstable County",25001,514,"Other pneumoconiosis",2,"Female",27,"Age-standardized",1991,"Rate",0.222015405294401,0.170346110914264,0.269355774134441
1,"Deaths",1800,"Barnstable County",25001,514,"Other pneumoconiosis",2,"Female",27,"Age-standardized",1992,"Rate",0.225770200479583,0.173391586276741,0.278284883550693
1,"Deaths",1800,"Barnstable County",25001,514,"Other pneumoconiosis",2,"Female",27,"Age-standardized",1993,"Rate",0.241280324785276,0.183566222347825,0.297907684669217
1,"Deaths",1800,"Barnstable County",25001,514,"Other pneumoconiosis",2,"Female",27,"Age-standardized",1994,"Rate",0.24520072168162,0.190915516052188,0.307306071364917
1,"Deaths",1800,"Barnstable County",25001,514,"Other pneumoconiosis",2,"Female",27,"Age-standardized",1995,"Rate",0.250261332862696,0.191999325378982,0.310893437165331
1,"Deaths",1800,"Barnstable County",25001,514,"Other pneumoconiosis",2,"Female",27,"Age-standardized",1996,"Rate",0.263643176867508,0.202087214770087,0.327381233817884
1,"Deaths",1800,"Barnstable County",25001,514,"Other pneumoconiosis",2,"Female",27,"Age-standardized",1997,"Rate",0.265591892453211,0.201935742836901,0.330846901712967
1,"Deaths",1800,"Barnstable County",25001,514,"Other pneumoconiosis",2,"Female",27,"Age-standardized",1998,"Rate",0.283343739106169,0.217566180406761,0.357333182988008
1,"Deaths",1800,"Barnstable County",25001,514,"Other pneumoconiosis",2,"Female",27,"Age-standardized",1999,"Rate",0.309025386425236,0.231913962427689,0.389942943247114
1,"Deaths",1800,"Barnstable County",25001,514,"Other pneumoconiosis",2,"Female",27,"Age-standardized",2000,"Rate",0.321551500546646,0.245855095754819,0.40311148822031
1,"Deaths",1800,"Barnstable County",25001,514,"Other pneumoconiosis",2,"Female",27,"Age-standardized",2001,"Rate",0.331662813407594,0.253902914935222,0.423153608037786
1,"Deaths",1800,"Barnstable County",25001,514,"Other pneumoconiosis",2,"Female",27,"Age-standardized",2002,"Rate",0.332513067290272,0.251925551879195,0.424827618021506
1,"Deaths",1800,"Barnstable County",25001,514,"Other pneumoconiosis",2,"Female",27,"Age-standardized",2003,"Rate",0.339066479601761,0.258986241904065,0.442469298063092
1,"Deaths",1800,"Barnstable County",25001,514,"Other pneumoconiosis",2,"Female",27,"Age-standardized",2004,"Rate",0.342615594272403,0.253204118315493,0.447883142722472
1,"Deaths",1800,"Barnstable County",25001,514,"Other pneumoconiosis",2,"Female",27,"Age-standardized",2005,"Rate",0.338210527100606,0.248683971117981,0.444637835380126
1,"Deaths",1800,"Barnstable County",25001,514,"Other pneumoconiosis",2,"Female",27,"Age-standardized",2006,"Rate",0.345313560352326,0.25337675161272,0.453203691846446
1,"Deaths",1800,"Barnstable County",25001,514,"Other pneumoconiosis",2,"Female",27,"Age-standardized",2007,"Rate",0.344081946374505,0.252392655859617,0.456461642208707
1,"Deaths",1800,"Barnstable County",25001,514,"Other pneumoconiosis",2,"Female",27,"Age-standardized",2008,"Rate",0.346519973202895,0.249888165465605,0.471428801214627
1,"Deaths",1800,"Barnstable County",25001,514,"Other pneumoconiosis",2,"Female",27,"Age-standardized",2009,"Rate",0.33824180641113,0.2447597658399,0.462575415577781
1,"Deaths",1800,"Barnstable County",25001,514,"Other pneumoconiosis",2,"Female",27,"Age-standardized",2010,"Rate",0.331705119137033,0.235494187535754,0.456448075193764
1,"Deaths",1800,"Barnstable County",25001,514,"Other pneumoconiosis",2,"Female",27,"Age-standardized",2011,"Rate",0.342333622468066,0.241539440088658,0.464805518083895
1,"Deaths",1800,"Barnstable County",25001,514,"Other pneumoconiosis",2,"Female",27,"Age-standardized",2012,"Rate",0.338028993877847,0.238253026782206,0.471050449057359
1,"Deaths",1800,"Barnstable County",25001,514,"Other pneumoconiosis",2,"Female",27,"Age-standardized",2013,"Rate",0.351176533706905,0.239139881167842,0.493774156950085
1,"Deaths",1800,"Barnstable County",25001,514,"Other pneumoconiosis",2,"Female",27,"Age-standardized",2014,"Rate",0.339325730279957,0.230954433061823,0.485066123791136
1,"Deaths",1800,"Barnstable County",25001,514,"Other pneumoconiosis",3,"Both",27,"Age-standardized",1980,"Rate",0.146856216618749,0.0959998385784353,0.21011389370109
1,"Deaths",1800,"Barnstable County",25001,514,"Other pneumoconiosis",3,"Both",27,"Age-standardized",1981,"Rate",0.150240205712508,0.10142961375822,0.225616938706151
1,"Deaths",1800,"Barnstable County",25001,514,"Other pneumoconiosis",3,"Both",27,"Age-standardized",1982,"Rate",0.150526008688623,0.10251657101203,0.21735336869497
1,"Deaths",1800,"Barnstable County",25001,514,"Other pneumoconiosis",3,"Both",27,"Age-standardized",1983,"Rate",0.156891612790783,0.107033737605121,0.221529641312428
1,"Deaths",1800,"Barnstable County",25001,514,"Other pneumoconiosis",3,"Both",27,"Age-standardized",1984,"Rate",0.161295029317664,0.109970626030322,0.227499720588364
1,"Deaths",1800,"Barnstable County",25001,514,"Other pneumoconiosis",3,"Both",27,"Age-standardized",1985,"Rate",0.166537480466878,0.115756182678553,0.229787087953921
1,"Deaths",1800,"Barnstable County",25001,514,"Other pneumoconiosis",3,"Both",27,"Age-standardized",1986,"Rate",0.170181053184537,0.119674415782049,0.232238702020218
1,"Deaths",1800,"Barnstable County",25001,514,"Other pneumoconiosis",3,"Both",27,"Age-standardized",1987,"Rate",0.172831911332232,0.124556872720397,0.23847906438129
1,"Deaths",1800,"Barnstable County",25001,514,"Other pneumoconiosis",3,"Both",27,"Age-standardized",1988,"Rate",0.176512998989438,0.126146736337249,0.23757024328882
1,"Deaths",1800,"Barnstable County",25001,514,"Other pneumoconiosis",3,"Both",27,"Age-standardized",1989,"Rate",0.173722780531747,0.1265248945301,0.229623649453933
1,"Deaths",1800,"Barnstable County",25001,514,"Other pneumoconiosis",3,"Both",27,"Age-standardized",1990,"Rate",0.169200202613207,0.123056302278865,0.225423572820739
1,"Deaths",1800,"Barnstable County",25001,514,"Other pneumoconiosis",3,"Both",27,"Age-standardized",1991,"Rate",0.166577599027722,0.122229249769632,0.222270180586619
1,"Deaths",1800,"Barnstable County",25001,514,"Other pneumoconiosis",3,"Both",27,"Age-standardized",1992,"Rate",0.168439923875115,0.123258421344641,0.221811857667203
1,"Deaths",1800,"Barnstable County",25001,514,"Other pneumoconiosis",3,"Both",27,"Age-standardized",1993,"Rate",0.175605008099799,0.130326951195087,0.226490001572447
1,"Deaths",1800,"Barnstable County",25001,514,"Other pneumoconiosis",3,"Both",27,"Age-standardized",1994,"Rate",0.177127239618906,0.134586644759314,0.232040127507316
1,"Deaths",1800,"Barnstable County",25001,514,"Other pneumoconiosis",3,"Both",27,"Age-standardized",1995,"Rate",0.179379488172529,0.134101745385209,0.237185584592053
1,"Deaths",1800,"Barnstable County",25001,514,"Other pneumoconiosis",3,"Both",27,"Age-standardized",1996,"Rate",0.184450177767944,0.140226831605102,0.236658456584289
1,"Deaths",1800,"Barnstable County",25001,514,"Other pneumoconiosis",3,"Both",27,"Age-standardized",1997,"Rate",0.184616550869862,0.139280098597926,0.24535982807692
1,"Deaths",1800,"Barnstable County",25001,514,"Other pneumoconiosis",3,"Both",27,"Age-standardized",1998,"Rate",0.194095460588722,0.147396840902306,0.255741695325765
1,"Deaths",1800,"Barnstable County",25001,514,"Other pneumoconiosis",3,"Both",27,"Age-standardized",1999,"Rate",0.209344950633427,0.155535659612578,0.268784734022392
1,"Deaths",1800,"Barnstable County",25001,514,"Other pneumoconiosis",3,"Both",27,"Age-standardized",2000,"Rate",0.214214312168369,0.161608820782917,0.277555591047197
1,"Deaths",1800,"Barnstable County",25001,514,"Other pneumoconiosis",3,"Both",27,"Age-standardized",2001,"Rate",0.219125548851707,0.165899840500867,0.286372045350945
1,"Deaths",1800,"Barnstable County",25001,514,"Other pneumoconiosis",3,"Both",27,"Age-standardized",2002,"Rate",0.21822553729392,0.163739966090904,0.287534370533916
1,"Deaths",1800,"Barnstable County",25001,514,"Other pneumoconiosis",3,"Both",27,"Age-standardized",2003,"Rate",0.220709007091039,0.167297520084925,0.294559418173708
1,"Deaths",1800,"Barnstable County",25001,514,"Other pneumoconiosis",3,"Both",27,"Age-standardized",2004,"Rate",0.221364868051228,0.162460929568746,0.29102976966849
1,"Deaths",1800,"Barnstable County",25001,514,"Other pneumoconiosis",3,"Both",27,"Age-standardized",2005,"Rate",0.218614795126714,0.160779483994266,0.29826449444894
1,"Deaths",1800,"Barnstable County",25001,514,"Other pneumoconiosis",3,"Both",27,"Age-standardized",2006,"Rate",0.221963600159804,0.161409153431544,0.296735819717821
1,"Deaths",1800,"Barnstable County",25001,514,"Other pneumoconiosis",3,"Both",27,"Age-standardized",2007,"Rate",0.22037725867326,0.159542299146726,0.301491559857632
1,"Deaths",1800,"Barnstable County",25001,514,"Other pneumoconiosis",3,"Both",27,"Age-standardized",2008,"Rate",0.22129814714491,0.159073632922189,0.302988180792207
1,"Deaths",1800,"Barnstable County",25001,514,"Other pneumoconiosis",3,"Both",27,"Age-standardized",2009,"Rate",0.21476933897935,0.154853510802191,0.296760438686124
1,"Deaths",1800,"Barnstable County",25001,514,"Other pneumoconiosis",3,"Both",27,"Age-standardized",2010,"Rate",0.210766124668601,0.148854502109824,0.2919200066563
1,"Deaths",1800,"Barnstable County",25001,514,"Other pneumoconiosis",3,"Both",27,"Age-standardized",2011,"Rate",0.216836843736192,0.152302263393802,0.304060277762112
1,"Deaths",1800,"Barnstable County",25001,514,"Other pneumoconiosis",3,"Both",27,"Age-standardized",2012,"Rate",0.213618692860629,0.147315678686887,0.302458499664683
1,"Deaths",1800,"Barnstable County",25001,514,"Other pneumoconiosis",3,"Both",27,"Age-standardized",2013,"Rate",0.220753866651336,0.149552859191777,0.311623076854809
1,"Deaths",1800,"Barnstable County",25001,514,"Other pneumoconiosis",3,"Both",27,"Age-standardized",2014,"Rate",0.214389308512056,0.144317623819735,0.305867411860535
1,"Deaths",1790,"Berkshire County",25003,514,"Other pneumoconiosis",1,"Male",27,"Age-standardized",1980,"Rate",0.0710427308200216,0.0256007145072573,0.14319728397286
1,"Deaths",1790,"Berkshire County",25003,514,"Other pneumoconiosis",1,"Male",27,"Age-standardized",1981,"Rate",0.0725028312402895,0.026008229113209,0.149631422834139
1,"Deaths",1790,"Berkshire County",25003,514,"Other pneumoconiosis",1,"Male",27,"Age-standardized",1982,"Rate",0.0700621627016411,0.0249395805577065,0.138777131769214
1,"Deaths",1790,"Berkshire County",25003,514,"Other pneumoconiosis",1,"Male",27,"Age-standardized",1983,"Rate",0.071617877411484,0.0261000156922542,0.146853219537881
1,"Deaths",1790,"Berkshire County",25003,514,"Other pneumoconiosis",1,"Male",27,"Age-standardized",1984,"Rate",0.0684339478776324,0.0249653150123267,0.135753118884391
1,"Deaths",1790,"Berkshire County",25003,514,"Other pneumoconiosis",1,"Male",27,"Age-standardized",1985,"Rate",0.0678023447869099,0.0237972570914727,0.141762089146439
1,"Deaths",1790,"Berkshire County",25003,514,"Other pneumoconiosis",1,"Male",27,"Age-standardized",1986,"Rate",0.0656903702370887,0.0215016183937167,0.132191854648745
1,"Deaths",1790,"Berkshire County",25003,514,"Other pneumoconiosis",1,"Male",27,"Age-standardized",1987,"Rate",0.0629125501971537,0.022231964436883,0.134038806551627
1,"Deaths",1790,"Berkshire County",25003,514,"Other pneumoconiosis",1,"Male",27,"Age-standardized",1988,"Rate",0.0593826250039059,0.0207635445807112,0.12170295658326
1,"Deaths",1790,"Berkshire County",25003,514,"Other pneumoconiosis",1,"Male",27,"Age-standardized",1989,"Rate",0.0569875281344014,0.0199664879912423,0.126321873853802
1,"Deaths",1790,"Berkshire County",25003,514,"Other pneumoconiosis",1,"Male",27,"Age-standardized",1990,"Rate",0.0518053034549344,0.0184297967855258,0.113589508076146
1,"Deaths",1790,"Berkshire County",25003,514,"Other pneumoconiosis",1,"Male",27,"Age-standardized",1991,"Rate",0.0487650704984751,0.0157678704569513,0.104638807599536
1,"Deaths",1790,"Berkshire County",25003,514,"Other pneumoconiosis",1,"Male",27,"Age-standardized",1992,"Rate",0.0467099840436857,0.0161750691325521,0.103130436695349
1,"Deaths",1790,"Berkshire County",25003,514,"Other pneumoconiosis",1,"Male",27,"Age-standardized",1993,"Rate",0.0447346647271265,0.0148130197392795,0.102463536338631
1,"Deaths",1790,"Berkshire County",25003,514,"Other pneumoconiosis",1,"Male",27,"Age-standardized",1994,"Rate",0.0414115114284592,0.0130541001220854,0.0948767668265888
1,"Deaths",1790,"Berkshire County",25003,514,"Other pneumoconiosis",1,"Male",27,"Age-standardized",1995,"Rate",0.0393479401292194,0.0129256128511284,0.0914906889866241
1,"Deaths",1790,"Berkshire County",25003,514,"Other pneumoconiosis",1,"Male",27,"Age-standardized",1996,"Rate",0.0361354213165643,0.0112665316071217,0.0870075306550343
1,"Deaths",1790,"Berkshire County",25003,514,"Other pneumoconiosis",1,"Male",27,"Age-standardized",1997,"Rate",0.0340956741432571,0.0105443388547291,0.0828052453871491
1,"Deaths",1790,"Berkshire County",25003,514,"Other pneumoconiosis",1,"Male",27,"Age-standardized",1998,"Rate",0.0320624605046774,0.00904643372756885,0.0817923098448681
1,"Deaths",1790,"Berkshire County",25003,514,"Other pneumoconiosis",1,"Male",27,"Age-standardized",1999,"Rate",0.0319665206451086,0.00951532220123902,0.080848768172384
1,"Deaths",1790,"Berkshire County",25003,514,"Other pneumoconiosis",1,"Male",27,"Age-standardized",2000,"Rate",0.0285856921478709,0.00853440399000901,0.0748544428731973
1,"Deaths",1790,"Berkshire County",25003,514,"Other pneumoconiosis",1,"Male",27,"Age-standardized",2001,"Rate",0.0273133923213158,0.00800038045211541,0.072382707841683
1,"Deaths",1790,"Berkshire County",25003,514,"Other pneumoconiosis",1,"Male",27,"Age-standardized",2002,"Rate",0.0256225928475601,0.00763748762758656,0.0698783539754392
1,"Deaths",1790,"Berkshire County",25003,514,"Other pneumoconiosis",1,"Male",27,"Age-standardized",2003,"Rate",0.0247303930524787,0.00712021932440985,0.0690467069159678
1,"Deaths",1790,"Berkshire County",25003,514,"Other pneumoconiosis",1,"Male",27,"Age-standardized",2004,"Rate",0.0231094598720152,0.00661244937680218,0.0606626706186491
1,"Deaths",1790,"Berkshire County",25003,514,"Other pneumoconiosis",1,"Male",27,"Age-standardized",2005,"Rate",0.0218293340817323,0.00602362765923421,0.0605572779322302
1,"Deaths",1790,"Berkshire County",25003,514,"Other pneumoconiosis",1,"Male",27,"Age-standardized",2006,"Rate",0.0207483174666517,0.0057313988740292,0.0589388311943131
1,"Deaths",1790,"Berkshire County",25003,514,"Other pneumoconiosis",1,"Male",27,"Age-standardized",2007,"Rate",0.0194833215014384,0.00554229244107745,0.055872651463154
1,"Deaths",1790,"Berkshire County",25003,514,"Other pneumoconiosis",1,"Male",27,"Age-standardized",2008,"Rate",0.0193579397750067,0.00518267248155271,0.0528928380856027
1,"Deaths",1790,"Berkshire County",25003,514,"Other pneumoconiosis",1,"Male",27,"Age-standardized",2009,"Rate",0.0184731643502133,0.00492739282183651,0.0500362065310482
1,"Deaths",1790,"Berkshire County",25003,514,"Other pneumoconiosis",1,"Male",27,"Age-standardized",2010,"Rate",0.0181520599173176,0.00459217779715957,0.0493897665678634
1,"Deaths",1790,"Berkshire County",25003,514,"Other pneumoconiosis",1,"Male",27,"Age-standardized",2011,"Rate",0.0184836402191003,0.00475953708255637,0.056742406404843
1,"Deaths",1790,"Berkshire County",25003,514,"Other pneumoconiosis",1,"Male",27,"Age-standardized",2012,"Rate",0.0172496534223978,0.00447651795038437,0.0475349403627829
1,"Deaths",1790,"Berkshire County",25003,514,"Other pneumoconiosis",1,"Male",27,"Age-standardized",2013,"Rate",0.0172229872690435,0.0043321339119341,0.0497383320674046
1,"Deaths",1790,"Berkshire County",25003,514,"Other pneumoconiosis",1,"Male",27,"Age-standardized",2014,"Rate",0.0179654122047372,0.00439378541424831,0.0523732424318763
1,"Deaths",1790,"Berkshire County",25003,514,"Other pneumoconiosis",2,"Female",27,"Age-standardized",1980,"Rate",0.199059419011464,0.147083709234306,0.243685863231406
1,"Deaths",1790,"Berkshire County",25003,514,"Other pneumoconiosis",2,"Female",27,"Age-standardized",1981,"Rate",0.201708813063161,0.152056922812001,0.244942196338362
1,"Deaths",1790,"Berkshire County",25003,514,"Other pneumoconiosis",2,"Female",27,"Age-standardized",1982,"Rate",0.205186205484152,0.16070379073389,0.249798313050705
1,"Deaths",1790,"Berkshire County",25003,514,"Other pneumoconiosis",2,"Female",27,"Age-standardized",1983,"Rate",0.21770255081441,0.164321144896571,0.267008513597356
1,"Deaths",1790,"Berkshire County",25003,514,"Other pneumoconiosis",2,"Female",27,"Age-standardized",1984,"Rate",0.227973045375541,0.174689323152681,0.273926523410305
1,"Deaths",1790,"Berkshire County",25003,514,"Other pneumoconiosis",2,"Female",27,"Age-standardized",1985,"Rate",0.233711729680125,0.180877069887008,0.283172280802472
1,"Deaths",1790,"Berkshire County",25003,514,"Other pneumoconiosis",2,"Female",27,"Age-standardized",1986,"Rate",0.238691565738549,0.186513236789191,0.288693709409819
1,"Deaths",1790,"Berkshire County",25003,514,"Other pneumoconiosis",2,"Female",27,"Age-standardized",1987,"Rate",0.246499446021927,0.193492745789815,0.296996498630467
1,"Deaths",1790,"Berkshire County",25003,514,"Other pneumoconiosis",2,"Female",27,"Age-standardized",1988,"Rate",0.245938936908751,0.192400801039783,0.298642922386798
1,"Deaths",1790,"Berkshire County",25003,514,"Other pneumoconiosis",2,"Female",27,"Age-standardized",1989,"Rate",0.241284339992523,0.190471751114204,0.290654047921183
1,"Deaths",1790,"Berkshire County",25003,514,"Other pneumoconiosis",2,"Female",27,"Age-standardized",1990,"Rate",0.239503270871666,0.191260650256428,0.289516721354778
1,"Deaths",1790,"Berkshire County",25003,514,"Other pneumoconiosis",2,"Female",27,"Age-standardized",1991,"Rate",0.239290167526349,0.192857349529628,0.288611706093363
1,"Deaths",1790,"Berkshire County",25003,514,"Other pneumoconiosis",2,"Female",27,"Age-standardized",1992,"Rate",0.243191756071218,0.196843255166933,0.292618799421814
1,"Deaths",1790,"Berkshire County",25003,514,"Other pneumoconiosis",2,"Female",27,"Age-standardized",1993,"Rate",0.255228073058965,0.205282365837368,0.31021299097892
1,"Deaths",1790,"Berkshire County",25003,514,"Other pneumoconiosis",2,"Female",27,"Age-standardized",1994,"Rate",0.264364870254365,0.211593806486661,0.319855845774882
1,"Deaths",1790,"Berkshire County",25003,514,"Other pneumoconiosis",2,"Female",27,"Age-standardized",1995,"Rate",0.271606577602306,0.218168171019265,0.331844559115766
1,"Deaths",1790,"Berkshire County",25003,514,"Other pneumoconiosis",2,"Female",27,"Age-standardized",1996,"Rate",0.281720645107027,0.223602269868826,0.344920258467583
1,"Deaths",1790,"Berkshire County",25003,514,"Other pneumoconiosis",2,"Female",27,"Age-standardized",1997,"Rate",0.284170778278493,0.226187274183893,0.354437507729233
1,"Deaths",1790,"Berkshire County",25003,514,"Other pneumoconiosis",2,"Female",27,"Age-standardized",1998,"Rate",0.290188184586786,0.230845423857254,0.358082187295474
1,"Deaths",1790,"Berkshire County",25003,514,"Other pneumoconiosis",2,"Female",27,"Age-standardized",1999,"Rate",0.305267971588786,0.236953704695161,0.380969746498194
1,"Deaths",1790,"Berkshire County",25003,514,"Other pneumoconiosis",2,"Female",27,"Age-standardized",2000,"Rate",0.325492394973125,0.252773080511434,0.405280803996657
1,"Deaths",1790,"Berkshire County",25003,514,"Other pneumoconiosis",2,"Female",27,"Age-standardized",2001,"Rate",0.339960522446923,0.259476745052003,0.431481636705394
1,"Deaths",1790,"Berkshire County",25003,514,"Other pneumoconiosis",2,"Female",27,"Age-standardized",2002,"Rate",0.351011322164358,0.272239887298013,0.44372061770496
1,"Deaths",1790,"Berkshire County",25003,514,"Other pneumoconiosis",2,"Female",27,"Age-standardized",2003,"Rate",0.35268066244196,0.272984710256862,0.455156330960528
1,"Deaths",1790,"Berkshire County",25003,514,"Other pneumoconiosis",2,"Female",27,"Age-standardized",2004,"Rate",0.341816527398428,0.260529332543632,0.434002926869955
1,"Deaths",1790,"Berkshire County",25003,514,"Other pneumoconiosis",2,"Female",27,"Age-standardized",2005,"Rate",0.354860549113305,0.266234981844193,0.465227915199428
1,"Deaths",1790,"Berkshire County",25003,514,"Other pneumoconiosis",2,"Female",27,"Age-standardized",2006,"Rate",0.347121519620737,0.264249702895626,0.452835270747762
1,"Deaths",1790,"Berkshire County",25003,514,"Other pneumoconiosis",2,"Female",27,"Age-standardized",2007,"Rate",0.348088504400068,0.261267760892092,0.465104189735474
1,"Deaths",1790,"Berkshire County",25003,514,"Other pneumoconiosis",2,"Female",27,"Age-standardized",2008,"Rate",0.335252641660097,0.251587374419165,0.442675174890349
1,"Deaths",1790,"Berkshire County",25003,514,"Other pneumoconiosis",2,"Female",27,"Age-standardized",2009,"Rate",0.33370965029733,0.25184154932963,0.455946401403533
1,"Deaths",1790,"Berkshire County",25003,514,"Other pneumoconiosis",2,"Female",27,"Age-standardized",2010,"Rate",0.32967175810185,0.242483028533072,0.446791036515847
1,"Deaths",1790,"Berkshire County",25003,514,"Other pneumoconiosis",2,"Female",27,"Age-standardized",2011,"Rate",0.340453989406503,0.249466888149163,0.456652633836842
1,"Deaths",1790,"Berkshire County",25003,514,"Other pneumoconiosis",2,"Female",27,"Age-standardized",2012,"Rate",0.33602210387133,0.242675741225934,0.457723653899819
1,"Deaths",1790,"Berkshire County",25003,514,"Other pneumoconiosis",2,"Female",27,"Age-standardized",2013,"Rate",0.346132929190821,0.24833116484131,0.472994838322875
1,"Deaths",1790,"Berkshire County",25003,514,"Other pneumoconiosis",2,"Female",27,"Age-standardized",2014,"Rate",0.342510402236829,0.242654962565268,0.464437359580576
1,"Deaths",1790,"Berkshire County",25003,514,"Other pneumoconiosis",3,"Both",27,"Age-standardized",1980,"Rate",0.157566451049646,0.114227675771235,0.195060489742017
1,"Deaths",1790,"Berkshire County",25003,514,"Other pneumoconiosis",3,"Both",27,"Age-standardized",1981,"Rate",0.160343215356282,0.117465956827927,0.199471992635394
1,"Deaths",1790,"Berkshire County",25003,514,"Other pneumoconiosis",3,"Both",27,"Age-standardized",1982,"Rate",0.162277230242323,0.11957799561105,0.202104360070536
1,"Deaths",1790,"Berkshire County",25003,514,"Other pneumoconiosis",3,"Both",27,"Age-standardized",1983,"Rate",0.171581880473438,0.125253904736869,0.214733760349203
1,"Deaths",1790,"Berkshire County",25003,514,"Other pneumoconiosis",3,"Both",27,"Age-standardized",1984,"Rate",0.177677479904823,0.134695379258006,0.216825663297349
1,"Deaths",1790,"Berkshire County",25003,514,"Other pneumoconiosis",3,"Both",27,"Age-standardized",1985,"Rate",0.181823960034018,0.135527347887561,0.224996864029047
1,"Deaths",1790,"Berkshire County",25003,514,"Other pneumoconiosis",3,"Both",27,"Age-standardized",1986,"Rate",0.184577885274786,0.140668756820726,0.225672570272985
1,"Deaths",1790,"Berkshire County",25003,514,"Other pneumoconiosis",3,"Both",27,"Age-standardized",1987,"Rate",0.189124668954198,0.148375825043901,0.22876260393504
1,"Deaths",1790,"Berkshire County",25003,514,"Other pneumoconiosis",3,"Both",27,"Age-standardized",1988,"Rate",0.187477760189664,0.144145496572649,0.229144677021608
1,"Deaths",1790,"Berkshire County",25003,514,"Other pneumoconiosis",3,"Both",27,"Age-standardized",1989,"Rate",0.183156562183152,0.143447687658087,0.223889909742699
1,"Deaths",1790,"Berkshire County",25003,514,"Other pneumoconiosis",3,"Both",27,"Age-standardized",1990,"Rate",0.18018626542672,0.141228883542469,0.219427166755926
1,"Deaths",1790,"Berkshire County",25003,514,"Other pneumoconiosis",3,"Both",27,"Age-standardized",1991,"Rate",0.178514557720487,0.141811523414457,0.217437528239612
1,"Deaths",1790,"Berkshire County",25003,514,"Other pneumoconiosis",3,"Both",27,"Age-standardized",1992,"Rate",0.180068090777146,0.144114363822598,0.216633419399962
1,"Deaths",1790,"Berkshire County",25003,514,"Other pneumoconiosis",3,"Both",27,"Age-standardized",1993,"Rate",0.187155735477689,0.149188564033495,0.227783763833706
1,"Deaths",1790,"Berkshire County",25003,514,"Other pneumoconiosis",3,"Both",27,"Age-standardized",1994,"Rate",0.191675520468781,0.152391159672704,0.233593769869395
1,"Deaths",1790,"Berkshire County",25003,514,"Other pneumoconiosis",3,"Both",27,"Age-standardized",1995,"Rate",0.195216786682707,0.153788190681503,0.241130537245442
1,"Deaths",1790,"Berkshire County",25003,514,"Other pneumoconiosis",3,"Both",27,"Age-standardized",1996,"Rate",0.200336119894249,0.159295062144506,0.245746649757705
1,"Deaths",1790,"Berkshire County",25003,514,"Other pneumoconiosis",3,"Both",27,"Age-standardized",1997,"Rate",0.200705010656179,0.158969270307942,0.251416753673034
1,"Deaths",1790,"Berkshire County",25003,514,"Other pneumoconiosis",3,"Both",27,"Age-standardized",1998,"Rate",0.203086349284293,0.162640753026508,0.252788534450101
1,"Deaths",1790,"Berkshire County",25003,514,"Other pneumoconiosis",3,"Both",27,"Age-standardized",1999,"Rate",0.211810857588714,0.165196979650456,0.263137397757077
1,"Deaths",1790,"Berkshire County",25003,514,"Other pneumoconiosis",3,"Both",27,"Age-standardized",2000,"Rate",0.22270754082183,0.174335286546653,0.280214332803362
1,"Deaths",1790,"Berkshire County",25003,514,"Other pneumoconiosis",3,"Both",27,"Age-standardized",2001,"Rate",0.231602864223308,0.179479885105494,0.294496843717642
1,"Deaths",1790,"Berkshire County",25003,514,"Other pneumoconiosis",3,"Both",27,"Age-standardized",2002,"Rate",0.236407553787234,0.181430240492652,0.299101511675468
1,"Deaths",1790,"Berkshire County",25003,514,"Other pneumoconiosis",3,"Both",27,"Age-standardized",2003,"Rate",0.236788684744337,0.182115660259987,0.304798403210968
1,"Deaths",1790,"Berkshire County",25003,514,"Other pneumoconiosis",3,"Both",27,"Age-standardized",2004,"Rate",0.227300260122102,0.174092846777923,0.287946079412883
1,"Deaths",1790,"Berkshire County",25003,514,"Other pneumoconiosis",3,"Both",27,"Age-standardized",2005,"Rate",0.235109861806321,0.176491973453589,0.306743885893209
1,"Deaths",1790,"Berkshire County",25003,514,"Other pneumoconiosis",3,"Both",27,"Age-standardized",2006,"Rate",0.226443909674081,0.171511806406975,0.296464890335627
1,"Deaths",1790,"Berkshire County",25003,514,"Other pneumoconiosis",3,"Both",27,"Age-standardized",2007,"Rate",0.225260870027814,0.16896382919573,0.297127503926804
1,"Deaths",1790,"Berkshire County",25003,514,"Other pneumoconiosis",3,"Both",27,"Age-standardized",2008,"Rate",0.216217243786371,0.162372225660823,0.286411075840388
1,"Deaths",1790,"Berkshire County",25003,514,"Other pneumoconiosis",3,"Both",27,"Age-standardized",2009,"Rate",0.21359689632729,0.161453450420409,0.294459348180285
1,"Deaths",1790,"Berkshire County",25003,514,"Other pneumoconiosis",3,"Both",27,"Age-standardized",2010,"Rate",0.210684199561106,0.153722568687011,0.284242633436882
1,"Deaths",1790,"Berkshire County",25003,514,"Other pneumoconiosis",3,"Both",27,"Age-standardized",2011,"Rate",0.21664608096879,0.158490401462708,0.288507491819328
1,"Deaths",1790,"Berkshire County",25003,514,"Other pneumoconiosis",3,"Both",27,"Age-standardized",2012,"Rate",0.212072158520904,0.153592740321089,0.287974605303508
1,"Deaths",1790,"Berkshire County",25003,514,"Other pneumoconiosis",3,"Both",27,"Age-standardized",2013,"Rate",0.216802736743594,0.155249529662985,0.294516709473957
1,"Deaths",1790,"Berkshire County",25003,514,"Other pneumoconiosis",3,"Both",27,"Age-standardized",2014,"Rate",0.213912910241965,0.153472535782299,0.289050979459262
1,"Deaths",1799,"Bristol County",25005,514,"Other pneumoconiosis",1,"Male",27,"Age-standardized",1980,"Rate",0.111627159416564,0.0448076458305679,0.212037649514713
1,"Deaths",1799,"Bristol County",25005,514,"Other pneumoconiosis",1,"Male",27,"Age-standardized",1981,"Rate",0.108400189886494,0.0432118768232739,0.213369631521571
1,"Deaths",1799,"Bristol County",25005,514,"Other pneumoconiosis",1,"Male",27,"Age-standardized",1982,"Rate",0.110956318120926,0.0426388522279111,0.20769946015276
1,"Deaths",1799,"Bristol County",25005,514,"Other pneumoconiosis",1,"Male",27,"Age-standardized",1983,"Rate",0.11231211404881,0.046140031271776,0.212819095337708
1,"Deaths",1799,"Bristol County",25005,514,"Other pneumoconiosis",1,"Male",27,"Age-standardized",1984,"Rate",0.106410276540498,0.0419502564202071,0.207579226998298
1,"Deaths",1799,"Bristol County",25005,514,"Other pneumoconiosis",1,"Male",27,"Age-standardized",1985,"Rate",0.103692534178613,0.0394436671606794,0.197917426854057
1,"Deaths",1799,"Bristol County",25005,514,"Other pneumoconiosis",1,"Male",27,"Age-standardized",1986,"Rate",0.0945094073009364,0.0352241960779634,0.182277408641357
1,"Deaths",1799,"Bristol County",25005,514,"Other pneumoconiosis",1,"Male",27,"Age-standardized",1987,"Rate",0.0915780584730386,0.0353949051096765,0.182238579036657
1,"Deaths",1799,"Bristol County",25005,514,"Other pneumoconiosis",1,"Male",27,"Age-standardized",1988,"Rate",0.0878513259409688,0.0312369774457222,0.181533078722869
1,"Deaths",1799,"Bristol County",25005,514,"Other pneumoconiosis",1,"Male",27,"Age-standardized",1989,"Rate",0.0820613079805563,0.0277986992379686,0.174265689602013
1,"Deaths",1799,"Bristol County",25005,514,"Other pneumoconiosis",1,"Male",27,"Age-standardized",1990,"Rate",0.073444273394616,0.0281889202212876,0.152403291813347
1,"Deaths",1799,"Bristol County",25005,514,"Other pneumoconiosis",1,"Male",27,"Age-standardized",1991,"Rate",0.0700127610531138,0.0253839404216688,0.148530531572887
1,"Deaths",1799,"Bristol County",25005,514,"Other pneumoconiosis",1,"Male",27,"Age-standardized",1992,"Rate",0.0683014546831964,0.0241440664566083,0.151250728633295
1,"Deaths",1799,"Bristol County",25005,514,"Other pneumoconiosis",1,"Male",27,"Age-standardized",1993,"Rate",0.0653847032946288,0.0228804803055312,0.14299351842498
1,"Deaths",1799,"Bristol County",25005,514,"Other pneumoconiosis",1,"Male",27,"Age-standardized",1994,"Rate",0.0603849026138291,0.0211525158993485,0.132679229708953
1,"Deaths",1799,"Bristol County",25005,514,"Other pneumoconiosis",1,"Male",27,"Age-standardized",1995,"Rate",0.058283600242232,0.0195721685404583,0.13784272537785
1,"Deaths",1799,"Bristol County",25005,514,"Other pneumoconiosis",1,"Male",27,"Age-standardized",1996,"Rate",0.0564298957537222,0.0191413188554734,0.132791486259473
1,"Deaths",1799,"Bristol County",25005,514,"Other pneumoconiosis",1,"Male",27,"Age-standardized",1997,"Rate",0.0488944779673381,0.0157282711494543,0.113405493871225
1,"Deaths",1799,"Bristol County",25005,514,"Other pneumoconiosis",1,"Male",27,"Age-standardized",1998,"Rate",0.0456478852082145,0.0145946254852513,0.109763850341373
1,"Deaths",1799,"Bristol County",25005,514,"Other pneumoconiosis",1,"Male",27,"Age-standardized",1999,"Rate",0.0452355139238401,0.0145809710318425,0.114138673498503
1,"Deaths",1799,"Bristol County",25005,514,"Other pneumoconiosis",1,"Male",27,"Age-standardized",2000,"Rate",0.045717431678174,0.0136828816962412,0.115838233540582
1,"Deaths",1799,"Bristol County",25005,514,"Other pneumoconiosis",1,"Male",27,"Age-standardized",2001,"Rate",0.0400342399372852,0.0118271240488345,0.103420131312577
1,"Deaths",1799,"Bristol County",25005,514,"Other pneumoconiosis",1,"Male",27,"Age-standardized",2002,"Rate",0.0402955568477516,0.0120404702842674,0.103260508311228
1,"Deaths",1799,"Bristol County",25005,514,"Other pneumoconiosis",1,"Male",27,"Age-standardized",2003,"Rate",0.0377631297670771,0.0113868997276132,0.10426206909972
1,"Deaths",1799,"Bristol County",25005,514,"Other pneumoconiosis",1,"Male",27,"Age-standardized",2004,"Rate",0.0353678057363132,0.0104934743024055,0.0976363036804773
1,"Deaths",1799,"Bristol County",25005,514,"Other pneumoconiosis",1,"Male",27,"Age-standardized",2005,"Rate",0.0336703001827571,0.0100244176517092,0.0922366493959388
1,"Deaths",1799,"Bristol County",25005,514,"Other pneumoconiosis",1,"Male",27,"Age-standardized",2006,"Rate",0.0319332096964646,0.00929561394554436,0.0872556865640331
1,"Deaths",1799,"Bristol County",25005,514,"Other pneumoconiosis",1,"Male",27,"Age-standardized",2007,"Rate",0.0303732612575345,0.0087096648074678,0.0772990817025377
1,"Deaths",1799,"Bristol County",25005,514,"Other pneumoconiosis",1,"Male",27,"Age-standardized",2008,"Rate",0.0315101957266442,0.00926165176765096,0.0812235025727716
1,"Deaths",1799,"Bristol County",25005,514,"Other pneumoconiosis",1,"Male",27,"Age-standardized",2009,"Rate",0.0304513412496845,0.008287928055759,0.0760789830886071
1,"Deaths",1799,"Bristol County",25005,514,"Other pneumoconiosis",1,"Male",27,"Age-standardized",2010,"Rate",0.0293355216674606,0.00809339567514909,0.0814942667650111
1,"Deaths",1799,"Bristol County",25005,514,"Other pneumoconiosis",1,"Male",27,"Age-standardized",2011,"Rate",0.0298815642529796,0.00811767421722715,0.0799356350967623
1,"Deaths",1799,"Bristol County",25005,514,"Other pneumoconiosis",1,"Male",27,"Age-standardized",2012,"Rate",0.0277199870048878,0.00789520932551127,0.0742771144003267
1,"Deaths",1799,"Bristol County",25005,514,"Other pneumoconiosis",1,"Male",27,"Age-standardized",2013,"Rate",0.0284409331505058,0.00761547435638794,0.0769139240859125
1,"Deaths",1799,"Bristol County",25005,514,"Other pneumoconiosis",1,"Male",27,"Age-standardized",2014,"Rate",0.028977179654633,0.00720633444290939,0.0786831539505272
1,"Deaths",1799,"Bristol County",25005,514,"Other pneumoconiosis",2,"Female",27,"Age-standardized",1980,"Rate",0.213212746423216,0.152738659442591,0.259330729815266
1,"Deaths",1799,"Bristol County",25005,514,"Other pneumoconiosis",2,"Female",27,"Age-standardized",1981,"Rate",0.216986760178758,0.15905671088995,0.263220444604338
1,"Deaths",1799,"Bristol County",25005,514,"Other pneumoconiosis",2,"Female",27,"Age-standardized",1982,"Rate",0.220014579650507,0.159025256152276,0.264916687562121
1,"Deaths",1799,"Bristol County",25005,514,"Other pneumoconiosis",2,"Female",27,"Age-standardized",1983,"Rate",0.229778373500903,0.169403085088224,0.275813227872566
1,"Deaths",1799,"Bristol County",25005,514,"Other pneumoconiosis",2,"Female",27,"Age-standardized",1984,"Rate",0.238354102130749,0.179031263345294,0.28600912250339
1,"Deaths",1799,"Bristol County",25005,514,"Other pneumoconiosis",2,"Female",27,"Age-standardized",1985,"Rate",0.247016737366807,0.190250910899735,0.293117498529871
1,"Deaths",1799,"Bristol County",25005,514,"Other pneumoconiosis",2,"Female",27,"Age-standardized",1986,"Rate",0.247411901387337,0.188709974435715,0.290968546267067
1,"Deaths",1799,"Bristol County",25005,514,"Other pneumoconiosis",2,"Female",27,"Age-standardized",1987,"Rate",0.251958149111965,0.197303939599115,0.299653551825019
1,"Deaths",1799,"Bristol County",25005,514,"Other pneumoconiosis",2,"Female",27,"Age-standardized",1988,"Rate",0.259235547812617,0.205643568805036,0.302998200793464
1,"Deaths",1799,"Bristol County",25005,514,"Other pneumoconiosis",2,"Female",27,"Age-standardized",1989,"Rate",0.248317589953348,0.199374523860107,0.29289276046956
1,"Deaths",1799,"Bristol County",25005,514,"Other pneumoconiosis",2,"Female",27,"Age-standardized",1990,"Rate",0.24436154209682,0.197423915834096,0.287435214803857
1,"Deaths",1799,"Bristol County",25005,514,"Other pneumoconiosis",2,"Female",27,"Age-standardized",1991,"Rate",0.25278957653999,0.204662863728897,0.297870423140993
1,"Deaths",1799,"Bristol County",25005,514,"Other pneumoconiosis",2,"Female",27,"Age-standardized",1992,"Rate",0.256045245807024,0.209032279162114,0.302586946656867
1,"Deaths",1799,"Bristol County",25005,514,"Other pneumoconiosis",2,"Female",27,"Age-standardized",1993,"Rate",0.271095160363334,0.220777297684751,0.317879003761998
1,"Deaths",1799,"Bristol County",25005,514,"Other pneumoconiosis",2,"Female",27,"Age-standardized",1994,"Rate",0.272988599584614,0.222755798559652,0.322603981917013
1,"Deaths",1799,"Bristol County",25005,514,"Other pneumoconiosis",2,"Female",27,"Age-standardized",1995,"Rate",0.277861753107863,0.229235883666031,0.331409659743274
1,"Deaths",1799,"Bristol County",25005,514,"Other pneumoconiosis",2,"Female",27,"Age-standardized",1996,"Rate",0.279930405869995,0.22923517200354,0.332306979596413
1,"Deaths",1799,"Bristol County",25005,514,"Other pneumoconiosis",2,"Female",27,"Age-standardized",1997,"Rate",0.289660108681727,0.238926263053348,0.344908620561173
1,"Deaths",1799,"Bristol County",25005,514,"Other pneumoconiosis",2,"Female",27,"Age-standardized",1998,"Rate",0.299263420164338,0.246836795031967,0.361927973576922
1,"Deaths",1799,"Bristol County",25005,514,"Other pneumoconiosis",2,"Female",27,"Age-standardized",1999,"Rate",0.323363418955705,0.26110921851515,0.388145830916493
1,"Deaths",1799,"Bristol County",25005,514,"Other pneumoconiosis",2,"Female",27,"Age-standardized",2000,"Rate",0.332894287280841,0.270831132731573,0.402796081952722
1,"Deaths",1799,"Bristol County",25005,514,"Other pneumoconiosis",2,"Female",27,"Age-standardized",2001,"Rate",0.344840408488837,0.282208769550235,0.424576526339621
1,"Deaths",1799,"Bristol County",25005,514,"Other pneumoconiosis",2,"Female",27,"Age-standardized",2002,"Rate",0.349162054284004,0.282765176659283,0.425591898142623
1,"Deaths",1799,"Bristol County",25005,514,"Other pneumoconiosis",2,"Female",27,"Age-standardized",2003,"Rate",0.353068607544491,0.28145793538634,0.438481627527763
1,"Deaths",1799,"Bristol County",25005,514,"Other pneumoconiosis",2,"Female",27,"Age-standardized",2004,"Rate",0.34789858698045,0.279321528468463,0.431873075053735
1,"Deaths",1799,"Bristol County",25005,514,"Other pneumoconiosis",2,"Female",27,"Age-standardized",2005,"Rate",0.348961322935615,0.279274576789322,0.441691338034305
1,"Deaths",1799,"Bristol County",25005,514,"Other pneumoconiosis",2,"Female",27,"Age-standardized",2006,"Rate",0.343899310899123,0.272847062677598,0.434927702157217
1,"Deaths",1799,"Bristol County",25005,514,"Other pneumoconiosis",2,"Female",27,"Age-standardized",2007,"Rate",0.327340891388584,0.259764542325638,0.421195778798494
1,"Deaths",1799,"Bristol County",25005,514,"Other pneumoconiosis",2,"Female",27,"Age-standardized",2008,"Rate",0.329504156715538,0.258783672221257,0.426872138519174
1,"Deaths",1799,"Bristol County",25005,514,"Other pneumoconiosis",2,"Female",27,"Age-standardized",2009,"Rate",0.325849830171477,0.253666203517968,0.421360304471438
1,"Deaths",1799,"Bristol County",25005,514,"Other pneumoconiosis",2,"Female",27,"Age-standardized",2010,"Rate",0.320130981717144,0.247078151067425,0.416843453158063
1,"Deaths",1799,"Bristol County",25005,514,"Other pneumoconiosis",2,"Female",27,"Age-standardized",2011,"Rate",0.324567447018718,0.249862989811284,0.424375551411693
1,"Deaths",1799,"Bristol County",25005,514,"Other pneumoconiosis",2,"Female",27,"Age-standardized",2012,"Rate",0.320505882604409,0.243340606899693,0.425821013936344
1,"Deaths",1799,"Bristol County",25005,514,"Other pneumoconiosis",2,"Female",27,"Age-standardized",2013,"Rate",0.324607169233814,0.243898749364616,0.440585225403735
1,"Deaths",1799,"Bristol County",25005,514,"Other pneumoconiosis",2,"Female",27,"Age-standardized",2014,"Rate",0.329700277143682,0.246219594784189,0.4488146172608
1,"Deaths",1799,"Bristol County",25005,514,"Other pneumoconiosis",3,"Both",27,"Age-standardized",1980,"Rate",0.182796936828394,0.131146662026726,0.236220486240172
1,"Deaths",1799,"Bristol County",25005,514,"Other pneumoconiosis",3,"Both",27,"Age-standardized",1981,"Rate",0.184398375128739,0.134058682745221,0.232213127134352
1,"Deaths",1799,"Bristol County",25005,514,"Other pneumoconiosis",3,"Both",27,"Age-standardized",1982,"Rate",0.187768160263172,0.141459953231258,0.234701741667642
1,"Deaths",1799,"Bristol County",25005,514,"Other pneumoconiosis",3,"Both",27,"Age-standardized",1983,"Rate",0.194870103818875,0.144985347480747,0.244957176903075
1,"Deaths",1799,"Bristol County",25005,514,"Other pneumoconiosis",3,"Both",27,"Age-standardized",1984,"Rate",0.198947267476166,0.148590362317223,0.245230314564678
1,"Deaths",1799,"Bristol County",25005,514,"Other pneumoconiosis",3,"Both",27,"Age-standardized",1985,"Rate",0.204166450860181,0.155595689604387,0.250082347030484
1,"Deaths",1799,"Bristol County",25005,514,"Other pneumoconiosis",3,"Both",27,"Age-standardized",1986,"Rate",0.201204784620649,0.152744417566416,0.244750580282558
1,"Deaths",1799,"Bristol County",25005,514,"Other pneumoconiosis",3,"Both",27,"Age-standardized",1987,"Rate",0.203334557448196,0.157710176513672,0.249819416490865
1,"Deaths",1799,"Bristol County",25005,514,"Other pneumoconiosis",3,"Both",27,"Age-standardized",1988,"Rate",0.206724400473838,0.161999646100316,0.249732769434431
1,"Deaths",1799,"Bristol County",25005,514,"Other pneumoconiosis",3,"Both",27,"Age-standardized",1989,"Rate",0.197243997850397,0.1551175997634,0.237959482940328
1,"Deaths",1799,"Bristol County",25005,514,"Other pneumoconiosis",3,"Both",27,"Age-standardized",1990,"Rate",0.191184271848482,0.152312772035223,0.229865704515797
1,"Deaths",1799,"Bristol County",25005,514,"Other pneumoconiosis",3,"Both",27,"Age-standardized",1991,"Rate",0.195635216198039,0.15679063683436,0.236333462763115
1,"Deaths",1799,"Bristol County",25005,514,"Other pneumoconiosis",3,"Both",27,"Age-standardized",1992,"Rate",0.19692401758906,0.158768847946434,0.237148094006637
1,"Deaths",1799,"Bristol County",25005,514,"Other pneumoconiosis",3,"Both",27,"Age-standardized",1993,"Rate",0.205960013903558,0.165214625415533,0.250329191987816
1,"Deaths",1799,"Bristol County",25005,514,"Other pneumoconiosis",3,"Both",27,"Age-standardized",1994,"Rate",0.205250657019156,0.166447485453026,0.247670252544184
1,"Deaths",1799,"Bristol County",25005,514,"Other pneumoconiosis",3,"Both",27,"Age-standardized",1995,"Rate",0.2075039451432,0.169571280227833,0.250318872179131
1,"Deaths",1799,"Bristol County",25005,514,"Other pneumoconiosis",3,"Both",27,"Age-standardized",1996,"Rate",0.207934933963556,0.169209785429616,0.25310467445045
1,"Deaths",1799,"Bristol County",25005,514,"Other pneumoconiosis",3,"Both",27,"Age-standardized",1997,"Rate",0.211514077787481,0.174657242378549,0.256431805981147
1,"Deaths",1799,"Bristol County",25005,514,"Other pneumoconiosis",3,"Both",27,"Age-standardized",1998,"Rate",0.216339712656983,0.177000001627755,0.263655905449228
1,"Deaths",1799,"Bristol County",25005,514,"Other pneumoconiosis",3,"Both",27,"Age-standardized",1999,"Rate",0.231400472708691,0.186838228719174,0.283263794361613
1,"Deaths",1799,"Bristol County",25005,514,"Other pneumoconiosis",3,"Both",27,"Age-standardized",2000,"Rate",0.236986524274479,0.191014180221554,0.290817649901584
1,"Deaths",1799,"Bristol County",25005,514,"Other pneumoconiosis",3,"Both",27,"Age-standardized",2001,"Rate",0.241615232697134,0.195630096208757,0.302130818414222
1,"Deaths",1799,"Bristol County",25005,514,"Other pneumoconiosis",3,"Both",27,"Age-standardized",2002,"Rate",0.243630540320954,0.196417323063161,0.301500027030657
1,"Deaths",1799,"Bristol County",25005,514,"Other pneumoconiosis",3,"Both",27,"Age-standardized",2003,"Rate",0.245089527626037,0.195694331590411,0.304476405815904
1,"Deaths",1799,"Bristol County",25005,514,"Other pneumoconiosis",3,"Both",27,"Age-standardized",2004,"Rate",0.240428325811333,0.191310631750085,0.302065675470044
1,"Deaths",1799,"Bristol County",25005,514,"Other pneumoconiosis",3,"Both",27,"Age-standardized",2005,"Rate",0.239739360000216,0.19056440945001,0.307886843957275
1,"Deaths",1799,"Bristol County",25005,514,"Other pneumoconiosis",3,"Both",27,"Age-standardized",2006,"Rate",0.234336119096692,0.187465148934951,0.300052926557551
1,"Deaths",1799,"Bristol County",25005,514,"Other pneumoconiosis",3,"Both",27,"Age-standardized",2007,"Rate",0.221914045911832,0.176542842999254,0.289841908803779
1,"Deaths",1799,"Bristol County",25005,514,"Other pneumoconiosis",3,"Both",27,"Age-standardized",2008,"Rate",0.222612584760241,0.17464123350588,0.288283094170306
1,"Deaths",1799,"Bristol County",25005,514,"Other pneumoconiosis",3,"Both",27,"Age-standardized",2009,"Rate",0.218862903344078,0.168722819501393,0.285550670712765
1,"Deaths",1799,"Bristol County",25005,514,"Other pneumoconiosis",3,"Both",27,"Age-standardized",2010,"Rate",0.214032345262522,0.164454294033916,0.277965177994444
1,"Deaths",1799,"Bristol County",25005,514,"Other pneumoconiosis",3,"Both",27,"Age-standardized",2011,"Rate",0.217026762341671,0.164753097496365,0.288634745977336
1,"Deaths",1799,"Bristol County",25005,514,"Other pneumoconiosis",3,"Both",27,"Age-standardized",2012,"Rate",0.212872836651327,0.16108685867139,0.285192951885866
1,"Deaths",1799,"Bristol County",25005,514,"Other pneumoconiosis",3,"Both",27,"Age-standardized",2013,"Rate",0.214946373327849,0.163382671442809,0.287250476093208
1,"Deaths",1799,"Bristol County",25005,514,"Other pneumoconiosis",3,"Both",27,"Age-standardized",2014,"Rate",0.218227301943859,0.163253446457008,0.299625002731897
1,"Deaths",1801,"Dukes County",25007,514,"Other pneumoconiosis",1,"Male",27,"Age-standardized",1980,"Rate",0.0860657081289779,0.00940805585442742,0.344568510297676
1,"Deaths",1801,"Dukes County",25007,514,"Other pneumoconiosis",1,"Male",27,"Age-standardized",1981,"Rate",0.0858232720675932,0.00897917271344372,0.323234508724574
1,"Deaths",1801,"Dukes County",25007,514,"Other pneumoconiosis",1,"Male",27,"Age-standardized",1982,"Rate",0.0833254014351577,0.0084506607739651,0.321709969015663
1,"Deaths",1801,"Dukes County",25007,514,"Other pneumoconiosis",1,"Male",27,"Age-standardized",1983,"Rate",0.0835220703902937,0.0078678384072369,0.31348029091197
1,"Deaths",1801,"Dukes County",25007,514,"Other pneumoconiosis",1,"Male",27,"Age-standardized",1984,"Rate",0.0779846136880566,0.0075898829608515,0.291767531568809
1,"Deaths",1801,"Dukes County",25007,514,"Other pneumoconiosis",1,"Male",27,"Age-standardized",1985,"Rate",0.078486538470683,0.0069900162992626,0.316370583969136
1,"Deaths",1801,"Dukes County",25007,514,"Other pneumoconiosis",1,"Male",27,"Age-standardized",1986,"Rate",0.075664012189981,0.00711162530911052,0.303396796645412
1,"Deaths",1801,"Dukes County",25007,514,"Other pneumoconiosis",1,"Male",27,"Age-standardized",1987,"Rate",0.071076590002197,0.00664648657210854,0.294921242924472
1,"Deaths",1801,"Dukes County",25007,514,"Other pneumoconiosis",1,"Male",27,"Age-standardized",1988,"Rate",0.0667860739368054,0.00574680700388095,0.271508644609128
1,"Deaths",1801,"Dukes County",25007,514,"Other pneumoconiosis",1,"Male",27,"Age-standardized",1989,"Rate",0.0639951010587179,0.00566110973579827,0.264677882350292
1,"Deaths",1801,"Dukes County",25007,514,"Other pneumoconiosis",1,"Male",27,"Age-standardized",1990,"Rate",0.0583493161481192,0.00475861147649549,0.246237383325513
1,"Deaths",1801,"Dukes County",25007,514,"Other pneumoconiosis",1,"Male",27,"Age-standardized",1991,"Rate",0.0567576019937616,0.00474922404270376,0.248303393519071
1,"Deaths",1801,"Dukes County",25007,514,"Other pneumoconiosis",1,"Male",27,"Age-standardized",1992,"Rate",0.0551272370271903,0.00418753603238545,0.242851878066927
1,"Deaths",1801,"Dukes County",25007,514,"Other pneumoconiosis",1,"Male",27,"Age-standardized",1993,"Rate",0.0536933083583262,0.00395493377925321,0.243648438682525
1,"Deaths",1801,"Dukes County",25007,514,"Other pneumoconiosis",1,"Male",27,"Age-standardized",1994,"Rate",0.0517290877198462,0.0036576053394829,0.229710861768678
1,"Deaths",1801,"Dukes County",25007,514,"Other pneumoconiosis",1,"Male",27,"Age-standardized",1995,"Rate",0.0492961950147766,0.00354593922332345,0.23044429038982
1,"Deaths",1801,"Dukes County",25007,514,"Other pneumoconiosis",1,"Male",27,"Age-standardized",1996,"Rate",0.0463881357346741,0.00294767421030133,0.20481063475396
1,"Deaths",1801,"Dukes County",25007,514,"Other pneumoconiosis",1,"Male",27,"Age-standardized",1997,"Rate",0.0446717923474041,0.00271871564981102,0.202487958744943
1,"Deaths",1801,"Dukes County",25007,514,"Other pneumoconiosis",1,"Male",27,"Age-standardized",1998,"Rate",0.0423084551439594,0.00245120365103044,0.195490022965803
1,"Deaths",1801,"Dukes County",25007,514,"Other pneumoconiosis",1,"Male",27,"Age-standardized",1999,"Rate",0.0419977331919185,0.00243568332023999,0.205595702698009
1,"Deaths",1801,"Dukes County",25007,514,"Other pneumoconiosis",1,"Male",27,"Age-standardized",2000,"Rate",0.0397407795446373,0.00228970426507373,0.182746837368435
1,"Deaths",1801,"Dukes County",25007,514,"Other pneumoconiosis",1,"Male",27,"Age-standardized",2001,"Rate",0.0383305674172741,0.00221415492369963,0.179136034211075
1,"Deaths",1801,"Dukes County",25007,514,"Other pneumoconiosis",1,"Male",27,"Age-standardized",2002,"Rate",0.03728750146988,0.00203620421618473,0.181358162936806
1,"Deaths",1801,"Dukes County",25007,514,"Other pneumoconiosis",1,"Male",27,"Age-standardized",2003,"Rate",0.0366721873462426,0.00190935938317634,0.178797605948348
1,"Deaths",1801,"Dukes County",25007,514,"Other pneumoconiosis",1,"Male",27,"Age-standardized",2004,"Rate",0.0338053856021705,0.00175561825308555,0.162522348416656
1,"Deaths",1801,"Dukes County",25007,514,"Other pneumoconiosis",1,"Male",27,"Age-standardized",2005,"Rate",0.0338906109582844,0.00180212256454559,0.170811770229983
1,"Deaths",1801,"Dukes County",25007,514,"Other pneumoconiosis",1,"Male",27,"Age-standardized",2006,"Rate",0.03397063879116,0.00175815133536266,0.164570411918339
1,"Deaths",1801,"Dukes County",25007,514,"Other pneumoconiosis",1,"Male",27,"Age-standardized",2007,"Rate",0.0315274022235092,0.00164530679625554,0.154275019002244
1,"Deaths",1801,"Dukes County",25007,514,"Other pneumoconiosis",1,"Male",27,"Age-standardized",2008,"Rate",0.0293843929140961,0.00139233141206841,0.139266301085976
1,"Deaths",1801,"Dukes County",25007,514,"Other pneumoconiosis",1,"Male",27,"Age-standardized",2009,"Rate",0.029459008399803,0.00150697095468483,0.146000922831052
1,"Deaths",1801,"Dukes County",25007,514,"Other pneumoconiosis",1,"Male",27,"Age-standardized",2010,"Rate",0.0294284047293546,0.0014023866714472,0.147172056988261
1,"Deaths",1801,"Dukes County",25007,514,"Other pneumoconiosis",1,"Male",27,"Age-standardized",2011,"Rate",0.0285313664989291,0.00132628938766143,0.138341368046558
1,"Deaths",1801,"Dukes County",25007,514,"Other pneumoconiosis",1,"Male",27,"Age-standardized",2012,"Rate",0.0289429847499977,0.0013173634246812,0.155249430761205
1,"Deaths",1801,"Dukes County",25007,514,"Other pneumoconiosis",1,"Male",27,"Age-standardized",2013,"Rate",0.0293518751970303,0.00122309885474647,0.151795141791612
1,"Deaths",1801,"Dukes County",25007,514,"Other pneumoconiosis",1,"Male",27,"Age-standardized",2014,"Rate",0.0302613617552202,0.00127463999705242,0.148704358823343
1,"Deaths",1801,"Dukes County",25007,514,"Other pneumoconiosis",2,"Female",27,"Age-standardized",1980,"Rate",0.203566860228619,0.128715597430783,0.278615697065238
1,"Deaths",1801,"Dukes County",25007,514,"Other pneumoconiosis",2,"Female",27,"Age-standardized",1981,"Rate",0.204278618770431,0.128326048799201,0.2779493956667
1,"Deaths",1801,"Dukes County",25007,514,"Other pneumoconiosis",2,"Female",27,"Age-standardized",1982,"Rate",0.210075650408692,0.132017307217843,0.286597763003289
1,"Deaths",1801,"Dukes County",25007,514,"Other pneumoconiosis",2,"Female",27,"Age-standardized",1983,"Rate",0.220289169004561,0.138645913976401,0.299851493441935
1,"Deaths",1801,"Dukes County",25007,514,"Other pneumoconiosis",2,"Female",27,"Age-standardized",1984,"Rate",0.22857758147908,0.141744269747245,0.310563270038253
1,"Deaths",1801,"Dukes County",25007,514,"Other pneumoconiosis",2,"Female",27,"Age-standardized",1985,"Rate",0.236094470724657,0.152291860281102,0.316073811437721
1,"Deaths",1801,"Dukes County",25007,514,"Other pneumoconiosis",2,"Female",27,"Age-standardized",1986,"Rate",0.245408145851941,0.159063413437377,0.329181736026491
1,"Deaths",1801,"Dukes County",25007,514,"Other pneumoconiosis",2,"Female",27,"Age-standardized",1987,"Rate",0.246089698658872,0.159583368558197,0.329781038573518
1,"Deaths",1801,"Dukes County",25007,514,"Other pneumoconiosis",2,"Female",27,"Age-standardized",1988,"Rate",0.251263848178089,0.166080463840793,0.338438563082648
1,"Deaths",1801,"Dukes County",25007,514,"Other pneumoconiosis",2,"Female",27,"Age-standardized",1989,"Rate",0.246240364355569,0.163256515359354,0.32925438338786
1,"Deaths",1801,"Dukes County",25007,514,"Other pneumoconiosis",2,"Female",27,"Age-standardized",1990,"Rate",0.239260322018248,0.15892632861716,0.320307470996902
1,"Deaths",1801,"Dukes County",25007,514,"Other pneumoconiosis",2,"Female",27,"Age-standardized",1991,"Rate",0.243965807112742,0.165811009865381,0.327085974164762
1,"Deaths",1801,"Dukes County",25007,514,"Other pneumoconiosis",2,"Female",27,"Age-standardized",1992,"Rate",0.24428061846343,0.165614926632704,0.331000435303205
1,"Deaths",1801,"Dukes County",25007,514,"Other pneumoconiosis",2,"Female",27,"Age-standardized",1993,"Rate",0.260259355320383,0.17023126365771,0.349157297292588
1,"Deaths",1801,"Dukes County",25007,514,"Other pneumoconiosis",2,"Female",27,"Age-standardized",1994,"Rate",0.263636854494999,0.172570989612964,0.359654625295834
1,"Deaths",1801,"Dukes County",25007,514,"Other pneumoconiosis",2,"Female",27,"Age-standardized",1995,"Rate",0.271987993111769,0.184218928672952,0.371584074708194
1,"Deaths",1801,"Dukes County",25007,514,"Other pneumoconiosis",2,"Female",27,"Age-standardized",1996,"Rate",0.273449030955967,0.182262545781726,0.381342239049628
1,"Deaths",1801,"Dukes County",25007,514,"Other pneumoconiosis",2,"Female",27,"Age-standardized",1997,"Rate",0.281357665372759,0.18943596622113,0.393886276776213
1,"Deaths",1801,"Dukes County",25007,514,"Other pneumoconiosis",2,"Female",27,"Age-standardized",1998,"Rate",0.295119086614297,0.194232805682976,0.41296326756991
1,"Deaths",1801,"Dukes County",25007,514,"Other pneumoconiosis",2,"Female",27,"Age-standardized",1999,"Rate",0.315625302748829,0.204622705608513,0.438778700180317
1,"Deaths",1801,"Dukes County",25007,514,"Other pneumoconiosis",2,"Female",27,"Age-standardized",2000,"Rate",0.335901940407986,0.217562342262372,0.483255717770418
1,"Deaths",1801,"Dukes County",25007,514,"Other pneumoconiosis",2,"Female",27,"Age-standardized",2001,"Rate",0.345821712864888,0.217035911995815,0.504652655477872
1,"Deaths",1801,"Dukes County",25007,514,"Other pneumoconiosis",2,"Female",27,"Age-standardized",2002,"Rate",0.348456476416085,0.220448627831972,0.493442170364251
1,"Deaths",1801,"Dukes County",25007,514,"Other pneumoconiosis",2,"Female",27,"Age-standardized",2003,"Rate",0.355617864427716,0.222038810702355,0.527637741963513
1,"Deaths",1801,"Dukes County",25007,514,"Other pneumoconiosis",2,"Female",27,"Age-standardized",2004,"Rate",0.348900320660904,0.213836213828644,0.521830103861861
1,"Deaths",1801,"Dukes County",25007,514,"Other pneumoconiosis",2,"Female",27,"Age-standardized",2005,"Rate",0.356401126808623,0.212716452746739,0.538460810601983
1,"Deaths",1801,"Dukes County",25007,514,"Other pneumoconiosis",2,"Female",27,"Age-standardized",2006,"Rate",0.367546132415876,0.218376304396978,0.555535154484089
1,"Deaths",1801,"Dukes County",25007,514,"Other pneumoconiosis",2,"Female",27,"Age-standardized",2007,"Rate",0.352167415670726,0.204154939092705,0.541424201087196
1,"Deaths",1801,"Dukes County",25007,514,"Other pneumoconiosis",2,"Female",27,"Age-standardized",2008,"Rate",0.342716244768249,0.197482775783283,0.529828593952675
1,"Deaths",1801,"Dukes County",25007,514,"Other pneumoconiosis",2,"Female",27,"Age-standardized",2009,"Rate",0.343595293921477,0.195914186411309,0.542385599463091
1,"Deaths",1801,"Dukes County",25007,514,"Other pneumoconiosis",2,"Female",27,"Age-standardized",2010,"Rate",0.34780336187809,0.193198660361303,0.5703101584419
1,"Deaths",1801,"Dukes County",25007,514,"Other pneumoconiosis",2,"Female",27,"Age-standardized",2011,"Rate",0.358076663365436,0.198645453724081,0.565102769613551
1,"Deaths",1801,"Dukes County",25007,514,"Other pneumoconiosis",2,"Female",27,"Age-standardized",2012,"Rate",0.351074038149056,0.187493260435529,0.577157544722515
1,"Deaths",1801,"Dukes County",25007,514,"Other pneumoconiosis",2,"Female",27,"Age-standardized",2013,"Rate",0.362034971495733,0.193036464247202,0.608732613313595
1,"Deaths",1801,"Dukes County",25007,514,"Other pneumoconiosis",2,"Female",27,"Age-standardized",2014,"Rate",0.359348045582702,0.183290339720068,0.598258719451133
1,"Deaths",1801,"Dukes County",25007,514,"Other pneumoconiosis",3,"Both",27,"Age-standardized",1980,"Rate",0.166913068447186,0.0981141191916602,0.267082976080512
1,"Deaths",1801,"Dukes County",25007,514,"Other pneumoconiosis",3,"Both",27,"Age-standardized",1981,"Rate",0.166816680399006,0.0979156280108584,0.259391125026336
1,"Deaths",1801,"Dukes County",25007,514,"Other pneumoconiosis",3,"Both",27,"Age-standardized",1982,"Rate",0.169846699685585,0.0999321817991276,0.269815434813382
1,"Deaths",1801,"Dukes County",25007,514,"Other pneumoconiosis",3,"Both",27,"Age-standardized",1983,"Rate",0.176802435037312,0.10427038810019,0.277199413246099
1,"Deaths",1801,"Dukes County",25007,514,"Other pneumoconiosis",3,"Both",27,"Age-standardized",1984,"Rate",0.17979485438276,0.107626559738997,0.276191424711969
1,"Deaths",1801,"Dukes County",25007,514,"Other pneumoconiosis",3,"Both",27,"Age-standardized",1985,"Rate",0.184225351972222,0.112346781107337,0.282302198354921
1,"Deaths",1801,"Dukes County",25007,514,"Other pneumoconiosis",3,"Both",27,"Age-standardized",1986,"Rate",0.188873362314269,0.115926345846633,0.289319038045903
1,"Deaths",1801,"Dukes County",25007,514,"Other pneumoconiosis",3,"Both",27,"Age-standardized",1987,"Rate",0.187432381277423,0.118591712949304,0.27933065388651
1,"Deaths",1801,"Dukes County",25007,514,"Other pneumoconiosis",3,"Both",27,"Age-standardized",1988,"Rate",0.188375202415966,0.11721324138733,0.27674476103987
1,"Deaths",1801,"Dukes County",25007,514,"Other pneumoconiosis",3,"Both",27,"Age-standardized",1989,"Rate",0.183697703004926,0.115154082229166,0.270594332221175
1,"Deaths",1801,"Dukes County",25007,514,"Other pneumoconiosis",3,"Both",27,"Age-standardized",1990,"Rate",0.176856073309291,0.11289152909606,0.260299348258457
1,"Deaths",1801,"Dukes County",25007,514,"Other pneumoconiosis",3,"Both",27,"Age-standardized",1991,"Rate",0.179978706686087,0.117995401540103,0.262689070465813
1,"Deaths",1801,"Dukes County",25007,514,"Other pneumoconiosis",3,"Both",27,"Age-standardized",1992,"Rate",0.180139993026948,0.115987366899167,0.266192477378002
1,"Deaths",1801,"Dukes County",25007,514,"Other pneumoconiosis",3,"Both",27,"Age-standardized",1993,"Rate",0.190132889426886,0.121629340954208,0.277313501438228
1,"Deaths",1801,"Dukes County",25007,514,"Other pneumoconiosis",3,"Both",27,"Age-standardized",1994,"Rate",0.192032428251271,0.12316042930649,0.283425834661703
1,"Deaths",1801,"Dukes County",25007,514,"Other pneumoconiosis",3,"Both",27,"Age-standardized",1995,"Rate",0.197176386107187,0.127893024735939,0.286843047981783
1,"Deaths",1801,"Dukes County",25007,514,"Other pneumoconiosis",3,"Both",27,"Age-standardized",1996,"Rate",0.196829910747434,0.127578637705955,0.291089432176454
1,"Deaths",1801,"Dukes County",25007,514,"Other pneumoconiosis",3,"Both",27,"Age-standardized",1997,"Rate",0.20107572567681,0.130760512163331,0.302436477792876
1,"Deaths",1801,"Dukes County",25007,514,"Other pneumoconiosis",3,"Both",27,"Age-standardized",1998,"Rate",0.209989907087767,0.136201554633204,0.30903886047109
1,"Deaths",1801,"Dukes County",25007,514,"Other pneumoconiosis",3,"Both",27,"Age-standardized",1999,"Rate",0.223046047196045,0.141311717590927,0.329884138027086
1,"Deaths",1801,"Dukes County",25007,514,"Other pneumoconiosis",3,"Both",27,"Age-standardized",2000,"Rate",0.235152744064131,0.147841083511599,0.350706503340173
1,"Deaths",1801,"Dukes County",25007,514,"Other pneumoconiosis",3,"Both",27,"Age-standardized",2001,"Rate",0.239125952944798,0.147774956355485,0.356173648562989
1,"Deaths",1801,"Dukes County",25007,514,"Other pneumoconiosis",3,"Both",27,"Age-standardized",2002,"Rate",0.233878083984528,0.14758253390802,0.346488334293392
1,"Deaths",1801,"Dukes County",25007,514,"Other pneumoconiosis",3,"Both",27,"Age-standardized",2003,"Rate",0.239709318098137,0.14603838660198,0.359905069085948
1,"Deaths",1801,"Dukes County",25007,514,"Other pneumoconiosis",3,"Both",27,"Age-standardized",2004,"Rate",0.228759274795445,0.135277223121577,0.359804635380507
1,"Deaths",1801,"Dukes County",25007,514,"Other pneumoconiosis",3,"Both",27,"Age-standardized",2005,"Rate",0.234136025397777,0.137416601402866,0.355012236679728
1,"Deaths",1801,"Dukes County",25007,514,"Other pneumoconiosis",3,"Both",27,"Age-standardized",2006,"Rate",0.240772776705367,0.142505228609864,0.379452579173154
1,"Deaths",1801,"Dukes County",25007,514,"Other pneumoconiosis",3,"Both",27,"Age-standardized",2007,"Rate",0.227043621616663,0.130929067965884,0.357086853052608
1,"Deaths",1801,"Dukes County",25007,514,"Other pneumoconiosis",3,"Both",27,"Age-standardized",2008,"Rate",0.222681341698371,0.128929773668366,0.34450759077663
1,"Deaths",1801,"Dukes County",25007,514,"Other pneumoconiosis",3,"Both",27,"Age-standardized",2009,"Rate",0.22072117897747,0.123790183342417,0.354761489782437
1,"Deaths",1801,"Dukes County",25007,514,"Other pneumoconiosis",3,"Both",27,"Age-standardized",2010,"Rate",0.2226988630794,0.122796176271819,0.367715088070287
1,"Deaths",1801,"Dukes County",25007,514,"Other pneumoconiosis",3,"Both",27,"Age-standardized",2011,"Rate",0.224299382298129,0.122528756043303,0.364121552071978
1,"Deaths",1801,"Dukes County",25007,514,"Other pneumoconiosis",3,"Both",27,"Age-standardized",2012,"Rate",0.221588929920727,0.119850744870639,0.370865445698948
1,"Deaths",1801,"Dukes County",25007,514,"Other pneumoconiosis",3,"Both",27,"Age-standardized",2013,"Rate",0.225716082924371,0.119391424766092,0.38075113203825
1,"Deaths",1801,"Dukes County",25007,514,"Other pneumoconiosis",3,"Both",27,"Age-standardized",2014,"Rate",0.220334663384679,0.112893586118664,0.371202627799204
1,"Deaths",1789,"Essex County",25009,514,"Other pneumoconiosis",1,"Male",27,"Age-standardized",1980,"Rate",0.199411637413527,0.0806556860811246,0.369886147392387
1,"Deaths",1789,"Essex County",25009,514,"Other pneumoconiosis",1,"Male",27,"Age-standardized",1981,"Rate",0.196756003804457,0.0793738551369382,0.374010558598084
1,"Deaths",1789,"Essex County",25009,514,"Other pneumoconiosis",1,"Male",27,"Age-standardized",1982,"Rate",0.195011425371119,0.0782521415011754,0.360449615520325
1,"Deaths",1789,"Essex County",25009,514,"Other pneumoconiosis",1,"Male",27,"Age-standardized",1983,"Rate",0.205530851051588,0.0848482254730889,0.380844993321282
1,"Deaths",1789,"Essex County",25009,514,"Other pneumoconiosis",1,"Male",27,"Age-standardized",1984,"Rate",0.187742843628441,0.0765110848347709,0.34167089485728
1,"Deaths",1789,"Essex County",25009,514,"Other pneumoconiosis",1,"Male",27,"Age-standardized",1985,"Rate",0.181941442155922,0.0790200722860712,0.338374038165865
1,"Deaths",1789,"Essex County",25009,514,"Other pneumoconiosis",1,"Male",27,"Age-standardized",1986,"Rate",0.184089429306358,0.0750255508904422,0.344958682501243
1,"Deaths",1789,"Essex County",25009,514,"Other pneumoconiosis",1,"Male",27,"Age-standardized",1987,"Rate",0.168872975008666,0.0696325735558666,0.310444997275614
1,"Deaths",1789,"Essex County",25009,514,"Other pneumoconiosis",1,"Male",27,"Age-standardized",1988,"Rate",0.162549265002521,0.0696041758627879,0.305996260372512
1,"Deaths",1789,"Essex County",25009,514,"Other pneumoconiosis",1,"Male",27,"Age-standardized",1989,"Rate",0.150693613544056,0.06382856173634,0.280687176974592
1,"Deaths",1789,"Essex County",25009,514,"Other pneumoconiosis",1,"Male",27,"Age-standardized",1990,"Rate",0.139909810183979,0.0557889329108427,0.266648061039315
1,"Deaths",1789,"Essex County",25009,514,"Other pneumoconiosis",1,"Male",27,"Age-standardized",1991,"Rate",0.133580535457583,0.0540779264965209,0.2601068107357
1,"Deaths",1789,"Essex County",25009,514,"Other pneumoconiosis",1,"Male",27,"Age-standardized",1992,"Rate",0.135847965568985,0.0522544298383352,0.265886431898337
1,"Deaths",1789,"Essex County",25009,514,"Other pneumoconiosis",1,"Male",27,"Age-standardized",1993,"Rate",0.128577247131924,0.0514916741099893,0.26073558443745
1,"Deaths",1789,"Essex County",25009,514,"Other pneumoconiosis",1,"Male",27,"Age-standardized",1994,"Rate",0.127065524734454,0.0520263173752688,0.252173549254697
1,"Deaths",1789,"Essex County",25009,514,"Other pneumoconiosis",1,"Male",27,"Age-standardized",1995,"Rate",0.118936478381134,0.0445021825591786,0.236609671651565
1,"Deaths",1789,"Essex County",25009,514,"Other pneumoconiosis",1,"Male",27,"Age-standardized",1996,"Rate",0.110088224597794,0.0425952468303366,0.238239509787374
1,"Deaths",1789,"Essex County",25009,514,"Other pneumoconiosis",1,"Male",27,"Age-standardized",1997,"Rate",0.100599487566463,0.0370561023393009,0.207862503907086
1,"Deaths",1789,"Essex County",25009,514,"Other pneumoconiosis",1,"Male",27,"Age-standardized",1998,"Rate",0.101258601185066,0.0375036311337035,0.226185091528434
1,"Deaths",1789,"Essex County",25009,514,"Other pneumoconiosis",1,"Male",27,"Age-standardized",1999,"Rate",0.0960282731863621,0.0347332753128132,0.221276986878153
1,"Deaths",1789,"Essex County",25009,514,"Other pneumoconiosis",1,"Male",27,"Age-standardized",2000,"Rate",0.0889454905476663,0.0322033209641895,0.205468930160764
1,"Deaths",1789,"Essex County",25009,514,"Other pneumoconiosis",1,"Male",27,"Age-standardized",2001,"Rate",0.0816407487293275,0.0285406914901209,0.1925244149516
1,"Deaths",1789,"Essex County",25009,514,"Other pneumoconiosis",1,"Male",27,"Age-standardized",2002,"Rate",0.0845268632406948,0.0289138337517941,0.193186598383761
1,"Deaths",1789,"Essex County",25009,514,"Other pneumoconiosis",1,"Male",27,"Age-standardized",2003,"Rate",0.0793020021562501,0.0259163540878009,0.190166637542306
1,"Deaths",1789,"Essex County",25009,514,"Other pneumoconiosis",1,"Male",27,"Age-standardized",2004,"Rate",0.0794552919721144,0.0254371820559882,0.184760565538163
1,"Deaths",1789,"Essex County",25009,514,"Other pneumoconiosis",1,"Male",27,"Age-standardized",2005,"Rate",0.0724166639291724,0.023104762509258,0.163031860477583
1,"Deaths",1789,"Essex County",25009,514,"Other pneumoconiosis",1,"Male",27,"Age-standardized",2006,"Rate",0.0676240075872428,0.0212224311054965,0.169834800851132
1,"Deaths",1789,"Essex County",25009,514,"Other pneumoconiosis",1,"Male",27,"Age-standardized",2007,"Rate",0.0689273822859016,0.0229405600369618,0.17020325688115
1,"Deaths",1789,"Essex County",25009,514,"Other pneumoconiosis",1,"Male",27,"Age-standardized",2008,"Rate",0.0658783152383534,0.0212891782561234,0.1599418923894
1,"Deaths",1789,"Essex County",25009,514,"Other pneumoconiosis",1,"Male",27,"Age-standardized",2009,"Rate",0.0634780172080894,0.0201008532438479,0.156475090407021
1,"Deaths",1789,"Essex County",25009,514,"Other pneumoconiosis",1,"Male",27,"Age-standardized",2010,"Rate",0.0613247008578076,0.0198615750247715,0.147928350749705
1,"Deaths",1789,"Essex County",25009,514,"Other pneumoconiosis",1,"Male",27,"Age-standardized",2011,"Rate",0.0612390069853551,0.0188297794313419,0.142646663621851
1,"Deaths",1789,"Essex County",25009,514,"Other pneumoconiosis",1,"Male",27,"Age-standardized",2012,"Rate",0.0622578075625054,0.0189991478953452,0.147833832216083
1,"Deaths",1789,"Essex County",25009,514,"Other pneumoconiosis",1,"Male",27,"Age-standardized",2013,"Rate",0.0612265716207626,0.0186978343796038,0.145434766800785
1,"Deaths",1789,"Essex County",25009,514,"Other pneumoconiosis",1,"Male",27,"Age-standardized",2014,"Rate",0.0642168694017188,0.0193850426620871,0.153731500388873
1,"Deaths",1789,"Essex County",25009,514,"Other pneumoconiosis",2,"Female",27,"Age-standardized",1980,"Rate",0.205361632278644,0.146309559658736,0.24941800784876
1,"Deaths",1789,"Essex County",25009,514,"Other pneumoconiosis",2,"Female",27,"Age-standardized",1981,"Rate",0.212433247091229,0.149779115954673,0.25764246259681
1,"Deaths",1789,"Essex County",25009,514,"Other pneumoconiosis",2,"Female",27,"Age-standardized",1982,"Rate",0.205353383355979,0.146093379286724,0.251744637655926
1,"Deaths",1789,"Essex County",25009,514,"Other pneumoconiosis",2,"Female",27,"Age-standardized",1983,"Rate",0.227822546761626,0.16395378941758,0.276612868022688
1,"Deaths",1789,"Essex County",25009,514,"Other pneumoconiosis",2,"Female",27,"Age-standardized",1984,"Rate",0.237565345710514,0.175306537548649,0.285396263783801
1,"Deaths",1789,"Essex County",25009,514,"Other pneumoconiosis",2,"Female",27,"Age-standardized",1985,"Rate",0.240905521154827,0.181536471666671,0.291313021169567
1,"Deaths",1789,"Essex County",25009,514,"Other pneumoconiosis",2,"Female",27,"Age-standardized",1986,"Rate",0.253825866824181,0.19540985632645,0.304537984298486
1,"Deaths",1789,"Essex County",25009,514,"Other pneumoconiosis",2,"Female",27,"Age-standardized",1987,"Rate",0.256074787433031,0.201521969661386,0.305734588999667
1,"Deaths",1789,"Essex County",25009,514,"Other pneumoconiosis",2,"Female",27,"Age-standardized",1988,"Rate",0.264127551719457,0.208450263003585,0.316092565074998
1,"Deaths",1789,"Essex County",25009,514,"Other pneumoconiosis",2,"Female",27,"Age-standardized",1989,"Rate",0.262996991201084,0.21188487240946,0.310891526445924
1,"Deaths",1789,"Essex County",25009,514,"Other pneumoconiosis",2,"Female",27,"Age-standardized",1990,"Rate",0.25786169810462,0.206610653200295,0.305164151540285
1,"Deaths",1789,"Essex County",25009,514,"Other pneumoconiosis",2,"Female",27,"Age-standardized",1991,"Rate",0.259613944782036,0.209863137957571,0.305913200471076
1,"Deaths",1789,"Essex County",25009,514,"Other pneumoconiosis",2,"Female",27,"Age-standardized",1992,"Rate",0.269481283894486,0.220130666892446,0.317606522869832
1,"Deaths",1789,"Essex County",25009,514,"Other pneumoconiosis",2,"Female",27,"Age-standardized",1993,"Rate",0.278736363485852,0.22956623926823,0.330335304804533
1,"Deaths",1789,"Essex County",25009,514,"Other pneumoconiosis",2,"Female",27,"Age-standardized",1994,"Rate",0.284390603501044,0.232300389552679,0.33701308686476
1,"Deaths",1789,"Essex County",25009,514,"Other pneumoconiosis",2,"Female",27,"Age-standardized",1995,"Rate",0.297011533855197,0.243132367786932,0.351193447514877
1,"Deaths",1789,"Essex County",25009,514,"Other pneumoconiosis",2,"Female",27,"Age-standardized",1996,"Rate",0.306966940305953,0.252107029987081,0.36582735872294
1,"Deaths",1789,"Essex County",25009,514,"Other pneumoconiosis",2,"Female",27,"Age-standardized",1997,"Rate",0.311645574993182,0.257124161551991,0.374286938907712
1,"Deaths",1789,"Essex County",25009,514,"Other pneumoconiosis",2,"Female",27,"Age-standardized",1998,"Rate",0.323226575905364,0.26593638041076,0.388965228497833
1,"Deaths",1789,"Essex County",25009,514,"Other pneumoconiosis",2,"Female",27,"Age-standardized",1999,"Rate",0.343330616290161,0.281879656354888,0.420750825527177
1,"Deaths",1789,"Essex County",25009,514,"Other pneumoconiosis",2,"Female",27,"Age-standardized",2000,"Rate",0.362600046832602,0.297106420682616,0.438964371415744
1,"Deaths",1789,"Essex County",25009,514,"Other pneumoconiosis",2,"Female",27,"Age-standardized",2001,"Rate",0.36716351909857,0.300535973658401,0.448700800545801
1,"Deaths",1789,"Essex County",25009,514,"Other pneumoconiosis",2,"Female",27,"Age-standardized",2002,"Rate",0.372653316157787,0.302809068328945,0.452935365348291
1,"Deaths",1789,"Essex County",25009,514,"Other pneumoconiosis",2,"Female",27,"Age-standardized",2003,"Rate",0.380977835655445,0.306981836164406,0.467502821156484
1,"Deaths",1789,"Essex County",25009,514,"Other pneumoconiosis",2,"Female",27,"Age-standardized",2004,"Rate",0.371684472176433,0.302342107419168,0.462905614475082
1,"Deaths",1789,"Essex County",25009,514,"Other pneumoconiosis",2,"Female",27,"Age-standardized",2005,"Rate",0.375780410161891,0.299645385854564,0.461398483880563
1,"Deaths",1789,"Essex County",25009,514,"Other pneumoconiosis",2,"Female",27,"Age-standardized",2006,"Rate",0.386140317375303,0.302352609863805,0.490003604520561
1,"Deaths",1789,"Essex County",25009,514,"Other pneumoconiosis",2,"Female",27,"Age-standardized",2007,"Rate",0.36097162679099,0.285210118638103,0.45677404253682
1,"Deaths",1789,"Essex County",25009,514,"Other pneumoconiosis",2,"Female",27,"Age-standardized",2008,"Rate",0.368085255312199,0.292089128759346,0.46840851049544
1,"Deaths",1789,"Essex County",25009,514,"Other pneumoconiosis",2,"Female",27,"Age-standardized",2009,"Rate",0.366063746861033,0.287559693419247,0.470519114330097
1,"Deaths",1789,"Essex County",25009,514,"Other pneumoconiosis",2,"Female",27,"Age-standardized",2010,"Rate",0.357621824114264,0.281024657974431,0.46432829508696
1,"Deaths",1789,"Essex County",25009,514,"Other pneumoconiosis",2,"Female",27,"Age-standardized",2011,"Rate",0.366153421172667,0.281177135065789,0.475550215829241
1,"Deaths",1789,"Essex County",25009,514,"Other pneumoconiosis",2,"Female",27,"Age-standardized",2012,"Rate",0.365773099198276,0.282794431625834,0.490666732297305
1,"Deaths",1789,"Essex County",25009,514,"Other pneumoconiosis",2,"Female",27,"Age-standardized",2013,"Rate",0.366635078279561,0.279813424291082,0.48045339694944
1,"Deaths",1789,"Essex County",25009,514,"Other pneumoconiosis",2,"Female",27,"Age-standardized",2014,"Rate",0.369433647450441,0.273158683859737,0.49493895911573
1,"Deaths",1789,"Essex County",25009,514,"Other pneumoconiosis",3,"Both",27,"Age-standardized",1980,"Rate",0.207736709983486,0.143869889817232,0.280347990742241
1,"Deaths",1789,"Essex County",25009,514,"Other pneumoconiosis",3,"Both",27,"Age-standardized",1981,"Rate",0.211747396749492,0.150354894644582,0.283141265216367
1,"Deaths",1789,"Essex County",25009,514,"Other pneumoconiosis",3,"Both",27,"Age-standardized",1982,"Rate",0.206386937528782,0.139330407218071,0.265995307042083
1,"Deaths",1789,"Essex County",25009,514,"Other pneumoconiosis",3,"Both",27,"Age-standardized",1983,"Rate",0.22526759618125,0.1544234621915,0.294070874732218
1,"Deaths",1789,"Essex County",25009,514,"Other pneumoconiosis",3,"Both",27,"Age-standardized",1984,"Rate",0.225989726276305,0.166506188083506,0.289005822726618
1,"Deaths",1789,"Essex County",25009,514,"Other pneumoconiosis",3,"Both",27,"Age-standardized",1985,"Rate",0.22630422735647,0.164811143091636,0.289523770346511
1,"Deaths",1789,"Essex County",25009,514,"Other pneumoconiosis",3,"Both",27,"Age-standardized",1986,"Rate",0.235876102994145,0.179686240851804,0.302546656467248
1,"Deaths",1789,"Essex County",25009,514,"Other pneumoconiosis",3,"Both",27,"Age-standardized",1987,"Rate",0.232027000164461,0.176619867190646,0.288994726253336
1,"Deaths",1789,"Essex County",25009,514,"Other pneumoconiosis",3,"Both",27,"Age-standardized",1988,"Rate",0.235350150905084,0.18436714758339,0.292004058745612
1,"Deaths",1789,"Essex County",25009,514,"Other pneumoconiosis",3,"Both",27,"Age-standardized",1989,"Rate",0.230437510473041,0.182615633123426,0.285885347506114
1,"Deaths",1789,"Essex County",25009,514,"Other pneumoconiosis",3,"Both",27,"Age-standardized",1990,"Rate",0.223097192693533,0.17599403292284,0.280454170558061
1,"Deaths",1789,"Essex County",25009,514,"Other pneumoconiosis",3,"Both",27,"Age-standardized",1991,"Rate",0.221804359814369,0.1791657702592,0.272940900644154
1,"Deaths",1789,"Essex County",25009,514,"Other pneumoconiosis",3,"Both",27,"Age-standardized",1992,"Rate",0.228919867565684,0.18257265958917,0.281668159881267
1,"Deaths",1789,"Essex County",25009,514,"Other pneumoconiosis",3,"Both",27,"Age-standardized",1993,"Rate",0.23237377826794,0.188261898126155,0.28644096964593
1,"Deaths",1789,"Essex County",25009,514,"Other pneumoconiosis",3,"Both",27,"Age-standardized",1994,"Rate",0.235231335488176,0.189478802719503,0.293870395775012
1,"Deaths",1789,"Essex County",25009,514,"Other pneumoconiosis",3,"Both",27,"Age-standardized",1995,"Rate",0.240674160133326,0.194224591553895,0.299051776282046
1,"Deaths",1789,"Essex County",25009,514,"Other pneumoconiosis",3,"Both",27,"Age-standardized",1996,"Rate",0.243868882590009,0.198070037576094,0.301216885464115
1,"Deaths",1789,"Essex County",25009,514,"Other pneumoconiosis",3,"Both",27,"Age-standardized",1997,"Rate",0.243171946086975,0.197385682780783,0.302179113074994
1,"Deaths",1789,"Essex County",25009,514,"Other pneumoconiosis",3,"Both",27,"Age-standardized",1998,"Rate",0.250531355212363,0.202547954838488,0.315662110067026
1,"Deaths",1789,"Essex County",25009,514,"Other pneumoconiosis",3,"Both",27,"Age-standardized",1999,"Rate",0.260999174637377,0.210540464135572,0.337681997938748
1,"Deaths",1789,"Essex County",25009,514,"Other pneumoconiosis",3,"Both",27,"Age-standardized",2000,"Rate",0.270171223833067,0.22054703776145,0.337358725733422
1,"Deaths",1789,"Essex County",25009,514,"Other pneumoconiosis",3,"Both",27,"Age-standardized",2001,"Rate",0.270265930557332,0.219073049872549,0.339182770080545
1,"Deaths",1789,"Essex County",25009,514,"Other pneumoconiosis",3,"Both",27,"Age-standardized",2002,"Rate",0.274383112226401,0.221364626069223,0.348272904370492
1,"Deaths",1789,"Essex County",25009,514,"Other pneumoconiosis",3,"Both",27,"Age-standardized",2003,"Rate",0.276619859287915,0.224073988372218,0.347203800047382
1,"Deaths",1789,"Essex County",25009,514,"Other pneumoconiosis",3,"Both",27,"Age-standardized",2004,"Rate",0.269437879230181,0.216940241381966,0.348945970238318
1,"Deaths",1789,"Essex County",25009,514,"Other pneumoconiosis",3,"Both",27,"Age-standardized",2005,"Rate",0.268518830247917,0.211328212852561,0.34570884070795
1,"Deaths",1789,"Essex County",25009,514,"Other pneumoconiosis",3,"Both",27,"Age-standardized",2006,"Rate",0.272957936229909,0.214816488754816,0.351753589387288
1,"Deaths",1789,"Essex County",25009,514,"Other pneumoconiosis",3,"Both",27,"Age-standardized",2007,"Rate",0.256026562957066,0.203033860441659,0.334348518308948
1,"Deaths",1789,"Essex County",25009,514,"Other pneumoconiosis",3,"Both",27,"Age-standardized",2008,"Rate",0.258658833355106,0.204390603969962,0.341433277881417
1,"Deaths",1789,"Essex County",25009,514,"Other pneumoconiosis",3,"Both",27,"Age-standardized",2009,"Rate",0.255903659342818,0.201029734439547,0.340655137371908
1,"Deaths",1789,"Essex County",25009,514,"Other pneumoconiosis",3,"Both",27,"Age-standardized",2010,"Rate",0.249497308221619,0.195872880482891,0.331894939180765
1,"Deaths",1789,"Essex County",25009,514,"Other pneumoconiosis",3,"Both",27,"Age-standardized",2011,"Rate",0.253926790069337,0.19530607396247,0.33339437925796
1,"Deaths",1789,"Essex County",25009,514,"Other pneumoconiosis",3,"Both",27,"Age-standardized",2012,"Rate",0.253696952178064,0.195226773166496,0.340257189041755
1,"Deaths",1789,"Essex County",25009,514,"Other pneumoconiosis",3,"Both",27,"Age-standardized",2013,"Rate",0.253022430777021,0.191608593556343,0.341883502812781
1,"Deaths",1789,"Essex County",25009,514,"Other pneumoconiosis",3,"Both",27,"Age-standardized",2014,"Rate",0.255697898388219,0.191709712542259,0.347273601721706
1,"Deaths",1791,"Franklin County",25011,514,"Other pneumoconiosis",1,"Male",27,"Age-standardized",1980,"Rate",0.071643438234774,0.0239115447170843,0.160851773968465
1,"Deaths",1791,"Franklin County",25011,514,"Other pneumoconiosis",1,"Male",27,"Age-standardized",1981,"Rate",0.0721005008174542,0.0240406987532772,0.163895893079038
1,"Deaths",1791,"Franklin County",25011,514,"Other pneumoconiosis",1,"Male",27,"Age-standardized",1982,"Rate",0.0733274262239846,0.025659138907471,0.174908228486305
1,"Deaths",1791,"Franklin County",25011,514,"Other pneumoconiosis",1,"Male",27,"Age-standardized",1983,"Rate",0.0746195093029639,0.0246921952940334,0.16580916222909
1,"Deaths",1791,"Franklin County",25011,514,"Other pneumoconiosis",1,"Male",27,"Age-standardized",1984,"Rate",0.0699477817476671,0.0236607432047399,0.156761154240265
1,"Deaths",1791,"Franklin County",25011,514,"Other pneumoconiosis",1,"Male",27,"Age-standardized",1985,"Rate",0.0721768658381039,0.0240541009247353,0.168422645138487
1,"Deaths",1791,"Franklin County",25011,514,"Other pneumoconiosis",1,"Male",27,"Age-standardized",1986,"Rate",0.0705270455737455,0.0236218683236661,0.159509048479616
1,"Deaths",1791,"Franklin County",25011,514,"Other pneumoconiosis",1,"Male",27,"Age-standardized",1987,"Rate",0.0675216478460967,0.0227009043114528,0.152918964314264
1,"Deaths",1791,"Franklin County",25011,514,"Other pneumoconiosis",1,"Male",27,"Age-standardized",1988,"Rate",0.0651231595299162,0.0208061938694896,0.158854001980908
1,"Deaths",1791,"Franklin County",25011,514,"Other pneumoconiosis",1,"Male",27,"Age-standardized",1989,"Rate",0.0622392424314707,0.0207294305162457,0.140760447989695
1,"Deaths",1791,"Franklin County",25011,514,"Other pneumoconiosis",1,"Male",27,"Age-standardized",1990,"Rate",0.0563715829460529,0.018208133679179,0.13136393316112
1,"Deaths",1791,"Franklin County",25011,514,"Other pneumoconiosis",1,"Male",27,"Age-standardized",1991,"Rate",0.0541816857204951,0.0167787433199142,0.133688854646996
1,"Deaths",1791,"Franklin County",25011,514,"Other pneumoconiosis",1,"Male",27,"Age-standardized",1992,"Rate",0.0536658134647615,0.016490298806193,0.122622910764051
1,"Deaths",1791,"Franklin County",25011,514,"Other pneumoconiosis",1,"Male",27,"Age-standardized",1993,"Rate",0.0504933280301474,0.0154882386369825,0.123963574527836
1,"Deaths",1791,"Franklin County",25011,514,"Other pneumoconiosis",1,"Male",27,"Age-standardized",1994,"Rate",0.0482959208674167,0.0140645235715575,0.119071780367358
1,"Deaths",1791,"Franklin County",25011,514,"Other pneumoconiosis",1,"Male",27,"Age-standardized",1995,"Rate",0.047006352517816,0.0136706376460299,0.120474500588371
1,"Deaths",1791,"Franklin County",25011,514,"Other pneumoconiosis",1,"Male",27,"Age-standardized",1996,"Rate",0.0431524115355628,0.0127141631114259,0.105356677094337
1,"Deaths",1791,"Franklin County",25011,514,"Other pneumoconiosis",1,"Male",27,"Age-standardized",1997,"Rate",0.0413736427009924,0.010998287100659,0.103807991981159
1,"Deaths",1791,"Franklin County",25011,514,"Other pneumoconiosis",1,"Male",27,"Age-standardized",1998,"Rate",0.0395246255161127,0.0110677358770823,0.102273714208014
1,"Deaths",1791,"Franklin County",25011,514,"Other pneumoconiosis",1,"Male",27,"Age-standardized",1999,"Rate",0.0386716660967237,0.00976428130289661,0.10138593539799
1,"Deaths",1791,"Franklin County",25011,514,"Other pneumoconiosis",1,"Male",27,"Age-standardized",2000,"Rate",0.0363110575888076,0.00859375293903935,0.0995105086362981
1,"Deaths",1791,"Franklin County",25011,514,"Other pneumoconiosis",1,"Male",27,"Age-standardized",2001,"Rate",0.0348449805303461,0.00840754997538612,0.0972907938999629
1,"Deaths",1791,"Franklin County",25011,514,"Other pneumoconiosis",1,"Male",27,"Age-standardized",2002,"Rate",0.034073979395894,0.00808233649807998,0.0930263541057755
1,"Deaths",1791,"Franklin County",25011,514,"Other pneumoconiosis",1,"Male",27,"Age-standardized",2003,"Rate",0.0322831675825791,0.0076734591951546,0.0894102760414176
1,"Deaths",1791,"Franklin County",25011,514,"Other pneumoconiosis",1,"Male",27,"Age-standardized",2004,"Rate",0.0313227222931416,0.00722431704941405,0.092193690610691
1,"Deaths",1791,"Franklin County",25011,514,"Other pneumoconiosis",1,"Male",27,"Age-standardized",2005,"Rate",0.0305870696393283,0.0074337709304399,0.0866936210321309
1,"Deaths",1791,"Franklin County",25011,514,"Other pneumoconiosis",1,"Male",27,"Age-standardized",2006,"Rate",0.0289784034756086,0.00697360665569246,0.0805696961902928
1,"Deaths",1791,"Franklin County",25011,514,"Other pneumoconiosis",1,"Male",27,"Age-standardized",2007,"Rate",0.0286844134989681,0.00652872671801365,0.0845102067321176
1,"Deaths",1791,"Franklin County",25011,514,"Other pneumoconiosis",1,"Male",27,"Age-standardized",2008,"Rate",0.0278468930617619,0.00626252013241675,0.0799232202226724
1,"Deaths",1791,"Franklin County",25011,514,"Other pneumoconiosis",1,"Male",27,"Age-standardized",2009,"Rate",0.0280444491098877,0.00618409346983671,0.0834400489788489
1,"Deaths",1791,"Franklin County",25011,514,"Other pneumoconiosis",1,"Male",27,"Age-standardized",2010,"Rate",0.0267915745566455,0.00591279826174707,0.0806867551721982
1,"Deaths",1791,"Franklin County",25011,514,"Other pneumoconiosis",1,"Male",27,"Age-standardized",2011,"Rate",0.0269654560090783,0.00590574518297195,0.0840810940733872
1,"Deaths",1791,"Franklin County",25011,514,"Other pneumoconiosis",1,"Male",27,"Age-standardized",2012,"Rate",0.0259563673979121,0.00582104469628397,0.0765807659034607
1,"Deaths",1791,"Franklin County",25011,514,"Other pneumoconiosis",1,"Male",27,"Age-standardized",2013,"Rate",0.0272989554205518,0.00560250917908665,0.081008296146164
1,"Deaths",1791,"Franklin County",25011,514,"Other pneumoconiosis",1,"Male",27,"Age-standardized",2014,"Rate",0.0272647756984665,0.00547519493006582,0.0843566430341127
1,"Deaths",1791,"Franklin County",25011,514,"Other pneumoconiosis",2,"Female",27,"Age-standardized",1980,"Rate",0.186519904625034,0.130096462477531,0.235094081567034
1,"Deaths",1791,"Franklin County",25011,514,"Other pneumoconiosis",2,"Female",27,"Age-standardized",1981,"Rate",0.187676024891382,0.136289384062555,0.233215958922954
1,"Deaths",1791,"Franklin County",25011,514,"Other pneumoconiosis",2,"Female",27,"Age-standardized",1982,"Rate",0.191036265208252,0.139179335699276,0.239218518261826
1,"Deaths",1791,"Franklin County",25011,514,"Other pneumoconiosis",2,"Female",27,"Age-standardized",1983,"Rate",0.205037435182631,0.150768767799212,0.257226954498848
1,"Deaths",1791,"Franklin County",25011,514,"Other pneumoconiosis",2,"Female",27,"Age-standardized",1984,"Rate",0.210820253009074,0.156114192710021,0.260429938724702
1,"Deaths",1791,"Franklin County",25011,514,"Other pneumoconiosis",2,"Female",27,"Age-standardized",1985,"Rate",0.218393053637276,0.163256285365299,0.272424248983475
1,"Deaths",1791,"Franklin County",25011,514,"Other pneumoconiosis",2,"Female",27,"Age-standardized",1986,"Rate",0.230736401403584,0.176441994491195,0.289592114138753
1,"Deaths",1791,"Franklin County",25011,514,"Other pneumoconiosis",2,"Female",27,"Age-standardized",1987,"Rate",0.228458909260258,0.17528462597558,0.282458115799568
1,"Deaths",1791,"Franklin County",25011,514,"Other pneumoconiosis",2,"Female",27,"Age-standardized",1988,"Rate",0.230831742123955,0.177455844061374,0.284984242351333
1,"Deaths",1791,"Franklin County",25011,514,"Other pneumoconiosis",2,"Female",27,"Age-standardized",1989,"Rate",0.228623870763789,0.177582807377897,0.284900002013977
1,"Deaths",1791,"Franklin County",25011,514,"Other pneumoconiosis",2,"Female",27,"Age-standardized",1990,"Rate",0.223001845308652,0.175059055238976,0.278624741127601
1,"Deaths",1791,"Franklin County",25011,514,"Other pneumoconiosis",2,"Female",27,"Age-standardized",1991,"Rate",0.228413807342428,0.178207195658127,0.279749156570613
1,"Deaths",1791,"Franklin County",25011,514,"Other pneumoconiosis",2,"Female",27,"Age-standardized",1992,"Rate",0.224832659541118,0.172259688047627,0.280849676792297
1,"Deaths",1791,"Franklin County",25011,514,"Other pneumoconiosis",2,"Female",27,"Age-standardized",1993,"Rate",0.242607750820198,0.188035366510131,0.300106649453396
1,"Deaths",1791,"Franklin County",25011,514,"Other pneumoconiosis",2,"Female",27,"Age-standardized",1994,"Rate",0.2459037669589,0.189239069365226,0.308668319622156
1,"Deaths",1791,"Franklin County",25011,514,"Other pneumoconiosis",2,"Female",27,"Age-standardized",1995,"Rate",0.253236719785395,0.1989783576553,0.323214969914077
1,"Deaths",1791,"Franklin County",25011,514,"Other pneumoconiosis",2,"Female",27,"Age-standardized",1996,"Rate",0.259697014158595,0.196643472625456,0.328340172300258
1,"Deaths",1791,"Franklin County",25011,514,"Other pneumoconiosis",2,"Female",27,"Age-standardized",1997,"Rate",0.266666475979853,0.205397372373825,0.342819628120244
1,"Deaths",1791,"Franklin County",25011,514,"Other pneumoconiosis",2,"Female",27,"Age-standardized",1998,"Rate",0.279658825114273,0.214904943592659,0.351826717537029
1,"Deaths",1791,"Franklin County",25011,514,"Other pneumoconiosis",2,"Female",27,"Age-standardized",1999,"Rate",0.307216656027922,0.230775970467524,0.395260286451939
1,"Deaths",1791,"Franklin County",25011,514,"Other pneumoconiosis",2,"Female",27,"Age-standardized",2000,"Rate",0.315172477233469,0.239925462658564,0.405821731201258
1,"Deaths",1791,"Franklin County",25011,514,"Other pneumoconiosis",2,"Female",27,"Age-standardized",2001,"Rate",0.322001685444337,0.244892807303945,0.425087860823098
1,"Deaths",1791,"Franklin County",25011,514,"Other pneumoconiosis",2,"Female",27,"Age-standardized",2002,"Rate",0.334262958540474,0.252226779579266,0.441776967898657
1,"Deaths",1791,"Franklin County",25011,514,"Other pneumoconiosis",2,"Female",27,"Age-standardized",2003,"Rate",0.336623475537458,0.253386288037232,0.434906808064368
1,"Deaths",1791,"Franklin County",25011,514,"Other pneumoconiosis",2,"Female",27,"Age-standardized",2004,"Rate",0.33456642585411,0.246583563790342,0.443342258801934
1,"Deaths",1791,"Franklin County",25011,514,"Other pneumoconiosis",2,"Female",27,"Age-standardized",2005,"Rate",0.343087037845989,0.253298433056705,0.464062741158402
1,"Deaths",1791,"Franklin County",25011,514,"Other pneumoconiosis",2,"Female",27,"Age-standardized",2006,"Rate",0.345930279285934,0.258797341966465,0.464515340123232
1,"Deaths",1791,"Franklin County",25011,514,"Other pneumoconiosis",2,"Female",27,"Age-standardized",2007,"Rate",0.339617074223865,0.249369213157422,0.46021807786085
1,"Deaths",1791,"Franklin County",25011,514,"Other pneumoconiosis",2,"Female",27,"Age-standardized",2008,"Rate",0.340371601036917,0.249878390100636,0.473596334612783
1,"Deaths",1791,"Franklin County",25011,514,"Other pneumoconiosis",2,"Female",27,"Age-standardized",2009,"Rate",0.329915457186158,0.236386012262611,0.462145610868103
1,"Deaths",1791,"Franklin County",25011,514,"Other pneumoconiosis",2,"Female",27,"Age-standardized",2010,"Rate",0.327230287521144,0.228958893094867,0.459806298527397
1,"Deaths",1791,"Franklin County",25011,514,"Other pneumoconiosis",2,"Female",27,"Age-standardized",2011,"Rate",0.326050991164238,0.22897999905507,0.468674621537245
1,"Deaths",1791,"Franklin County",25011,514,"Other pneumoconiosis",2,"Female",27,"Age-standardized",2012,"Rate",0.336278845274409,0.233268930997527,0.47595336167758
1,"Deaths",1791,"Franklin County",25011,514,"Other pneumoconiosis",2,"Female",27,"Age-standardized",2013,"Rate",0.346089903254994,0.239079867386146,0.486842374459335
1,"Deaths",1791,"Franklin County",25011,514,"Other pneumoconiosis",2,"Female",27,"Age-standardized",2014,"Rate",0.348325480523312,0.23889750264201,0.49198997716094
1,"Deaths",1791,"Franklin County",25011,514,"Other pneumoconiosis",3,"Both",27,"Age-standardized",1980,"Rate",0.147862508656403,0.102698528458277,0.194788701499485
1,"Deaths",1791,"Franklin County",25011,514,"Other pneumoconiosis",3,"Both",27,"Age-standardized",1981,"Rate",0.149152913865661,0.107072648403801,0.195062637586802
1,"Deaths",1791,"Franklin County",25011,514,"Other pneumoconiosis",3,"Both",27,"Age-standardized",1982,"Rate",0.152322768685838,0.107932834204757,0.200305958775185
1,"Deaths",1791,"Franklin County",25011,514,"Other pneumoconiosis",3,"Both",27,"Age-standardized",1983,"Rate",0.16211890177175,0.115516716576725,0.213367044393273
1,"Deaths",1791,"Franklin County",25011,514,"Other pneumoconiosis",3,"Both",27,"Age-standardized",1984,"Rate",0.164402734893345,0.11868096837251,0.21309342045827
1,"Deaths",1791,"Franklin County",25011,514,"Other pneumoconiosis",3,"Both",27,"Age-standardized",1985,"Rate",0.170839996388926,0.125143229001855,0.223399689380758
1,"Deaths",1791,"Franklin County",25011,514,"Other pneumoconiosis",3,"Both",27,"Age-standardized",1986,"Rate",0.178546008265986,0.133201044666099,0.227432212426093
1,"Deaths",1791,"Franklin County",25011,514,"Other pneumoconiosis",3,"Both",27,"Age-standardized",1987,"Rate",0.175821129013423,0.134539525906158,0.22407264882222
1,"Deaths",1791,"Franklin County",25011,514,"Other pneumoconiosis",3,"Both",27,"Age-standardized",1988,"Rate",0.176488718366923,0.133998161035566,0.225740032306535
1,"Deaths",1791,"Franklin County",25011,514,"Other pneumoconiosis",3,"Both",27,"Age-standardized",1989,"Rate",0.173869795813211,0.132644922471823,0.223179981492135
1,"Deaths",1791,"Franklin County",25011,514,"Other pneumoconiosis",3,"Both",27,"Age-standardized",1990,"Rate",0.167909576768931,0.130148360133373,0.213739762179243
1,"Deaths",1791,"Franklin County",25011,514,"Other pneumoconiosis",3,"Both",27,"Age-standardized",1991,"Rate",0.170555589428001,0.132464075713467,0.214913793849288
1,"Deaths",1791,"Franklin County",25011,514,"Other pneumoconiosis",3,"Both",27,"Age-standardized",1992,"Rate",0.167679012457559,0.129008436294199,0.214002689052148
1,"Deaths",1791,"Franklin County",25011,514,"Other pneumoconiosis",3,"Both",27,"Age-standardized",1993,"Rate",0.178331812010506,0.138156048432423,0.225845394886092
1,"Deaths",1791,"Franklin County",25011,514,"Other pneumoconiosis",3,"Both",27,"Age-standardized",1994,"Rate",0.179515845816074,0.136452521383507,0.227430745429893
1,"Deaths",1791,"Franklin County",25011,514,"Other pneumoconiosis",3,"Both",27,"Age-standardized",1995,"Rate",0.183695307900622,0.140061985411042,0.237664222015368
1,"Deaths",1791,"Franklin County",25011,514,"Other pneumoconiosis",3,"Both",27,"Age-standardized",1996,"Rate",0.18636831413839,0.141979125405984,0.238688999153584
1,"Deaths",1791,"Franklin County",25011,514,"Other pneumoconiosis",3,"Both",27,"Age-standardized",1997,"Rate",0.190014167567456,0.145233493088423,0.243823809584431
1,"Deaths",1791,"Franklin County",25011,514,"Other pneumoconiosis",3,"Both",27,"Age-standardized",1998,"Rate",0.197592472144054,0.15245007658698,0.253396025818455
1,"Deaths",1791,"Franklin County",25011,514,"Other pneumoconiosis",3,"Both",27,"Age-standardized",1999,"Rate",0.214772646949069,0.161815132219302,0.281936386545161
1,"Deaths",1791,"Franklin County",25011,514,"Other pneumoconiosis",3,"Both",27,"Age-standardized",2000,"Rate",0.217976545390873,0.164598806872094,0.285411456434313
1,"Deaths",1791,"Franklin County",25011,514,"Other pneumoconiosis",3,"Both",27,"Age-standardized",2001,"Rate",0.220631513557899,0.165947552944833,0.28893747072331
1,"Deaths",1791,"Franklin County",25011,514,"Other pneumoconiosis",3,"Both",27,"Age-standardized",2002,"Rate",0.225942909241771,0.170730638168829,0.29764411443791
1,"Deaths",1791,"Franklin County",25011,514,"Other pneumoconiosis",3,"Both",27,"Age-standardized",2003,"Rate",0.224682987091352,0.172251708180691,0.291442441798974
1,"Deaths",1791,"Franklin County",25011,514,"Other pneumoconiosis",3,"Both",27,"Age-standardized",2004,"Rate",0.22194865782152,0.163071408371774,0.295468031542563
1,"Deaths",1791,"Franklin County",25011,514,"Other pneumoconiosis",3,"Both",27,"Age-standardized",2005,"Rate",0.225337200096116,0.166393377645688,0.302431033693594
1,"Deaths",1791,"Franklin County",25011,514,"Other pneumoconiosis",3,"Both",27,"Age-standardized",2006,"Rate",0.226286685041538,0.168774291136663,0.304721315920603
1,"Deaths",1791,"Franklin County",25011,514,"Other pneumoconiosis",3,"Both",27,"Age-standardized",2007,"Rate",0.221162015059927,0.163155468522082,0.299532790388277
1,"Deaths",1791,"Franklin County",25011,514,"Other pneumoconiosis",3,"Both",27,"Age-standardized",2008,"Rate",0.219519416066992,0.162051651755209,0.306337677748938
1,"Deaths",1791,"Franklin County",25011,514,"Other pneumoconiosis",3,"Both",27,"Age-standardized",2009,"Rate",0.212900871942768,0.154971001424785,0.294570616843038
1,"Deaths",1791,"Franklin County",25011,514,"Other pneumoconiosis",3,"Both",27,"Age-standardized",2010,"Rate",0.210099819563108,0.149348614214551,0.29515417474596
1,"Deaths",1791,"Franklin County",25011,514,"Other pneumoconiosis",3,"Both",27,"Age-standardized",2011,"Rate",0.209232575909283,0.148696517252231,0.29748738662052
1,"Deaths",1791,"Franklin County",25011,514,"Other pneumoconiosis",3,"Both",27,"Age-standardized",2012,"Rate",0.214351754306804,0.152556406686319,0.299391519178197
1,"Deaths",1791,"Franklin County",25011,514,"Other pneumoconiosis",3,"Both",27,"Age-standardized",2013,"Rate",0.219978836152991,0.153366877879796,0.314344669342143
1,"Deaths",1791,"Franklin County",25011,514,"Other pneumoconiosis",3,"Both",27,"Age-standardized",2014,"Rate",0.222805434147342,0.154873776530047,0.31459555902347
1,"Deaths",1796,"Hampden County",25013,514,"Other pneumoconiosis",1,"Male",27,"Age-standardized",1980,"Rate",0.0927964952930407,0.0312955741838491,0.204435274787716
1,"Deaths",1796,"Hampden County",25013,514,"Other pneumoconiosis",1,"Male",27,"Age-standardized",1981,"Rate",0.0923866548239328,0.0304297454306012,0.201953263233405
1,"Deaths",1796,"Hampden County",25013,514,"Other pneumoconiosis",1,"Male",27,"Age-standardized",1982,"Rate",0.0959333350814481,0.0319248445703082,0.210994885086414
1,"Deaths",1796,"Hampden County",25013,514,"Other pneumoconiosis",1,"Male",27,"Age-standardized",1983,"Rate",0.0936184793326942,0.0304779112461819,0.204798712211858
1,"Deaths",1796,"Hampden County",25013,514,"Other pneumoconiosis",1,"Male",27,"Age-standardized",1984,"Rate",0.0865325196037297,0.0288344850892906,0.193063071995977
1,"Deaths",1796,"Hampden County",25013,514,"Other pneumoconiosis",1,"Male",27,"Age-standardized",1985,"Rate",0.0900312057171948,0.0300534838068262,0.199323818051261
1,"Deaths",1796,"Hampden County",25013,514,"Other pneumoconiosis",1,"Male",27,"Age-standardized",1986,"Rate",0.0844163126871648,0.0289585706306381,0.188334242841604
1,"Deaths",1796,"Hampden County",25013,514,"Other pneumoconiosis",1,"Male",27,"Age-standardized",1987,"Rate",0.0804591775468749,0.0268051912354831,0.17521245111289
1,"Deaths",1796,"Hampden County",25013,514,"Other pneumoconiosis",1,"Male",27,"Age-standardized",1988,"Rate",0.0753004783997959,0.025111183537287,0.166470317351711
1,"Deaths",1796,"Hampden County",25013,514,"Other pneumoconiosis",1,"Male",27,"Age-standardized",1989,"Rate",0.0707116691037818,0.0223637171940616,0.1604112353684
1,"Deaths",1796,"Hampden County",25013,514,"Other pneumoconiosis",1,"Male",27,"Age-standardized",1990,"Rate",0.0615902254775374,0.0201209359122635,0.142954931626889
1,"Deaths",1796,"Hampden County",25013,514,"Other pneumoconiosis",1,"Male",27,"Age-standardized",1991,"Rate",0.061119613070764,0.0198528097991669,0.141857019783466
1,"Deaths",1796,"Hampden County",25013,514,"Other pneumoconiosis",1,"Male",27,"Age-standardized",1992,"Rate",0.0563496785698266,0.0168498036402006,0.127976808006976
1,"Deaths",1796,"Hampden County",25013,514,"Other pneumoconiosis",1,"Male",27,"Age-standardized",1993,"Rate",0.0545791356182512,0.0171848066324765,0.124845239317237
1,"Deaths",1796,"Hampden County",25013,514,"Other pneumoconiosis",1,"Male",27,"Age-standardized",1994,"Rate",0.0529477371176124,0.0163837798372826,0.136399197655797
1,"Deaths",1796,"Hampden County",25013,514,"Other pneumoconiosis",1,"Male",27,"Age-standardized",1995,"Rate",0.0488423970556884,0.0152677157082763,0.118855123029853
1,"Deaths",1796,"Hampden County",25013,514,"Other pneumoconiosis",1,"Male",27,"Age-standardized",1996,"Rate",0.0449520839472815,0.0131941091211822,0.109829395370471
1,"Deaths",1796,"Hampden County",25013,514,"Other pneumoconiosis",1,"Male",27,"Age-standardized",1997,"Rate",0.0424903375925214,0.0127208428194274,0.110250664015776
1,"Deaths",1796,"Hampden County",25013,514,"Other pneumoconiosis",1,"Male",27,"Age-standardized",1998,"Rate",0.0401950551428975,0.0115441733884102,0.101720274526269
1,"Deaths",1796,"Hampden County",25013,514,"Other pneumoconiosis",1,"Male",27,"Age-standardized",1999,"Rate",0.0380328986318414,0.0111959801238207,0.0938889579041877
1,"Deaths",1796,"Hampden County",25013,514,"Other pneumoconiosis",1,"Male",27,"Age-standardized",2000,"Rate",0.0351512168336652,0.0103330034608916,0.0906630859354807
1,"Deaths",1796,"Hampden County",25013,514,"Other pneumoconiosis",1,"Male",27,"Age-standardized",2001,"Rate",0.0319967965706962,0.00897938707250511,0.0857740406618078
1,"Deaths",1796,"Hampden County",25013,514,"Other pneumoconiosis",1,"Male",27,"Age-standardized",2002,"Rate",0.0310049688491601,0.00924083368095699,0.0817335551127857
1,"Deaths",1796,"Hampden County",25013,514,"Other pneumoconiosis",1,"Male",27,"Age-standardized",2003,"Rate",0.0294741731236246,0.00865507320051687,0.0802503763374232
1,"Deaths",1796,"Hampden County",25013,514,"Other pneumoconiosis",1,"Male",27,"Age-standardized",2004,"Rate",0.0290712484430826,0.00905011131068278,0.0761573629767223
1,"Deaths",1796,"Hampden County",25013,514,"Other pneumoconiosis",1,"Male",27,"Age-standardized",2005,"Rate",0.0280169525685007,0.0080581853263209,0.0733215944782752
1,"Deaths",1796,"Hampden County",25013,514,"Other pneumoconiosis",1,"Male",27,"Age-standardized",2006,"Rate",0.0254174164105212,0.00721556428653861,0.0651218760909129
1,"Deaths",1796,"Hampden County",25013,514,"Other pneumoconiosis",1,"Male",27,"Age-standardized",2007,"Rate",0.0241657817282073,0.00674467717924929,0.0677413603543652
1,"Deaths",1796,"Hampden County",25013,514,"Other pneumoconiosis",1,"Male",27,"Age-standardized",2008,"Rate",0.0231933580193822,0.00676013169431598,0.061818977239987
1,"Deaths",1796,"Hampden County",25013,514,"Other pneumoconiosis",1,"Male",27,"Age-standardized",2009,"Rate",0.022698969149095,0.00640490020119434,0.0595284486661403
1,"Deaths",1796,"Hampden County",25013,514,"Other pneumoconiosis",1,"Male",27,"Age-standardized",2010,"Rate",0.0220893552132246,0.00617070024706024,0.057228839833026
1,"Deaths",1796,"Hampden County",25013,514,"Other pneumoconiosis",1,"Male",27,"Age-standardized",2011,"Rate",0.0216679543747694,0.00582575663147304,0.0569913613031128
1,"Deaths",1796,"Hampden County",25013,514,"Other pneumoconiosis",1,"Male",27,"Age-standardized",2012,"Rate",0.0219543648686747,0.00593972679433413,0.058617737267964
1,"Deaths",1796,"Hampden County",25013,514,"Other pneumoconiosis",1,"Male",27,"Age-standardized",2013,"Rate",0.0218621314869253,0.00613562312204182,0.0564163834330315
1,"Deaths",1796,"Hampden County",25013,514,"Other pneumoconiosis",1,"Male",27,"Age-standardized",2014,"Rate",0.0215188069630131,0.00572214293235378,0.0609168274228286
1,"Deaths",1796,"Hampden County",25013,514,"Other pneumoconiosis",2,"Female",27,"Age-standardized",1980,"Rate",0.194777975190574,0.140552504841192,0.234220849583272
1,"Deaths",1796,"Hampden County",25013,514,"Other pneumoconiosis",2,"Female",27,"Age-standardized",1981,"Rate",0.196381380491761,0.14419739636808,0.240456861371001
1,"Deaths",1796,"Hampden County",25013,514,"Other pneumoconiosis",2,"Female",27,"Age-standardized",1982,"Rate",0.195701037960186,0.148402710238895,0.235188047635721
1,"Deaths",1796,"Hampden County",25013,514,"Other pneumoconiosis",2,"Female",27,"Age-standardized",1983,"Rate",0.213492077441952,0.161023069616298,0.256919230979056
1,"Deaths",1796,"Hampden County",25013,514,"Other pneumoconiosis",2,"Female",27,"Age-standardized",1984,"Rate",0.224785808422005,0.170218049393747,0.268836635863792
1,"Deaths",1796,"Hampden County",25013,514,"Other pneumoconiosis",2,"Female",27,"Age-standardized",1985,"Rate",0.228358190877028,0.174728151250765,0.274755708083917
1,"Deaths",1796,"Hampden County",25013,514,"Other pneumoconiosis",2,"Female",27,"Age-standardized",1986,"Rate",0.240903233600497,0.188116083903366,0.290311568842864
1,"Deaths",1796,"Hampden County",25013,514,"Other pneumoconiosis",2,"Female",27,"Age-standardized",1987,"Rate",0.243497018188577,0.191549170631648,0.293144709853152
1,"Deaths",1796,"Hampden County",25013,514,"Other pneumoconiosis",2,"Female",27,"Age-standardized",1988,"Rate",0.248874866623142,0.193106510784692,0.296614597148078
1,"Deaths",1796,"Hampden County",25013,514,"Other pneumoconiosis",2,"Female",27,"Age-standardized",1989,"Rate",0.241309712704427,0.194065983076282,0.289513754914626
1,"Deaths",1796,"Hampden County",25013,514,"Other pneumoconiosis",2,"Female",27,"Age-standardized",1990,"Rate",0.23465785860153,0.191862495217413,0.279365411485005
1,"Deaths",1796,"Hampden County",25013,514,"Other pneumoconiosis",2,"Female",27,"Age-standardized",1991,"Rate",0.239596086523773,0.194273144420295,0.285882662055174
1,"Deaths",1796,"Hampden County",25013,514,"Other pneumoconiosis",2,"Female",27,"Age-standardized",1992,"Rate",0.248040210229654,0.202330847671768,0.296807602580858
1,"Deaths",1796,"Hampden County",25013,514,"Other pneumoconiosis",2,"Female",27,"Age-standardized",1993,"Rate",0.258965264478165,0.21241888813443,0.307801478139699
1,"Deaths",1796,"Hampden County",25013,514,"Other pneumoconiosis",2,"Female",27,"Age-standardized",1994,"Rate",0.263743715347297,0.212997178926785,0.315382870642853
1,"Deaths",1796,"Hampden County",25013,514,"Other pneumoconiosis",2,"Female",27,"Age-standardized",1995,"Rate",0.273351675721185,0.220516545116882,0.330326092852986
1,"Deaths",1796,"Hampden County",25013,514,"Other pneumoconiosis",2,"Female",27,"Age-standardized",1996,"Rate",0.276656466935739,0.222690049757222,0.337328912911801
1,"Deaths",1796,"Hampden County",25013,514,"Other pneumoconiosis",2,"Female",27,"Age-standardized",1997,"Rate",0.288710685507372,0.230192155575692,0.350438145744652
1,"Deaths",1796,"Hampden County",25013,514,"Other pneumoconiosis",2,"Female",27,"Age-standardized",1998,"Rate",0.303504582124228,0.242656292104566,0.368457396550607
1,"Deaths",1796,"Hampden County",25013,514,"Other pneumoconiosis",2,"Female",27,"Age-standardized",1999,"Rate",0.32175483364117,0.256030122434722,0.396729990907844
1,"Deaths",1796,"Hampden County",25013,514,"Other pneumoconiosis",2,"Female",27,"Age-standardized",2000,"Rate",0.33898324147779,0.271110493319933,0.422416439585289
1,"Deaths",1796,"Hampden County",25013,514,"Other pneumoconiosis",2,"Female",27,"Age-standardized",2001,"Rate",0.343068778143685,0.268517916762208,0.435921766739265
1,"Deaths",1796,"Hampden County",25013,514,"Other pneumoconiosis",2,"Female",27,"Age-standardized",2002,"Rate",0.362117883299217,0.287488483382664,0.453213167916996
1,"Deaths",1796,"Hampden County",25013,514,"Other pneumoconiosis",2,"Female",27,"Age-standardized",2003,"Rate",0.358665839118318,0.277865901728908,0.460003354910701
1,"Deaths",1796,"Hampden County",25013,514,"Other pneumoconiosis",2,"Female",27,"Age-standardized",2004,"Rate",0.351345188530912,0.271281278858965,0.446007771882575
1,"Deaths",1796,"Hampden County",25013,514,"Other pneumoconiosis",2,"Female",27,"Age-standardized",2005,"Rate",0.355798864087639,0.274174757029271,0.460101783953311
1,"Deaths",1796,"Hampden County",25013,514,"Other pneumoconiosis",2,"Female",27,"Age-standardized",2006,"Rate",0.352952805005636,0.273058463969717,0.458349262845435
1,"Deaths",1796,"Hampden County",25013,514,"Other pneumoconiosis",2,"Female",27,"Age-standardized",2007,"Rate",0.342922008752661,0.261132543407089,0.451606602909996
1,"Deaths",1796,"Hampden County",25013,514,"Other pneumoconiosis",2,"Female",27,"Age-standardized",2008,"Rate",0.340542254865249,0.256510287300902,0.456650099599021
1,"Deaths",1796,"Hampden County",25013,514,"Other pneumoconiosis",2,"Female",27,"Age-standardized",2009,"Rate",0.337799819316744,0.257682036496719,0.447426301186748
1,"Deaths",1796,"Hampden County",25013,514,"Other pneumoconiosis",2,"Female",27,"Age-standardized",2010,"Rate",0.334417366474826,0.249874618835913,0.444782968397202
1,"Deaths",1796,"Hampden County",25013,514,"Other pneumoconiosis",2,"Female",27,"Age-standardized",2011,"Rate",0.342967879937793,0.256661929669679,0.454498246086884
1,"Deaths",1796,"Hampden County",25013,514,"Other pneumoconiosis",2,"Female",27,"Age-standardized",2012,"Rate",0.342895391487504,0.253147976424267,0.458463314043373
1,"Deaths",1796,"Hampden County",25013,514,"Other pneumoconiosis",2,"Female",27,"Age-standardized",2013,"Rate",0.350403461294936,0.25671423904497,0.478792391343055
1,"Deaths",1796,"Hampden County",25013,514,"Other pneumoconiosis",2,"Female",27,"Age-standardized",2014,"Rate",0.348045521546943,0.254029470604928,0.472998371585047
1,"Deaths",1796,"Hampden County",25013,514,"Other pneumoconiosis",3,"Both",27,"Age-standardized",1980,"Rate",0.16422578349061,0.122012034679314,0.212158513038245
1,"Deaths",1796,"Hampden County",25013,514,"Other pneumoconiosis",3,"Both",27,"Age-standardized",1981,"Rate",0.165334182948578,0.117440963640203,0.213744088996033
1,"Deaths",1796,"Hampden County",25013,514,"Other pneumoconiosis",3,"Both",27,"Age-standardized",1982,"Rate",0.166490093145398,0.122664383619175,0.215168137024365
1,"Deaths",1796,"Hampden County",25013,514,"Other pneumoconiosis",3,"Both",27,"Age-standardized",1983,"Rate",0.178018341903361,0.133184166684881,0.227534885492937
1,"Deaths",1796,"Hampden County",25013,514,"Other pneumoconiosis",3,"Both",27,"Age-standardized",1984,"Rate",0.183336880110183,0.137449362994457,0.230670577363717
1,"Deaths",1796,"Hampden County",25013,514,"Other pneumoconiosis",3,"Both",27,"Age-standardized",1985,"Rate",0.187277077373952,0.141836677302761,0.235657506616938
1,"Deaths",1796,"Hampden County",25013,514,"Other pneumoconiosis",3,"Both",27,"Age-standardized",1986,"Rate",0.194014920327844,0.150307450003297,0.242114716705605
1,"Deaths",1796,"Hampden County",25013,514,"Other pneumoconiosis",3,"Both",27,"Age-standardized",1987,"Rate",0.194353134286258,0.15103609275655,0.239642885406045
1,"Deaths",1796,"Hampden County",25013,514,"Other pneumoconiosis",3,"Both",27,"Age-standardized",1988,"Rate",0.196104035278842,0.154082973059914,0.243895375329227
1,"Deaths",1796,"Hampden County",25013,514,"Other pneumoconiosis",3,"Both",27,"Age-standardized",1989,"Rate",0.189239789527033,0.150584324688332,0.231083424951681
1,"Deaths",1796,"Hampden County",25013,514,"Other pneumoconiosis",3,"Both",27,"Age-standardized",1990,"Rate",0.181132194276716,0.14522418641647,0.223218135398266
1,"Deaths",1796,"Hampden County",25013,514,"Other pneumoconiosis",3,"Both",27,"Age-standardized",1991,"Rate",0.183861490948803,0.146885344353813,0.228662915057924
1,"Deaths",1796,"Hampden County",25013,514,"Other pneumoconiosis",3,"Both",27,"Age-standardized",1992,"Rate",0.18744976157699,0.150975178894724,0.230212089911813
1,"Deaths",1796,"Hampden County",25013,514,"Other pneumoconiosis",3,"Both",27,"Age-standardized",1993,"Rate",0.193832666260514,0.155644740514802,0.236028097447907
1,"Deaths",1796,"Hampden County",25013,514,"Other pneumoconiosis",3,"Both",27,"Age-standardized",1994,"Rate",0.195852926790172,0.158077974929508,0.243149596116073
1,"Deaths",1796,"Hampden County",25013,514,"Other pneumoconiosis",3,"Both",27,"Age-standardized",1995,"Rate",0.200169218756082,0.159788353949539,0.247542945383802
1,"Deaths",1796,"Hampden County",25013,514,"Other pneumoconiosis",3,"Both",27,"Age-standardized",1996,"Rate",0.200176251819534,0.159836417652702,0.251507853075268
1,"Deaths",1796,"Hampden County",25013,514,"Other pneumoconiosis",3,"Both",27,"Age-standardized",1997,"Rate",0.206774741313995,0.162588635258455,0.25458307154294
1,"Deaths",1796,"Hampden County",25013,514,"Other pneumoconiosis",3,"Both",27,"Age-standardized",1998,"Rate",0.214998482800168,0.170899498265402,0.265066314818605
1,"Deaths",1796,"Hampden County",25013,514,"Other pneumoconiosis",3,"Both",27,"Age-standardized",1999,"Rate",0.224605354238704,0.178395372780183,0.28040326324088
1,"Deaths",1796,"Hampden County",25013,514,"Other pneumoconiosis",3,"Both",27,"Age-standardized",2000,"Rate",0.233485148407773,0.184799631367935,0.290513876441973
1,"Deaths",1796,"Hampden County",25013,514,"Other pneumoconiosis",3,"Both",27,"Age-standardized",2001,"Rate",0.23342358102071,0.182305925093619,0.298975114252988
1,"Deaths",1796,"Hampden County",25013,514,"Other pneumoconiosis",3,"Both",27,"Age-standardized",2002,"Rate",0.244961222725339,0.193632970718608,0.310248864475993
1,"Deaths",1796,"Hampden County",25013,514,"Other pneumoconiosis",3,"Both",27,"Age-standardized",2003,"Rate",0.242008408715959,0.190494800226431,0.309584915278525
1,"Deaths",1796,"Hampden County",25013,514,"Other pneumoconiosis",3,"Both",27,"Age-standardized",2004,"Rate",0.235912403470333,0.182049293079705,0.301378631434208
1,"Deaths",1796,"Hampden County",25013,514,"Other pneumoconiosis",3,"Both",27,"Age-standardized",2005,"Rate",0.238059348373038,0.183310210734157,0.311302955029892
1,"Deaths",1796,"Hampden County",25013,514,"Other pneumoconiosis",3,"Both",27,"Age-standardized",2006,"Rate",0.234735064951389,0.182247344645208,0.308588606724354
1,"Deaths",1796,"Hampden County",25013,514,"Other pneumoconiosis",3,"Both",27,"Age-standardized",2007,"Rate",0.226492219792871,0.173756548622656,0.300851414388858
1,"Deaths",1796,"Hampden County",25013,514,"Other pneumoconiosis",3,"Both",27,"Age-standardized",2008,"Rate",0.223848286913498,0.169348975451598,0.307040505580388
1,"Deaths",1796,"Hampden County",25013,514,"Other pneumoconiosis",3,"Both",27,"Age-standardized",2009,"Rate",0.221749767004809,0.168139870883412,0.294089001891811
1,"Deaths",1796,"Hampden County",25013,514,"Other pneumoconiosis",3,"Both",27,"Age-standardized",2010,"Rate",0.219272349206061,0.164179352602665,0.293893987955402
1,"Deaths",1796,"Hampden County",25013,514,"Other pneumoconiosis",3,"Both",27,"Age-standardized",2011,"Rate",0.224491756114148,0.166891766122181,0.302273523314255
1,"Deaths",1796,"Hampden County",25013,514,"Other pneumoconiosis",3,"Both",27,"Age-standardized",2012,"Rate",0.224176702824933,0.167001335707554,0.301627685363868
1,"Deaths",1796,"Hampden County",25013,514,"Other pneumoconiosis",3,"Both",27,"Age-standardized",2013,"Rate",0.22791781951068,0.167753214804118,0.310589052265678
1,"Deaths",1796,"Hampden County",25013,514,"Other pneumoconiosis",3,"Both",27,"Age-standardized",2014,"Rate",0.226003125564182,0.164336856424233,0.308562467982103
1,"Deaths",1794,"Hampshire County",25015,514,"Other pneumoconiosis",1,"Male",27,"Age-standardized",1980,"Rate",0.0988420865519867,0.0264134906357573,0.261652934666238
1,"Deaths",1794,"Hampshire County",25015,514,"Other pneumoconiosis",1,"Male",27,"Age-standardized",1981,"Rate",0.102162051714229,0.0256961188772206,0.278956573365063
1,"Deaths",1794,"Hampshire County",25015,514,"Other pneumoconiosis",1,"Male",27,"Age-standardized",1982,"Rate",0.0991822902623903,0.0242855943702757,0.263513741968554
1,"Deaths",1794,"Hampshire County",25015,514,"Other pneumoconiosis",1,"Male",27,"Age-standardized",1983,"Rate",0.101567032214014,0.0258903986222968,0.279508676424246
1,"Deaths",1794,"Hampshire County",25015,514,"Other pneumoconiosis",1,"Male",27,"Age-standardized",1984,"Rate",0.0970897870093525,0.0242999633863969,0.254724678404254
1,"Deaths",1794,"Hampshire County",25015,514,"Other pneumoconiosis",1,"Male",27,"Age-standardized",1985,"Rate",0.0941878687213636,0.0241648176395602,0.268364377170066
1,"Deaths",1794,"Hampshire County",25015,514,"Other pneumoconiosis",1,"Male",27,"Age-standardized",1986,"Rate",0.0895846966138817,0.0224504263966906,0.238673265724651
1,"Deaths",1794,"Hampshire County",25015,514,"Other pneumoconiosis",1,"Male",27,"Age-standardized",1987,"Rate",0.086394492475798,0.0212948806780241,0.235708907280816
1,"Deaths",1794,"Hampshire County",25015,514,"Other pneumoconiosis",1,"Male",27,"Age-standardized",1988,"Rate",0.0805598380892456,0.0201386269192661,0.214698845231076
1,"Deaths",1794,"Hampshire County",25015,514,"Other pneumoconiosis",1,"Male",27,"Age-standardized",1989,"Rate",0.0756025782864359,0.0179660392124642,0.214516728209143
1,"Deaths",1794,"Hampshire County",25015,514,"Other pneumoconiosis",1,"Male",27,"Age-standardized",1990,"Rate",0.0672258343362604,0.016082252564181,0.182103150268042
1,"Deaths",1794,"Hampshire County",25015,514,"Other pneumoconiosis",1,"Male",27,"Age-standardized",1991,"Rate",0.0671508252325518,0.0157689483112104,0.188502514516474
1,"Deaths",1794,"Hampshire County",25015,514,"Other pneumoconiosis",1,"Male",27,"Age-standardized",1992,"Rate",0.0630366946197646,0.0152715378680722,0.184770484591844
1,"Deaths",1794,"Hampshire County",25015,514,"Other pneumoconiosis",1,"Male",27,"Age-standardized",1993,"Rate",0.0596202091278623,0.0130307421511496,0.178679841805294
1,"Deaths",1794,"Hampshire County",25015,514,"Other pneumoconiosis",1,"Male",27,"Age-standardized",1994,"Rate",0.0558386319801409,0.0124904059641419,0.159990277892983
1,"Deaths",1794,"Hampshire County",25015,514,"Other pneumoconiosis",1,"Male",27,"Age-standardized",1995,"Rate",0.0527335112864304,0.0117172847669553,0.151563735067991
1,"Deaths",1794,"Hampshire County",25015,514,"Other pneumoconiosis",1,"Male",27,"Age-standardized",1996,"Rate",0.0484488617564027,0.00997977354270015,0.146434001066945
1,"Deaths",1794,"Hampshire County",25015,514,"Other pneumoconiosis",1,"Male",27,"Age-standardized",1997,"Rate",0.0445761578551496,0.00900666811760983,0.134954456556043
1,"Deaths",1794,"Hampshire County",25015,514,"Other pneumoconiosis",1,"Male",27,"Age-standardized",1998,"Rate",0.0412344554542701,0.00904606816514665,0.123918414920831
1,"Deaths",1794,"Hampshire County",25015,514,"Other pneumoconiosis",1,"Male",27,"Age-standardized",1999,"Rate",0.03942242478393,0.00873703489831792,0.124502528009823
1,"Deaths",1794,"Hampshire County",25015,514,"Other pneumoconiosis",1,"Male",27,"Age-standardized",2000,"Rate",0.0381461488670562,0.00824457499004008,0.121709710926782
1,"Deaths",1794,"Hampshire County",25015,514,"Other pneumoconiosis",1,"Male",27,"Age-standardized",2001,"Rate",0.0343900197474332,0.00685838070569643,0.108366981092807
1,"Deaths",1794,"Hampshire County",25015,514,"Other pneumoconiosis",1,"Male",27,"Age-standardized",2002,"Rate",0.0343683230092809,0.00667968952410879,0.105371972306683
1,"Deaths",1794,"Hampshire County",25015,514,"Other pneumoconiosis",1,"Male",27,"Age-standardized",2003,"Rate",0.0325963493016918,0.00604275643845817,0.104610840117181
1,"Deaths",1794,"Hampshire County",25015,514,"Other pneumoconiosis",1,"Male",27,"Age-standardized",2004,"Rate",0.0304766530954722,0.0063960393697592,0.0942655257952309
1,"Deaths",1794,"Hampshire County",25015,514,"Other pneumoconiosis",1,"Male",27,"Age-standardized",2005,"Rate",0.0305265976477181,0.00616128400444601,0.0943037853095704
1,"Deaths",1794,"Hampshire County",25015,514,"Other pneumoconiosis",1,"Male",27,"Age-standardized",2006,"Rate",0.0284011576343318,0.00561661010453606,0.085280494149507
1,"Deaths",1794,"Hampshire County",25015,514,"Other pneumoconiosis",1,"Male",27,"Age-standardized",2007,"Rate",0.0283455796300926,0.00590951226138738,0.0910041646810282
1,"Deaths",1794,"Hampshire County",25015,514,"Other pneumoconiosis",1,"Male",27,"Age-standardized",2008,"Rate",0.0261202427230997,0.00540457548865935,0.074270948202429
1,"Deaths",1794,"Hampshire County",25015,514,"Other pneumoconiosis",1,"Male",27,"Age-standardized",2009,"Rate",0.0261815209676055,0.00536273998666808,0.0779803246618849
1,"Deaths",1794,"Hampshire County",25015,514,"Other pneumoconiosis",1,"Male",27,"Age-standardized",2010,"Rate",0.025490230258605,0.00524489740827934,0.0811173490634097
1,"Deaths",1794,"Hampshire County",25015,514,"Other pneumoconiosis",1,"Male",27,"Age-standardized",2011,"Rate",0.0243508642884656,0.00485408995712055,0.0745815545158537
1,"Deaths",1794,"Hampshire County",25015,514,"Other pneumoconiosis",1,"Male",27,"Age-standardized",2012,"Rate",0.0233703825399148,0.00491683421351961,0.0711011317113007
1,"Deaths",1794,"Hampshire County",25015,514,"Other pneumoconiosis",1,"Male",27,"Age-standardized",2013,"Rate",0.0233483188473618,0.00488989710566885,0.0707158208438383
1,"Deaths",1794,"Hampshire County",25015,514,"Other pneumoconiosis",1,"Male",27,"Age-standardized",2014,"Rate",0.025662517501925,0.00467417158204896,0.0793722789324082
1,"Deaths",1794,"Hampshire County",25015,514,"Other pneumoconiosis",2,"Female",27,"Age-standardized",1980,"Rate",0.200956549810116,0.14212909191021,0.251508787746981
1,"Deaths",1794,"Hampshire County",25015,514,"Other pneumoconiosis",2,"Female",27,"Age-standardized",1981,"Rate",0.199278076521913,0.145110768288679,0.247803940261901
1,"Deaths",1794,"Hampshire County",25015,514,"Other pneumoconiosis",2,"Female",27,"Age-standardized",1982,"Rate",0.205367244498216,0.145570276486636,0.259048897168275
1,"Deaths",1794,"Hampshire County",25015,514,"Other pneumoconiosis",2,"Female",27,"Age-standardized",1983,"Rate",0.214162763272683,0.155037586423067,0.267683944509704
1,"Deaths",1794,"Hampshire County",25015,514,"Other pneumoconiosis",2,"Female",27,"Age-standardized",1984,"Rate",0.225258386892332,0.167352925421355,0.282505741758176
1,"Deaths",1794,"Hampshire County",25015,514,"Other pneumoconiosis",2,"Female",27,"Age-standardized",1985,"Rate",0.231441998329617,0.172458720019814,0.286233130395741
1,"Deaths",1794,"Hampshire County",25015,514,"Other pneumoconiosis",2,"Female",27,"Age-standardized",1986,"Rate",0.240127597795052,0.175275306999954,0.301373454351481
1,"Deaths",1794,"Hampshire County",25015,514,"Other pneumoconiosis",2,"Female",27,"Age-standardized",1987,"Rate",0.241413347714953,0.182107136832014,0.298240580066043
1,"Deaths",1794,"Hampshire County",25015,514,"Other pneumoconiosis",2,"Female",27,"Age-standardized",1988,"Rate",0.243856314392476,0.185574667431576,0.298788720661298
1,"Deaths",1794,"Hampshire County",25015,514,"Other pneumoconiosis",2,"Female",27,"Age-standardized",1989,"Rate",0.24498922583529,0.186163660211666,0.299716849434421
1,"Deaths",1794,"Hampshire County",25015,514,"Other pneumoconiosis",2,"Female",27,"Age-standardized",1990,"Rate",0.238342600567402,0.184595392921995,0.288824540714833
1,"Deaths",1794,"Hampshire County",25015,514,"Other pneumoconiosis",2,"Female",27,"Age-standardized",1991,"Rate",0.236812639062763,0.184056423290516,0.295330276405171
1,"Deaths",1794,"Hampshire County",25015,514,"Other pneumoconiosis",2,"Female",27,"Age-standardized",1992,"Rate",0.244956767873882,0.188315229220651,0.30635175456396
1,"Deaths",1794,"Hampshire County",25015,514,"Other pneumoconiosis",2,"Female",27,"Age-standardized",1993,"Rate",0.25455151077025,0.195258856010012,0.319926623491503
1,"Deaths",1794,"Hampshire County",25015,514,"Other pneumoconiosis",2,"Female",27,"Age-standardized",1994,"Rate",0.257676252625415,0.196507741083516,0.320736347180181
1,"Deaths",1794,"Hampshire County",25015,514,"Other pneumoconiosis",2,"Female",27,"Age-standardized",1995,"Rate",0.267669864009675,0.20204021876349,0.338506419586841
1,"Deaths",1794,"Hampshire County",25015,514,"Other pneumoconiosis",2,"Female",27,"Age-standardized",1996,"Rate",0.27325288189964,0.206459268010632,0.349197550534109
1,"Deaths",1794,"Hampshire County",25015,514,"Other pneumoconiosis",2,"Female",27,"Age-standardized",1997,"Rate",0.277050618174185,0.207360908597376,0.355116844812682
1,"Deaths",1794,"Hampshire County",25015,514,"Other pneumoconiosis",2,"Female",27,"Age-standardized",1998,"Rate",0.284531310631473,0.2156599962062,0.365181345222874
1,"Deaths",1794,"Hampshire County",25015,514,"Other pneumoconiosis",2,"Female",27,"Age-standardized",1999,"Rate",0.313921792939819,0.230444152000283,0.406402391392165
1,"Deaths",1794,"Hampshire County",25015,514,"Other pneumoconiosis",2,"Female",27,"Age-standardized",2000,"Rate",0.327806649849324,0.242122365525606,0.431697302928707
1,"Deaths",1794,"Hampshire County",25015,514,"Other pneumoconiosis",2,"Female",27,"Age-standardized",2001,"Rate",0.334345400053115,0.244874448635942,0.443098371313397
1,"Deaths",1794,"Hampshire County",25015,514,"Other pneumoconiosis",2,"Female",27,"Age-standardized",2002,"Rate",0.355093638776691,0.259277393862939,0.479566031388084
1,"Deaths",1794,"Hampshire County",25015,514,"Other pneumoconiosis",2,"Female",27,"Age-standardized",2003,"Rate",0.355514762334112,0.260170733454719,0.471474730733874
1,"Deaths",1794,"Hampshire County",25015,514,"Other pneumoconiosis",2,"Female",27,"Age-standardized",2004,"Rate",0.344554927932535,0.248513704101477,0.462775995040982
1,"Deaths",1794,"Hampshire County",25015,514,"Other pneumoconiosis",2,"Female",27,"Age-standardized",2005,"Rate",0.356566858626827,0.252195565704923,0.493600410316903
1,"Deaths",1794,"Hampshire County",25015,514,"Other pneumoconiosis",2,"Female",27,"Age-standardized",2006,"Rate",0.345461073891875,0.238922571634524,0.47328023436789
1,"Deaths",1794,"Hampshire County",25015,514,"Other pneumoconiosis",2,"Female",27,"Age-standardized",2007,"Rate",0.346266495086275,0.24175027920946,0.48525083456656
1,"Deaths",1794,"Hampshire County",25015,514,"Other pneumoconiosis",2,"Female",27,"Age-standardized",2008,"Rate",0.343071384817713,0.238393003233592,0.483148828620614
1,"Deaths",1794,"Hampshire County",25015,514,"Other pneumoconiosis",2,"Female",27,"Age-standardized",2009,"Rate",0.344012257204839,0.23671984516013,0.497542221357699
1,"Deaths",1794,"Hampshire County",25015,514,"Other pneumoconiosis",2,"Female",27,"Age-standardized",2010,"Rate",0.337510150400848,0.232580878549565,0.472016311208578
1,"Deaths",1794,"Hampshire County",25015,514,"Other pneumoconiosis",2,"Female",27,"Age-standardized",2011,"Rate",0.343211255249131,0.231839806135459,0.491125567111438
1,"Deaths",1794,"Hampshire County",25015,514,"Other pneumoconiosis",2,"Female",27,"Age-standardized",2012,"Rate",0.341386041652002,0.230790767316927,0.486276976536697
1,"Deaths",1794,"Hampshire County",25015,514,"Other pneumoconiosis",2,"Female",27,"Age-standardized",2013,"Rate",0.347884694558854,0.23186937606393,0.505212143306432
1,"Deaths",1794,"Hampshire County",25015,514,"Other pneumoconiosis",2,"Female",27,"Age-standardized",2014,"Rate",0.350280900826035,0.23033749511113,0.513040532924529
1,"Deaths",1794,"Hampshire County",25015,514,"Other pneumoconiosis",3,"Both",27,"Age-standardized",1980,"Rate",0.169087821972403,0.114306395800613,0.236047306479599
1,"Deaths",1794,"Hampshire County",25015,514,"Other pneumoconiosis",3,"Both",27,"Age-standardized",1981,"Rate",0.169453994379891,0.116520373552054,0.239945842013885
1,"Deaths",1794,"Hampshire County",25015,514,"Other pneumoconiosis",3,"Both",27,"Age-standardized",1982,"Rate",0.172754111045106,0.114159910780103,0.239068251915879
1,"Deaths",1794,"Hampshire County",25015,514,"Other pneumoconiosis",3,"Both",27,"Age-standardized",1983,"Rate",0.179507428437591,0.120866718655318,0.251562587462606
1,"Deaths",1794,"Hampshire County",25015,514,"Other pneumoconiosis",3,"Both",27,"Age-standardized",1984,"Rate",0.185583034804646,0.1314683925906,0.253372219946114
1,"Deaths",1794,"Hampshire County",25015,514,"Other pneumoconiosis",3,"Both",27,"Age-standardized",1985,"Rate",0.188871615576548,0.133002559603532,0.256603601266179
1,"Deaths",1794,"Hampshire County",25015,514,"Other pneumoconiosis",3,"Both",27,"Age-standardized",1986,"Rate",0.193226326051257,0.135785484510864,0.258408536948191
1,"Deaths",1794,"Hampshire County",25015,514,"Other pneumoconiosis",3,"Both",27,"Age-standardized",1987,"Rate",0.192732286550625,0.138641416855269,0.260934175867383
1,"Deaths",1794,"Hampshire County",25015,514,"Other pneumoconiosis",3,"Both",27,"Age-standardized",1988,"Rate",0.192128238866695,0.139889576307195,0.25511162917816
1,"Deaths",1794,"Hampshire County",25015,514,"Other pneumoconiosis",3,"Both",27,"Age-standardized",1989,"Rate",0.190995164835943,0.143273854766505,0.252993009673276
1,"Deaths",1794,"Hampshire County",25015,514,"Other pneumoconiosis",3,"Both",27,"Age-standardized",1990,"Rate",0.183201243863875,0.138516535367757,0.237569540337153
1,"Deaths",1794,"Hampshire County",25015,514,"Other pneumoconiosis",3,"Both",27,"Age-standardized",1991,"Rate",0.18204068350333,0.136825598387811,0.240088201360753
1,"Deaths",1794,"Hampshire County",25015,514,"Other pneumoconiosis",3,"Both",27,"Age-standardized",1992,"Rate",0.18564368111404,0.139456588917946,0.245859544399919
1,"Deaths",1794,"Hampshire County",25015,514,"Other pneumoconiosis",3,"Both",27,"Age-standardized",1993,"Rate",0.190538067862292,0.141694415206406,0.248089514935876
1,"Deaths",1794,"Hampshire County",25015,514,"Other pneumoconiosis",3,"Both",27,"Age-standardized",1994,"Rate",0.190863299257394,0.142167262962303,0.244760707642602
1,"Deaths",1794,"Hampshire County",25015,514,"Other pneumoconiosis",3,"Both",27,"Age-standardized",1995,"Rate",0.195922691764407,0.14760804857341,0.252771112417014
1,"Deaths",1794,"Hampshire County",25015,514,"Other pneumoconiosis",3,"Both",27,"Age-standardized",1996,"Rate",0.1977840016643,0.147089108476127,0.254637253190668
1,"Deaths",1794,"Hampshire County",25015,514,"Other pneumoconiosis",3,"Both",27,"Age-standardized",1997,"Rate",0.198270422209326,0.147297985793888,0.256737350016766
1,"Deaths",1794,"Hampshire County",25015,514,"Other pneumoconiosis",3,"Both",27,"Age-standardized",1998,"Rate",0.201339221370489,0.149598167658474,0.264730401749127
1,"Deaths",1794,"Hampshire County",25015,514,"Other pneumoconiosis",3,"Both",27,"Age-standardized",1999,"Rate",0.218878222990449,0.161082283958447,0.28739431988914
1,"Deaths",1794,"Hampshire County",25015,514,"Other pneumoconiosis",3,"Both",27,"Age-standardized",2000,"Rate",0.226388042284979,0.167517530495009,0.302108118001461
1,"Deaths",1794,"Hampshire County",25015,514,"Other pneumoconiosis",3,"Both",27,"Age-standardized",2001,"Rate",0.228935501055119,0.168750284408489,0.302340433712566
1,"Deaths",1794,"Hampshire County",25015,514,"Other pneumoconiosis",3,"Both",27,"Age-standardized",2002,"Rate",0.240693891188032,0.174961636441192,0.325692520960914
1,"Deaths",1794,"Hampshire County",25015,514,"Other pneumoconiosis",3,"Both",27,"Age-standardized",2003,"Rate",0.239549873734582,0.17479079157547,0.325456762058076
1,"Deaths",1794,"Hampshire County",25015,514,"Other pneumoconiosis",3,"Both",27,"Age-standardized",2004,"Rate",0.230421204995665,0.168567880873904,0.30896410848091
1,"Deaths",1794,"Hampshire County",25015,514,"Other pneumoconiosis",3,"Both",27,"Age-standardized",2005,"Rate",0.238115356171999,0.172219444040892,0.326839118971133
1,"Deaths",1794,"Hampshire County",25015,514,"Other pneumoconiosis",3,"Both",27,"Age-standardized",2006,"Rate",0.228996636884727,0.163628701307157,0.31784329395596
1,"Deaths",1794,"Hampshire County",25015,514,"Other pneumoconiosis",3,"Both",27,"Age-standardized",2007,"Rate",0.228238331676662,0.160344408899218,0.322824400557821
1,"Deaths",1794,"Hampshire County",25015,514,"Other pneumoconiosis",3,"Both",27,"Age-standardized",2008,"Rate",0.225428096439343,0.158645856731223,0.318278618987651
1,"Deaths",1794,"Hampshire County",25015,514,"Other pneumoconiosis",3,"Both",27,"Age-standardized",2009,"Rate",0.226084176697913,0.157601193354924,0.325294847150981
1,"Deaths",1794,"Hampshire County",25015,514,"Other pneumoconiosis",3,"Both",27,"Age-standardized",2010,"Rate",0.220115206038892,0.151446355266838,0.311810036337301
1,"Deaths",1794,"Hampshire County",25015,514,"Other pneumoconiosis",3,"Both",27,"Age-standardized",2011,"Rate",0.222594043165424,0.151664119656779,0.319229718473335
1,"Deaths",1794,"Hampshire County",25015,514,"Other pneumoconiosis",3,"Both",27,"Age-standardized",2012,"Rate",0.220167394387262,0.152154193588535,0.310548420392173
1,"Deaths",1794,"Hampshire County",25015,514,"Other pneumoconiosis",3,"Both",27,"Age-standardized",2013,"Rate",0.223189194371824,0.152810743884517,0.324823196698453
1,"Deaths",1794,"Hampshire County",25015,514,"Other pneumoconiosis",3,"Both",27,"Age-standardized",2014,"Rate",0.226262903292694,0.149815305273884,0.328297943964227
1,"Deaths",1792,"Middlesex County",25017,514,"Other pneumoconiosis",1,"Male",27,"Age-standardized",1980,"Rate",0.11994599505153,0.0395889785396105,0.236026022671415
1,"Deaths",1792,"Middlesex County",25017,514,"Other pneumoconiosis",1,"Male",27,"Age-standardized",1981,"Rate",0.111071158624563,0.0377375286986864,0.219070155441723
1,"Deaths",1792,"Middlesex County",25017,514,"Other pneumoconiosis",1,"Male",27,"Age-standardized",1982,"Rate",0.109885945308437,0.0370610858312432,0.210568886056118
1,"Deaths",1792,"Middlesex County",25017,514,"Other pneumoconiosis",1,"Male",27,"Age-standardized",1983,"Rate",0.110898545293875,0.0365877405580566,0.222414446383813
1,"Deaths",1792,"Middlesex County",25017,514,"Other pneumoconiosis",1,"Male",27,"Age-standardized",1984,"Rate",0.098439639818819,0.0323394082511148,0.20006382081057
1,"Deaths",1792,"Middlesex County",25017,514,"Other pneumoconiosis",1,"Male",27,"Age-standardized",1985,"Rate",0.0955270893456077,0.0321503955687304,0.1902938782613
1,"Deaths",1792,"Middlesex County",25017,514,"Other pneumoconiosis",1,"Male",27,"Age-standardized",1986,"Rate",0.089238198119381,0.0311312243544263,0.189293786340429
1,"Deaths",1792,"Middlesex County",25017,514,"Other pneumoconiosis",1,"Male",27,"Age-standardized",1987,"Rate",0.0867732318969697,0.0301145687948328,0.182556087529943
1,"Deaths",1792,"Middlesex County",25017,514,"Other pneumoconiosis",1,"Male",27,"Age-standardized",1988,"Rate",0.0744959506801593,0.0261121690216773,0.15249210653072
1,"Deaths",1792,"Middlesex County",25017,514,"Other pneumoconiosis",1,"Male",27,"Age-standardized",1989,"Rate",0.073291090413989,0.0245212481969183,0.153023238303596
1,"Deaths",1792,"Middlesex County",25017,514,"Other pneumoconiosis",1,"Male",27,"Age-standardized",1990,"Rate",0.0633414459624029,0.0217438128517044,0.133505310197565
1,"Deaths",1792,"Middlesex County",25017,514,"Other pneumoconiosis",1,"Male",27,"Age-standardized",1991,"Rate",0.0591682989004197,0.0206891394028468,0.126700538452752
1,"Deaths",1792,"Middlesex County",25017,514,"Other pneumoconiosis",1,"Male",27,"Age-standardized",1992,"Rate",0.0598012538939157,0.0207841353814245,0.137867492241634
1,"Deaths",1792,"Middlesex County",25017,514,"Other pneumoconiosis",1,"Male",27,"Age-standardized",1993,"Rate",0.0534466136038647,0.0187187356274798,0.122096052330528
1,"Deaths",1792,"Middlesex County",25017,514,"Other pneumoconiosis",1,"Male",27,"Age-standardized",1994,"Rate",0.0527678901411473,0.0177838495160402,0.12451329170913
1,"Deaths",1792,"Middlesex County",25017,514,"Other pneumoconiosis",1,"Male",27,"Age-standardized",1995,"Rate",0.0470194170636532,0.0155645886255448,0.11330017471031
1,"Deaths",1792,"Middlesex County",25017,514,"Other pneumoconiosis",1,"Male",27,"Age-standardized",1996,"Rate",0.0444980556383036,0.0145494926860646,0.104252390071707
1,"Deaths",1792,"Middlesex County",25017,514,"Other pneumoconiosis",1,"Male",27,"Age-standardized",1997,"Rate",0.0408897173592062,0.0131131924026511,0.0997516185541063
1,"Deaths",1792,"Middlesex County",25017,514,"Other pneumoconiosis",1,"Male",27,"Age-standardized",1998,"Rate",0.0394339723062544,0.0127610236001697,0.102791601331359
1,"Deaths",1792,"Middlesex County",25017,514,"Other pneumoconiosis",1,"Male",27,"Age-standardized",1999,"Rate",0.0372065824830418,0.0123624308420457,0.0957492102252019
1,"Deaths",1792,"Middlesex County",25017,514,"Other pneumoconiosis",1,"Male",27,"Age-standardized",2000,"Rate",0.0339025242036072,0.0106229661917298,0.0894959667990704
1,"Deaths",1792,"Middlesex County",25017,514,"Other pneumoconiosis",1,"Male",27,"Age-standardized",2001,"Rate",0.0315406407527497,0.00985019625600567,0.0863453059566742
1,"Deaths",1792,"Middlesex County",25017,514,"Other pneumoconiosis",1,"Male",27,"Age-standardized",2002,"Rate",0.0289446502238563,0.00918490380646215,0.0783973487649647
1,"Deaths",1792,"Middlesex County",25017,514,"Other pneumoconiosis",1,"Male",27,"Age-standardized",2003,"Rate",0.0297886012641464,0.00976459116977246,0.0829602652901292
1,"Deaths",1792,"Middlesex County",25017,514,"Other pneumoconiosis",1,"Male",27,"Age-standardized",2004,"Rate",0.0273082627370205,0.00884532805267448,0.0760925890328025
1,"Deaths",1792,"Middlesex County",25017,514,"Other pneumoconiosis",1,"Male",27,"Age-standardized",2005,"Rate",0.0267864404680709,0.00866150524354733,0.073824527053745
1,"Deaths",1792,"Middlesex County",25017,514,"Other pneumoconiosis",1,"Male",27,"Age-standardized",2006,"Rate",0.025163619195074,0.00827709914562771,0.0709938246185449
1,"Deaths",1792,"Middlesex County",25017,514,"Other pneumoconiosis",1,"Male",27,"Age-standardized",2007,"Rate",0.0246962285197178,0.00807183279749912,0.0699142594210121
1,"Deaths",1792,"Middlesex County",25017,514,"Other pneumoconiosis",1,"Male",27,"Age-standardized",2008,"Rate",0.0245539024413516,0.00802781294362813,0.069205590512185
1,"Deaths",1792,"Middlesex County",25017,514,"Other pneumoconiosis",1,"Male",27,"Age-standardized",2009,"Rate",0.0219049853915413,0.00685606997465749,0.0603373587593332
1,"Deaths",1792,"Middlesex County",25017,514,"Other pneumoconiosis",1,"Male",27,"Age-standardized",2010,"Rate",0.0221827251293052,0.00729205205915004,0.0615996350318518
1,"Deaths",1792,"Middlesex County",25017,514,"Other pneumoconiosis",1,"Male",27,"Age-standardized",2011,"Rate",0.0217212004453769,0.00729963555368696,0.0592311662551018
1,"Deaths",1792,"Middlesex County",25017,514,"Other pneumoconiosis",1,"Male",27,"Age-standardized",2012,"Rate",0.0212504558067238,0.00662666653694093,0.0574755425320029
1,"Deaths",1792,"Middlesex County",25017,514,"Other pneumoconiosis",1,"Male",27,"Age-standardized",2013,"Rate",0.0210396639980198,0.0068823807482021,0.0549243963253665
1,"Deaths",1792,"Middlesex County",25017,514,"Other pneumoconiosis",1,"Male",27,"Age-standardized",2014,"Rate",0.0212761240379892,0.0065290115282592,0.0603648269906385
1,"Deaths",1792,"Middlesex County",25017,514,"Other pneumoconiosis",2,"Female",27,"Age-standardized",1980,"Rate",0.176830211088404,0.129738345167291,0.21204450350484
1,"Deaths",1792,"Middlesex County",25017,514,"Other pneumoconiosis",2,"Female",27,"Age-standardized",1981,"Rate",0.180405503138776,0.132126064683788,0.215757346633892
1,"Deaths",1792,"Middlesex County",25017,514,"Other pneumoconiosis",2,"Female",27,"Age-standardized",1982,"Rate",0.18123815431796,0.132914897267099,0.214179829020314
1,"Deaths",1792,"Middlesex County",25017,514,"Other pneumoconiosis",2,"Female",27,"Age-standardized",1983,"Rate",0.193350041755796,0.146732801627727,0.229481975187371
1,"Deaths",1792,"Middlesex County",25017,514,"Other pneumoconiosis",2,"Female",27,"Age-standardized",1984,"Rate",0.207627111619974,0.157266977874991,0.244452266248497
1,"Deaths",1792,"Middlesex County",25017,514,"Other pneumoconiosis",2,"Female",27,"Age-standardized",1985,"Rate",0.214376926625087,0.166359092446059,0.252245252621389
1,"Deaths",1792,"Middlesex County",25017,514,"Other pneumoconiosis",2,"Female",27,"Age-standardized",1986,"Rate",0.22323973517694,0.17695014665593,0.266053476340399
1,"Deaths",1792,"Middlesex County",25017,514,"Other pneumoconiosis",2,"Female",27,"Age-standardized",1987,"Rate",0.225214292950063,0.18328155611564,0.265144656243271
1,"Deaths",1792,"Middlesex County",25017,514,"Other pneumoconiosis",2,"Female",27,"Age-standardized",1988,"Rate",0.228414294120861,0.185284503570027,0.270537470099771
1,"Deaths",1792,"Middlesex County",25017,514,"Other pneumoconiosis",2,"Female",27,"Age-standardized",1989,"Rate",0.225030772357143,0.180510671693643,0.264230735997938
1,"Deaths",1792,"Middlesex County",25017,514,"Other pneumoconiosis",2,"Female",27,"Age-standardized",1990,"Rate",0.223837784245127,0.183044023775347,0.263439423447899
1,"Deaths",1792,"Middlesex County",25017,514,"Other pneumoconiosis",2,"Female",27,"Age-standardized",1991,"Rate",0.226523887642138,0.185164214649316,0.265575494849044
1,"Deaths",1792,"Middlesex County",25017,514,"Other pneumoconiosis",2,"Female",27,"Age-standardized",1992,"Rate",0.226301853915011,0.186547576159972,0.263826943962049
1,"Deaths",1792,"Middlesex County",25017,514,"Other pneumoconiosis",2,"Female",27,"Age-standardized",1993,"Rate",0.248156148697231,0.206602816920665,0.290201611513421
1,"Deaths",1792,"Middlesex County",25017,514,"Other pneumoconiosis",2,"Female",27,"Age-standardized",1994,"Rate",0.249540073192262,0.208528973065558,0.291037146783896
1,"Deaths",1792,"Middlesex County",25017,514,"Other pneumoconiosis",2,"Female",27,"Age-standardized",1995,"Rate",0.264782189429328,0.221400192308843,0.311076464909478
1,"Deaths",1792,"Middlesex County",25017,514,"Other pneumoconiosis",2,"Female",27,"Age-standardized",1996,"Rate",0.261223629772097,0.218572211845239,0.308381404967969
1,"Deaths",1792,"Middlesex County",25017,514,"Other pneumoconiosis",2,"Female",27,"Age-standardized",1997,"Rate",0.267871318134898,0.225819578480992,0.318437171306171
1,"Deaths",1792,"Middlesex County",25017,514,"Other pneumoconiosis",2,"Female",27,"Age-standardized",1998,"Rate",0.286506002866327,0.241207636212852,0.343831428111972
1,"Deaths",1792,"Middlesex County",25017,514,"Other pneumoconiosis",2,"Female",27,"Age-standardized",1999,"Rate",0.305283808972749,0.254734493196138,0.371073147851609
1,"Deaths",1792,"Middlesex County",25017,514,"Other pneumoconiosis",2,"Female",27,"Age-standardized",2000,"Rate",0.326829481092773,0.271920087844866,0.393756362120643
1,"Deaths",1792,"Middlesex County",25017,514,"Other pneumoconiosis",2,"Female",27,"Age-standardized",2001,"Rate",0.323781810668448,0.268730945871329,0.393624412214406
1,"Deaths",1792,"Middlesex County",25017,514,"Other pneumoconiosis",2,"Female",27,"Age-standardized",2002,"Rate",0.331730068400257,0.276388592693854,0.398807982482842
1,"Deaths",1792,"Middlesex County",25017,514,"Other pneumoconiosis",2,"Female",27,"Age-standardized",2003,"Rate",0.329307488950068,0.272934755233097,0.400513534689116
1,"Deaths",1792,"Middlesex County",25017,514,"Other pneumoconiosis",2,"Female",27,"Age-standardized",2004,"Rate",0.326657661613553,0.268923404650655,0.406676961444832
1,"Deaths",1792,"Middlesex County",25017,514,"Other pneumoconiosis",2,"Female",27,"Age-standardized",2005,"Rate",0.337420597626861,0.276020126567828,0.425990822524084
1,"Deaths",1792,"Middlesex County",25017,514,"Other pneumoconiosis",2,"Female",27,"Age-standardized",2006,"Rate",0.332856282595541,0.270053594256282,0.4204271068791
1,"Deaths",1792,"Middlesex County",25017,514,"Other pneumoconiosis",2,"Female",27,"Age-standardized",2007,"Rate",0.319856080941316,0.255692275113503,0.402960841214053
1,"Deaths",1792,"Middlesex County",25017,514,"Other pneumoconiosis",2,"Female",27,"Age-standardized",2008,"Rate",0.323192442051543,0.261440561812025,0.419726094521963
1,"Deaths",1792,"Middlesex County",25017,514,"Other pneumoconiosis",2,"Female",27,"Age-standardized",2009,"Rate",0.316850508369684,0.253369063047171,0.406478170191013
1,"Deaths",1792,"Middlesex County",25017,514,"Other pneumoconiosis",2,"Female",27,"Age-standardized",2010,"Rate",0.320899178975481,0.256117638006938,0.422396970945937
1,"Deaths",1792,"Middlesex County",25017,514,"Other pneumoconiosis",2,"Female",27,"Age-standardized",2011,"Rate",0.325496411712278,0.258110257722477,0.419221828861867
1,"Deaths",1792,"Middlesex County",25017,514,"Other pneumoconiosis",2,"Female",27,"Age-standardized",2012,"Rate",0.322700305851329,0.25514626019604,0.421125340940616
1,"Deaths",1792,"Middlesex County",25017,514,"Other pneumoconiosis",2,"Female",27,"Age-standardized",2013,"Rate",0.325870294709467,0.254791329892394,0.434176588289989
1,"Deaths",1792,"Middlesex County",25017,514,"Other pneumoconiosis",2,"Female",27,"Age-standardized",2014,"Rate",0.326344553164344,0.25265146618693,0.443160233946941
1,"Deaths",1792,"Middlesex County",25017,514,"Other pneumoconiosis",3,"Both",27,"Age-standardized",1980,"Rate",0.161759893820595,0.11462076776432,0.20747982683246
1,"Deaths",1792,"Middlesex County",25017,514,"Other pneumoconiosis",3,"Both",27,"Age-standardized",1981,"Rate",0.16120597251628,0.113920996330763,0.205448897105625
1,"Deaths",1792,"Middlesex County",25017,514,"Other pneumoconiosis",3,"Both",27,"Age-standardized",1982,"Rate",0.161595246675763,0.117299018331568,0.203640321892377
1,"Deaths",1792,"Middlesex County",25017,514,"Other pneumoconiosis",3,"Both",27,"Age-standardized",1983,"Rate",0.170354587340408,0.12371593590941,0.216177207528546
1,"Deaths",1792,"Middlesex County",25017,514,"Other pneumoconiosis",3,"Both",27,"Age-standardized",1984,"Rate",0.176198717600621,0.13167899862003,0.217152667642502
1,"Deaths",1792,"Middlesex County",25017,514,"Other pneumoconiosis",3,"Both",27,"Age-standardized",1985,"Rate",0.180004022754826,0.137202229017756,0.220531389060373
1,"Deaths",1792,"Middlesex County",25017,514,"Other pneumoconiosis",3,"Both",27,"Age-standardized",1986,"Rate",0.184063817980082,0.141611653714342,0.224959547664862
1,"Deaths",1792,"Middlesex County",25017,514,"Other pneumoconiosis",3,"Both",27,"Age-standardized",1987,"Rate",0.184457773275079,0.145107989206028,0.226319027727371
1,"Deaths",1792,"Middlesex County",25017,514,"Other pneumoconiosis",3,"Both",27,"Age-standardized",1988,"Rate",0.182419047389684,0.146156355495939,0.218056180430964
1,"Deaths",1792,"Middlesex County",25017,514,"Other pneumoconiosis",3,"Both",27,"Age-standardized",1989,"Rate",0.17959625959402,0.141094480688585,0.217757800226081
1,"Deaths",1792,"Middlesex County",25017,514,"Other pneumoconiosis",3,"Both",27,"Age-standardized",1990,"Rate",0.175251147577749,0.142603141096028,0.210581800693644
1,"Deaths",1792,"Middlesex County",25017,514,"Other pneumoconiosis",3,"Both",27,"Age-standardized",1991,"Rate",0.175216845746551,0.144014075860582,0.209511459111448
1,"Deaths",1792,"Middlesex County",25017,514,"Other pneumoconiosis",3,"Both",27,"Age-standardized",1992,"Rate",0.174855228870145,0.143704085388343,0.209467072548869
1,"Deaths",1792,"Middlesex County",25017,514,"Other pneumoconiosis",3,"Both",27,"Age-standardized",1993,"Rate",0.187493451567856,0.156849976532676,0.224654054240388
1,"Deaths",1792,"Middlesex County",25017,514,"Other pneumoconiosis",3,"Both",27,"Age-standardized",1994,"Rate",0.187706369654394,0.155848802464528,0.224523071841205
1,"Deaths",1792,"Middlesex County",25017,514,"Other pneumoconiosis",3,"Both",27,"Age-standardized",1995,"Rate",0.195531947617459,0.162826739871328,0.232480222470391
1,"Deaths",1792,"Middlesex County",25017,514,"Other pneumoconiosis",3,"Both",27,"Age-standardized",1996,"Rate",0.191689134133365,0.160584530763254,0.231926111460319
1,"Deaths",1792,"Middlesex County",25017,514,"Other pneumoconiosis",3,"Both",27,"Age-standardized",1997,"Rate",0.194362219306634,0.162852670465259,0.232650501643933
1,"Deaths",1792,"Middlesex County",25017,514,"Other pneumoconiosis",3,"Both",27,"Age-standardized",1998,"Rate",0.20570118888614,0.171640149441055,0.249794057970208
1,"Deaths",1792,"Middlesex County",25017,514,"Other pneumoconiosis",3,"Both",27,"Age-standardized",1999,"Rate",0.216159768486971,0.179212304769309,0.264605514270432
1,"Deaths",1792,"Middlesex County",25017,514,"Other pneumoconiosis",3,"Both",27,"Age-standardized",2000,"Rate",0.22799371035359,0.188140845341776,0.279654458557887
1,"Deaths",1792,"Middlesex County",25017,514,"Other pneumoconiosis",3,"Both",27,"Age-standardized",2001,"Rate",0.223741826683052,0.183929529115833,0.273057833207136
1,"Deaths",1792,"Middlesex County",25017,514,"Other pneumoconiosis",3,"Both",27,"Age-standardized",2002,"Rate",0.226442214501016,0.188412525192895,0.278998395737533
1,"Deaths",1792,"Middlesex County",25017,514,"Other pneumoconiosis",3,"Both",27,"Age-standardized",2003,"Rate",0.22407772850263,0.184120904213551,0.281480738774136
1,"Deaths",1792,"Middlesex County",25017,514,"Other pneumoconiosis",3,"Both",27,"Age-standardized",2004,"Rate",0.220143102914195,0.181085296078061,0.276728884671267
1,"Deaths",1792,"Middlesex County",25017,514,"Other pneumoconiosis",3,"Both",27,"Age-standardized",2005,"Rate",0.22551771416317,0.183652411075329,0.28349033272547
1,"Deaths",1792,"Middlesex County",25017,514,"Other pneumoconiosis",3,"Both",27,"Age-standardized",2006,"Rate",0.220539601892223,0.180423253782873,0.276851998775522
1,"Deaths",1792,"Middlesex County",25017,514,"Other pneumoconiosis",3,"Both",27,"Age-standardized",2007,"Rate",0.210825009580386,0.16861595988856,0.278549153853276
1,"Deaths",1792,"Middlesex County",25017,514,"Other pneumoconiosis",3,"Both",27,"Age-standardized",2008,"Rate",0.212077538812976,0.171131459948811,0.275009309571366
1,"Deaths",1792,"Middlesex County",25017,514,"Other pneumoconiosis",3,"Both",27,"Age-standardized",2009,"Rate",0.206188900753987,0.163957696115503,0.264037870149572
1,"Deaths",1792,"Middlesex County",25017,514,"Other pneumoconiosis",3,"Both",27,"Age-standardized",2010,"Rate",0.20815772133032,0.165333836476054,0.272866441852779
1,"Deaths",1792,"Middlesex County",25017,514,"Other pneumoconiosis",3,"Both",27,"Age-standardized",2011,"Rate",0.210054607851351,0.166442680639824,0.273679117881782
1,"Deaths",1792,"Middlesex County",25017,514,"Other pneumoconiosis",3,"Both",27,"Age-standardized",2012,"Rate",0.207515482756441,0.163448604545659,0.272974982974997
1,"Deaths",1792,"Middlesex County",25017,514,"Other pneumoconiosis",3,"Both",27,"Age-standardized",2013,"Rate",0.208894275447626,0.162898017588154,0.280887775103101
1,"Deaths",1792,"Middlesex County",25017,514,"Other pneumoconiosis",3,"Both",27,"Age-standardized",2014,"Rate",0.208733664629412,0.161400032795148,0.284022311784762
1,"Deaths",1802,"Nantucket County",25019,514,"Other pneumoconiosis",1,"Male",27,"Age-standardized",1980,"Rate",0.130050336383814,0.00251412725716994,0.718685023091635
1,"Deaths",1802,"Nantucket County",25019,514,"Other pneumoconiosis",1,"Male",27,"Age-standardized",1981,"Rate",0.125778888441142,0.00245260775756423,0.747231173329695
1,"Deaths",1802,"Nantucket County",25019,514,"Other pneumoconiosis",1,"Male",27,"Age-standardized",1982,"Rate",0.12488019525422,0.00240954838561635,0.727596834048167
1,"Deaths",1802,"Nantucket County",25019,514,"Other pneumoconiosis",1,"Male",27,"Age-standardized",1983,"Rate",0.126505694328623,0.00225359345944789,0.729738520909475
1,"Deaths",1802,"Nantucket County",25019,514,"Other pneumoconiosis",1,"Male",27,"Age-standardized",1984,"Rate",0.118868074273579,0.00219754055732824,0.756471436610575
1,"Deaths",1802,"Nantucket County",25019,514,"Other pneumoconiosis",1,"Male",27,"Age-standardized",1985,"Rate",0.119473490351226,0.0022485615286776,0.758381136593796
1,"Deaths",1802,"Nantucket County",25019,514,"Other pneumoconiosis",1,"Male",27,"Age-standardized",1986,"Rate",0.116605643554439,0.00193087657393477,0.739748835389202
1,"Deaths",1802,"Nantucket County",25019,514,"Other pneumoconiosis",1,"Male",27,"Age-standardized",1987,"Rate",0.110474015369281,0.00178436467212721,0.740753912277699
1,"Deaths",1802,"Nantucket County",25019,514,"Other pneumoconiosis",1,"Male",27,"Age-standardized",1988,"Rate",0.108599773383494,0.00175573389611966,0.704352194858515
1,"Deaths",1802,"Nantucket County",25019,514,"Other pneumoconiosis",1,"Male",27,"Age-standardized",1989,"Rate",0.10370436834797,0.00142949268823372,0.70619469048504
1,"Deaths",1802,"Nantucket County",25019,514,"Other pneumoconiosis",1,"Male",27,"Age-standardized",1990,"Rate",0.0952107890428798,0.00146494336986736,0.616973600746202
1,"Deaths",1802,"Nantucket County",25019,514,"Other pneumoconiosis",1,"Male",27,"Age-standardized",1991,"Rate",0.0911159286638999,0.00123236578362818,0.580844302624225
1,"Deaths",1802,"Nantucket County",25019,514,"Other pneumoconiosis",1,"Male",27,"Age-standardized",1992,"Rate",0.0915388557888158,0.00115840036639324,0.604869566312182
1,"Deaths",1802,"Nantucket County",25019,514,"Other pneumoconiosis",1,"Male",27,"Age-standardized",1993,"Rate",0.0907834650044892,0.00111676052353052,0.61521276702834
1,"Deaths",1802,"Nantucket County",25019,514,"Other pneumoconiosis",1,"Male",27,"Age-standardized",1994,"Rate",0.0872642534148225,0.000950360479983282,0.583808515157873
1,"Deaths",1802,"Nantucket County",25019,514,"Other pneumoconiosis",1,"Male",27,"Age-standardized",1995,"Rate",0.0843538765170888,0.000921958061076145,0.576583828705216
1,"Deaths",1802,"Nantucket County",25019,514,"Other pneumoconiosis",1,"Male",27,"Age-standardized",1996,"Rate",0.0801944062903462,0.000826499081093662,0.54477141906309
1,"Deaths",1802,"Nantucket County",25019,514,"Other pneumoconiosis",1,"Male",27,"Age-standardized",1997,"Rate",0.0763603470386037,0.000756924300801982,0.510553032600109
1,"Deaths",1802,"Nantucket County",25019,514,"Other pneumoconiosis",1,"Male",27,"Age-standardized",1998,"Rate",0.0725924320494293,0.000637729924422254,0.506967431162755
1,"Deaths",1802,"Nantucket County",25019,514,"Other pneumoconiosis",1,"Male",27,"Age-standardized",1999,"Rate",0.0715291128965565,0.000677680026296586,0.50439612629798
1,"Deaths",1802,"Nantucket County",25019,514,"Other pneumoconiosis",1,"Male",27,"Age-standardized",2000,"Rate",0.0706373925186874,0.000589522890902146,0.478631511238788
1,"Deaths",1802,"Nantucket County",25019,514,"Other pneumoconiosis",1,"Male",27,"Age-standardized",2001,"Rate",0.0680343087314789,0.000548276761739177,0.492736034413467
1,"Deaths",1802,"Nantucket County",25019,514,"Other pneumoconiosis",1,"Male",27,"Age-standardized",2002,"Rate",0.0676515444791982,0.000499226218677683,0.427948111869454
1,"Deaths",1802,"Nantucket County",25019,514,"Other pneumoconiosis",1,"Male",27,"Age-standardized",2003,"Rate",0.0668124846496568,0.00050324744967827,0.454455617840169
1,"Deaths",1802,"Nantucket County",25019,514,"Other pneumoconiosis",1,"Male",27,"Age-standardized",2004,"Rate",0.0620789368467533,0.000451882672069857,0.429887771193474
1,"Deaths",1802,"Nantucket County",25019,514,"Other pneumoconiosis",1,"Male",27,"Age-standardized",2005,"Rate",0.0589753338193081,0.000507667561793821,0.398839870791543
1,"Deaths",1802,"Nantucket County",25019,514,"Other pneumoconiosis",1,"Male",27,"Age-standardized",2006,"Rate",0.0547787217875333,0.000409405234904075,0.371419430249729
1,"Deaths",1802,"Nantucket County",25019,514,"Other pneumoconiosis",1,"Male",27,"Age-standardized",2007,"Rate",0.0536890398287217,0.000378868177046893,0.383504338239518
1,"Deaths",1802,"Nantucket County",25019,514,"Other pneumoconiosis",1,"Male",27,"Age-standardized",2008,"Rate",0.0549341240516673,0.000380871600048679,0.351961579123636
1,"Deaths",1802,"Nantucket County",25019,514,"Other pneumoconiosis",1,"Male",27,"Age-standardized",2009,"Rate",0.0549106389044583,0.000343378017371665,0.386336584641577
1,"Deaths",1802,"Nantucket County",25019,514,"Other pneumoconiosis",1,"Male",27,"Age-standardized",2010,"Rate",0.0568993691515406,0.000344850848440766,0.358413904965918
1,"Deaths",1802,"Nantucket County",25019,514,"Other pneumoconiosis",1,"Male",27,"Age-standardized",2011,"Rate",0.0538457033303861,0.000303000764497717,0.323608014174543
1,"Deaths",1802,"Nantucket County",25019,514,"Other pneumoconiosis",1,"Male",27,"Age-standardized",2012,"Rate",0.0522495160479398,0.00029039436456619,0.357378203422058
1,"Deaths",1802,"Nantucket County",25019,514,"Other pneumoconiosis",1,"Male",27,"Age-standardized",2013,"Rate",0.0539380390390276,0.000287345443858994,0.365711488577621
1,"Deaths",1802,"Nantucket County",25019,514,"Other pneumoconiosis",1,"Male",27,"Age-standardized",2014,"Rate",0.0564530312318867,0.000251465208290003,0.360369111485837
1,"Deaths",1802,"Nantucket County",25019,514,"Other pneumoconiosis",2,"Female",27,"Age-standardized",1980,"Rate",0.208386465520052,0.11025524176847,0.312823984848464
1,"Deaths",1802,"Nantucket County",25019,514,"Other pneumoconiosis",2,"Female",27,"Age-standardized",1981,"Rate",0.211143611713063,0.112411830718359,0.31235712716174
1,"Deaths",1802,"Nantucket County",25019,514,"Other pneumoconiosis",2,"Female",27,"Age-standardized",1982,"Rate",0.213652008034799,0.115067354013075,0.315412794122655
1,"Deaths",1802,"Nantucket County",25019,514,"Other pneumoconiosis",2,"Female",27,"Age-standardized",1983,"Rate",0.224464921679489,0.124031122646576,0.333207724617402
1,"Deaths",1802,"Nantucket County",25019,514,"Other pneumoconiosis",2,"Female",27,"Age-standardized",1984,"Rate",0.232939781943025,0.128089897612049,0.336525559656527
1,"Deaths",1802,"Nantucket County",25019,514,"Other pneumoconiosis",2,"Female",27,"Age-standardized",1985,"Rate",0.23972482430652,0.131634014814364,0.347354283318848
1,"Deaths",1802,"Nantucket County",25019,514,"Other pneumoconiosis",2,"Female",27,"Age-standardized",1986,"Rate",0.245489598485916,0.139666055222788,0.355589802183053
1,"Deaths",1802,"Nantucket County",25019,514,"Other pneumoconiosis",2,"Female",27,"Age-standardized",1987,"Rate",0.245217009652304,0.134634083341659,0.355284146482228
1,"Deaths",1802,"Nantucket County",25019,514,"Other pneumoconiosis",2,"Female",27,"Age-standardized",1988,"Rate",0.250672151309977,0.139177450055386,0.363545393950749
1,"Deaths",1802,"Nantucket County",25019,514,"Other pneumoconiosis",2,"Female",27,"Age-standardized",1989,"Rate",0.2429498227766,0.134786112589345,0.363038209260984
1,"Deaths",1802,"Nantucket County",25019,514,"Other pneumoconiosis",2,"Female",27,"Age-standardized",1990,"Rate",0.238295179150961,0.133295857739926,0.341676476478883
1,"Deaths",1802,"Nantucket County",25019,514,"Other pneumoconiosis",2,"Female",27,"Age-standardized",1991,"Rate",0.241017024814905,0.135518047881552,0.356259771798269
1,"Deaths",1802,"Nantucket County",25019,514,"Other pneumoconiosis",2,"Female",27,"Age-standardized",1992,"Rate",0.245988569862344,0.132011988822151,0.37055915778291
1,"Deaths",1802,"Nantucket County",25019,514,"Other pneumoconiosis",2,"Female",27,"Age-standardized",1993,"Rate",0.258680733263403,0.140475363818051,0.388324906167114
1,"Deaths",1802,"Nantucket County",25019,514,"Other pneumoconiosis",2,"Female",27,"Age-standardized",1994,"Rate",0.266198067256121,0.146461713053376,0.406609800526428
1,"Deaths",1802,"Nantucket County",25019,514,"Other pneumoconiosis",2,"Female",27,"Age-standardized",1995,"Rate",0.274580845156493,0.146872476728199,0.411452912644199
1,"Deaths",1802,"Nantucket County",25019,514,"Other pneumoconiosis",2,"Female",27,"Age-standardized",1996,"Rate",0.284383120501131,0.148801255088518,0.444465242108129
1,"Deaths",1802,"Nantucket County",25019,514,"Other pneumoconiosis",2,"Female",27,"Age-standardized",1997,"Rate",0.293267684456561,0.151093852449475,0.452033811590982
1,"Deaths",1802,"Nantucket County",25019,514,"Other pneumoconiosis",2,"Female",27,"Age-standardized",1998,"Rate",0.309949464007465,0.159561937730929,0.489958167647066
1,"Deaths",1802,"Nantucket County",25019,514,"Other pneumoconiosis",2,"Female",27,"Age-standardized",1999,"Rate",0.336563753363804,0.168360878622325,0.551388462653264
1,"Deaths",1802,"Nantucket County",25019,514,"Other pneumoconiosis",2,"Female",27,"Age-standardized",2000,"Rate",0.353708351693691,0.174187085092911,0.56957744263008
1,"Deaths",1802,"Nantucket County",25019,514,"Other pneumoconiosis",2,"Female",27,"Age-standardized",2001,"Rate",0.347488122880459,0.168093798437387,0.56138222363919
1,"Deaths",1802,"Nantucket County",25019,514,"Other pneumoconiosis",2,"Female",27,"Age-standardized",2002,"Rate",0.351613538975284,0.170028377582528,0.57451633621998
1,"Deaths",1802,"Nantucket County",25019,514,"Other pneumoconiosis",2,"Female",27,"Age-standardized",2003,"Rate",0.365277294187162,0.166628859609039,0.611996207603969
1,"Deaths",1802,"Nantucket County",25019,514,"Other pneumoconiosis",2,"Female",27,"Age-standardized",2004,"Rate",0.355108525080992,0.162387023996912,0.604222588418771
1,"Deaths",1802,"Nantucket County",25019,514,"Other pneumoconiosis",2,"Female",27,"Age-standardized",2005,"Rate",0.345833103930276,0.152838583320494,0.599516541393124
1,"Deaths",1802,"Nantucket County",25019,514,"Other pneumoconiosis",2,"Female",27,"Age-standardized",2006,"Rate",0.337576957849186,0.145135608769893,0.606982603664978
1,"Deaths",1802,"Nantucket County",25019,514,"Other pneumoconiosis",2,"Female",27,"Age-standardized",2007,"Rate",0.322982950865187,0.137143770274805,0.592216589299256
1,"Deaths",1802,"Nantucket County",25019,514,"Other pneumoconiosis",2,"Female",27,"Age-standardized",2008,"Rate",0.320336725659668,0.132257755841757,0.587243340836867
1,"Deaths",1802,"Nantucket County",25019,514,"Other pneumoconiosis",2,"Female",27,"Age-standardized",2009,"Rate",0.33062467815508,0.131812246947411,0.608742573451138
1,"Deaths",1802,"Nantucket County",25019,514,"Other pneumoconiosis",2,"Female",27,"Age-standardized",2010,"Rate",0.344007898393177,0.136111843426142,0.669207318278479
1,"Deaths",1802,"Nantucket County",25019,514,"Other pneumoconiosis",2,"Female",27,"Age-standardized",2011,"Rate",0.350807841581247,0.135250694991874,0.674407425705007
1,"Deaths",1802,"Nantucket County",25019,514,"Other pneumoconiosis",2,"Female",27,"Age-standardized",2012,"Rate",0.352656044391693,0.133961756919875,0.698588856252833
1,"Deaths",1802,"Nantucket County",25019,514,"Other pneumoconiosis",2,"Female",27,"Age-standardized",2013,"Rate",0.358637086202783,0.135545978869048,0.71001170715118
1,"Deaths",1802,"Nantucket County",25019,514,"Other pneumoconiosis",2,"Female",27,"Age-standardized",2014,"Rate",0.360310808499015,0.134201074952191,0.735604747427853
1,"Deaths",1802,"Nantucket County",25019,514,"Other pneumoconiosis",3,"Both",27,"Age-standardized",1980,"Rate",0.188472812696769,0.0854796713361735,0.379436295449012
1,"Deaths",1802,"Nantucket County",25019,514,"Other pneumoconiosis",3,"Both",27,"Age-standardized",1981,"Rate",0.187738098191315,0.0876300668470001,0.392680371661693
1,"Deaths",1802,"Nantucket County",25019,514,"Other pneumoconiosis",3,"Both",27,"Age-standardized",1982,"Rate",0.189193076912757,0.0868628805322917,0.396647217708187
1,"Deaths",1802,"Nantucket County",25019,514,"Other pneumoconiosis",3,"Both",27,"Age-standardized",1983,"Rate",0.196440681859186,0.0919684215172987,0.402390717123814
1,"Deaths",1802,"Nantucket County",25019,514,"Other pneumoconiosis",3,"Both",27,"Age-standardized",1984,"Rate",0.198194990939745,0.0924789735078961,0.433272432254515
1,"Deaths",1802,"Nantucket County",25019,514,"Other pneumoconiosis",3,"Both",27,"Age-standardized",1985,"Rate",0.203246654405112,0.095775226411924,0.420277578424511
1,"Deaths",1802,"Nantucket County",25019,514,"Other pneumoconiosis",3,"Both",27,"Age-standardized",1986,"Rate",0.205551632435118,0.0986879201735859,0.411908532486387
1,"Deaths",1802,"Nantucket County",25019,514,"Other pneumoconiosis",3,"Both",27,"Age-standardized",1987,"Rate",0.201946785037359,0.0957190541463763,0.414613783905884
1,"Deaths",1802,"Nantucket County",25019,514,"Other pneumoconiosis",3,"Both",27,"Age-standardized",1988,"Rate",0.20318247559131,0.0981471970443665,0.416069245445086
1,"Deaths",1802,"Nantucket County",25019,514,"Other pneumoconiosis",3,"Both",27,"Age-standardized",1989,"Rate",0.195553960438415,0.0916211791363908,0.395691402934641
1,"Deaths",1802,"Nantucket County",25019,514,"Other pneumoconiosis",3,"Both",27,"Age-standardized",1990,"Rate",0.189703562818962,0.0933109512367835,0.3846355457174
1,"Deaths",1802,"Nantucket County",25019,514,"Other pneumoconiosis",3,"Both",27,"Age-standardized",1991,"Rate",0.190301931698208,0.0936822900994617,0.367102968236688
1,"Deaths",1802,"Nantucket County",25019,514,"Other pneumoconiosis",3,"Both",27,"Age-standardized",1992,"Rate",0.192900208732377,0.0920829366704354,0.378914976189489
1,"Deaths",1802,"Nantucket County",25019,514,"Other pneumoconiosis",3,"Both",27,"Age-standardized",1993,"Rate",0.201111818291292,0.0968813447625385,0.393696994904664
1,"Deaths",1802,"Nantucket County",25019,514,"Other pneumoconiosis",3,"Both",27,"Age-standardized",1994,"Rate",0.204562454194625,0.102661795803854,0.383535030710698
1,"Deaths",1802,"Nantucket County",25019,514,"Other pneumoconiosis",3,"Both",27,"Age-standardized",1995,"Rate",0.207903717201679,0.0992520258435192,0.394733898920876
1,"Deaths",1802,"Nantucket County",25019,514,"Other pneumoconiosis",3,"Both",27,"Age-standardized",1996,"Rate",0.212486075522717,0.100664556939002,0.386510801064734
1,"Deaths",1802,"Nantucket County",25019,514,"Other pneumoconiosis",3,"Both",27,"Age-standardized",1997,"Rate",0.216218063234485,0.101815416747838,0.38834026422147
1,"Deaths",1802,"Nantucket County",25019,514,"Other pneumoconiosis",3,"Both",27,"Age-standardized",1998,"Rate",0.225582941906419,0.107115627525304,0.402818045028847
1,"Deaths",1802,"Nantucket County",25019,514,"Other pneumoconiosis",3,"Both",27,"Age-standardized",1999,"Rate",0.241911616965666,0.11412236338013,0.428736941051776
1,"Deaths",1802,"Nantucket County",25019,514,"Other pneumoconiosis",3,"Both",27,"Age-standardized",2000,"Rate",0.251813456097571,0.116935912655405,0.46089971614618
1,"Deaths",1802,"Nantucket County",25019,514,"Other pneumoconiosis",3,"Both",27,"Age-standardized",2001,"Rate",0.246195869090882,0.110226798661702,0.451594480649708
1,"Deaths",1802,"Nantucket County",25019,514,"Other pneumoconiosis",3,"Both",27,"Age-standardized",2002,"Rate",0.247238997764496,0.110663556650075,0.440492320967978
1,"Deaths",1802,"Nantucket County",25019,514,"Other pneumoconiosis",3,"Both",27,"Age-standardized",2003,"Rate",0.251079355858957,0.110811396550487,0.474196183736338
1,"Deaths",1802,"Nantucket County",25019,514,"Other pneumoconiosis",3,"Both",27,"Age-standardized",2004,"Rate",0.249448597294312,0.108564373766263,0.466539690734265
1,"Deaths",1802,"Nantucket County",25019,514,"Other pneumoconiosis",3,"Both",27,"Age-standardized",2005,"Rate",0.242296811729822,0.10564118979596,0.443570149527456
1,"Deaths",1802,"Nantucket County",25019,514,"Other pneumoconiosis",3,"Both",27,"Age-standardized",2006,"Rate",0.23685661858416,0.0995756841910424,0.457746925594761
1,"Deaths",1802,"Nantucket County",25019,514,"Other pneumoconiosis",3,"Both",27,"Age-standardized",2007,"Rate",0.224105131192216,0.0916431058705565,0.444969211168239
1,"Deaths",1802,"Nantucket County",25019,514,"Other pneumoconiosis",3,"Both",27,"Age-standardized",2008,"Rate",0.219714085733157,0.0885216780850507,0.422083632740718
1,"Deaths",1802,"Nantucket County",25019,514,"Other pneumoconiosis",3,"Both",27,"Age-standardized",2009,"Rate",0.229294937842991,0.0907756962131952,0.445560267708998
1,"Deaths",1802,"Nantucket County",25019,514,"Other pneumoconiosis",3,"Both",27,"Age-standardized",2010,"Rate",0.234853225613717,0.0908290325005473,0.479374085913967
1,"Deaths",1802,"Nantucket County",25019,514,"Other pneumoconiosis",3,"Both",27,"Age-standardized",2011,"Rate",0.240169034934757,0.0902018182206942,0.497664918134513
1,"Deaths",1802,"Nantucket County",25019,514,"Other pneumoconiosis",3,"Both",27,"Age-standardized",2012,"Rate",0.237459901944734,0.0883503539448831,0.482180488160193
1,"Deaths",1802,"Nantucket County",25019,514,"Other pneumoconiosis",3,"Both",27,"Age-standardized",2013,"Rate",0.242719757010903,0.0878047762728376,0.510657350234314
1,"Deaths",1802,"Nantucket County",25019,514,"Other pneumoconiosis",3,"Both",27,"Age-standardized",2014,"Rate",0.245751337970263,0.0876242221963804,0.508654215298608
1,"Deaths",1798,"Norfolk County",25021,514,"Other pneumoconiosis",1,"Male",27,"Age-standardized",1980,"Rate",0.118398817859284,0.0370610003708553,0.250043083967946
1,"Deaths",1798,"Norfolk County",25021,514,"Other pneumoconiosis",1,"Male",27,"Age-standardized",1981,"Rate",0.11822010816997,0.0376470575253302,0.252730583457754
1,"Deaths",1798,"Norfolk County",25021,514,"Other pneumoconiosis",1,"Male",27,"Age-standardized",1982,"Rate",0.1213390980307,0.0391419660400501,0.268454477610122
1,"Deaths",1798,"Norfolk County",25021,514,"Other pneumoconiosis",1,"Male",27,"Age-standardized",1983,"Rate",0.120176491666639,0.0381680724516271,0.263619928642207
1,"Deaths",1798,"Norfolk County",25021,514,"Other pneumoconiosis",1,"Male",27,"Age-standardized",1984,"Rate",0.108676267161362,0.0346842945902608,0.243273909485078
1,"Deaths",1798,"Norfolk County",25021,514,"Other pneumoconiosis",1,"Male",27,"Age-standardized",1985,"Rate",0.109725353001547,0.0334422249271103,0.240065389818804
1,"Deaths",1798,"Norfolk County",25021,514,"Other pneumoconiosis",1,"Male",27,"Age-standardized",1986,"Rate",0.107132188721582,0.0336469674243368,0.236999760846262
1,"Deaths",1798,"Norfolk County",25021,514,"Other pneumoconiosis",1,"Male",27,"Age-standardized",1987,"Rate",0.0936126221951858,0.0294848646891288,0.211594246140854
1,"Deaths",1798,"Norfolk County",25021,514,"Other pneumoconiosis",1,"Male",27,"Age-standardized",1988,"Rate",0.0937567390072711,0.0301001654988896,0.218438628998848
1,"Deaths",1798,"Norfolk County",25021,514,"Other pneumoconiosis",1,"Male",27,"Age-standardized",1989,"Rate",0.0833408767248651,0.0241106963940223,0.195786553612312
1,"Deaths",1798,"Norfolk County",25021,514,"Other pneumoconiosis",1,"Male",27,"Age-standardized",1990,"Rate",0.0742558371579325,0.0235838077428659,0.181887123490839
1,"Deaths",1798,"Norfolk County",25021,514,"Other pneumoconiosis",1,"Male",27,"Age-standardized",1991,"Rate",0.0705291751366734,0.0218036358698097,0.167643925810107
1,"Deaths",1798,"Norfolk County",25021,514,"Other pneumoconiosis",1,"Male",27,"Age-standardized",1992,"Rate",0.0696305409513764,0.0208027942732688,0.175729207346381
1,"Deaths",1798,"Norfolk County",25021,514,"Other pneumoconiosis",1,"Male",27,"Age-standardized",1993,"Rate",0.0624094615048577,0.0184290046893276,0.154499461294548
1,"Deaths",1798,"Norfolk County",25021,514,"Other pneumoconiosis",1,"Male",27,"Age-standardized",1994,"Rate",0.0593684951794712,0.0173527055268907,0.154745689210446
1,"Deaths",1798,"Norfolk County",25021,514,"Other pneumoconiosis",1,"Male",27,"Age-standardized",1995,"Rate",0.0556079117749462,0.0164455081125085,0.142938709473423
1,"Deaths",1798,"Norfolk County",25021,514,"Other pneumoconiosis",1,"Male",27,"Age-standardized",1996,"Rate",0.051943350196685,0.0155149065255193,0.136293412498552
1,"Deaths",1798,"Norfolk County",25021,514,"Other pneumoconiosis",1,"Male",27,"Age-standardized",1997,"Rate",0.0495501708106053,0.0141408421705426,0.134798629918872
1,"Deaths",1798,"Norfolk County",25021,514,"Other pneumoconiosis",1,"Male",27,"Age-standardized",1998,"Rate",0.0438740048637544,0.0125329656963668,0.127408378661686
1,"Deaths",1798,"Norfolk County",25021,514,"Other pneumoconiosis",1,"Male",27,"Age-standardized",1999,"Rate",0.0447011301576053,0.0122004399432324,0.125434657204413
1,"Deaths",1798,"Norfolk County",25021,514,"Other pneumoconiosis",1,"Male",27,"Age-standardized",2000,"Rate",0.039673047030866,0.0106457700023155,0.115643656252662
1,"Deaths",1798,"Norfolk County",25021,514,"Other pneumoconiosis",1,"Male",27,"Age-standardized",2001,"Rate",0.0398435224467699,0.0109804754036538,0.121278921717199
1,"Deaths",1798,"Norfolk County",25021,514,"Other pneumoconiosis",1,"Male",27,"Age-standardized",2002,"Rate",0.0380777669452215,0.00991308090271815,0.107869840445858
1,"Deaths",1798,"Norfolk County",25021,514,"Other pneumoconiosis",1,"Male",27,"Age-standardized",2003,"Rate",0.0377976367769742,0.00951849342653844,0.108520262604119
1,"Deaths",1798,"Norfolk County",25021,514,"Other pneumoconiosis",1,"Male",27,"Age-standardized",2004,"Rate",0.0333617017218593,0.00902944822222401,0.094667714168673
1,"Deaths",1798,"Norfolk County",25021,514,"Other pneumoconiosis",1,"Male",27,"Age-standardized",2005,"Rate",0.0345637957655422,0.00908047059701378,0.100014425579191
1,"Deaths",1798,"Norfolk County",25021,514,"Other pneumoconiosis",1,"Male",27,"Age-standardized",2006,"Rate",0.0327747690647055,0.00856353580289032,0.092222321916319
1,"Deaths",1798,"Norfolk County",25021,514,"Other pneumoconiosis",1,"Male",27,"Age-standardized",2007,"Rate",0.0331109957920327,0.00865520800908879,0.0945394721444895
1,"Deaths",1798,"Norfolk County",25021,514,"Other pneumoconiosis",1,"Male",27,"Age-standardized",2008,"Rate",0.0316501587026209,0.008552181489098,0.0900933059181906
1,"Deaths",1798,"Norfolk County",25021,514,"Other pneumoconiosis",1,"Male",27,"Age-standardized",2009,"Rate",0.0310416429621701,0.00802123399697424,0.0857359055779574
1,"Deaths",1798,"Norfolk County",25021,514,"Other pneumoconiosis",1,"Male",27,"Age-standardized",2010,"Rate",0.0303771538627266,0.00770944646879721,0.0908321827729131
1,"Deaths",1798,"Norfolk County",25021,514,"Other pneumoconiosis",1,"Male",27,"Age-standardized",2011,"Rate",0.0303596076387975,0.00779553721111839,0.0829134507023206
1,"Deaths",1798,"Norfolk County",25021,514,"Other pneumoconiosis",1,"Male",27,"Age-standardized",2012,"Rate",0.0290724219187218,0.00763854843837446,0.0825997491174409
1,"Deaths",1798,"Norfolk County",25021,514,"Other pneumoconiosis",1,"Male",27,"Age-standardized",2013,"Rate",0.0290091749326181,0.00735415220310963,0.0836801957386312
1,"Deaths",1798,"Norfolk County",25021,514,"Other pneumoconiosis",1,"Male",27,"Age-standardized",2014,"Rate",0.0319294229852894,0.00785275273033885,0.0951208263677294
1,"Deaths",1798,"Norfolk County",25021,514,"Other pneumoconiosis",2,"Female",27,"Age-standardized",1980,"Rate",0.177209841436516,0.129009030051616,0.215359954165679
1,"Deaths",1798,"Norfolk County",25021,514,"Other pneumoconiosis",2,"Female",27,"Age-standardized",1981,"Rate",0.174951045767272,0.126448359841734,0.210441602454345
1,"Deaths",1798,"Norfolk County",25021,514,"Other pneumoconiosis",2,"Female",27,"Age-standardized",1982,"Rate",0.180236511650061,0.132345577848214,0.21887648662752
1,"Deaths",1798,"Norfolk County",25021,514,"Other pneumoconiosis",2,"Female",27,"Age-standardized",1983,"Rate",0.194556529661794,0.148170534909057,0.233564474270696
1,"Deaths",1798,"Norfolk County",25021,514,"Other pneumoconiosis",2,"Female",27,"Age-standardized",1984,"Rate",0.197951594717985,0.148693107140777,0.236447872111495
1,"Deaths",1798,"Norfolk County",25021,514,"Other pneumoconiosis",2,"Female",27,"Age-standardized",1985,"Rate",0.209121679451222,0.163428214322347,0.249035979451691
1,"Deaths",1798,"Norfolk County",25021,514,"Other pneumoconiosis",2,"Female",27,"Age-standardized",1986,"Rate",0.217297965755306,0.16982210762288,0.257104885125303
1,"Deaths",1798,"Norfolk County",25021,514,"Other pneumoconiosis",2,"Female",27,"Age-standardized",1987,"Rate",0.218858720615797,0.171231354857349,0.258049327024101
1,"Deaths",1798,"Norfolk County",25021,514,"Other pneumoconiosis",2,"Female",27,"Age-standardized",1988,"Rate",0.223121182236471,0.176734512980699,0.265021717215928
1,"Deaths",1798,"Norfolk County",25021,514,"Other pneumoconiosis",2,"Female",27,"Age-standardized",1989,"Rate",0.217962315568519,0.177825550594804,0.254266892701592
1,"Deaths",1798,"Norfolk County",25021,514,"Other pneumoconiosis",2,"Female",27,"Age-standardized",1990,"Rate",0.219098022631759,0.179365571190595,0.256417886282822
1,"Deaths",1798,"Norfolk County",25021,514,"Other pneumoconiosis",2,"Female",27,"Age-standardized",1991,"Rate",0.219685035583092,0.182090585159097,0.258371101449476
1,"Deaths",1798,"Norfolk County",25021,514,"Other pneumoconiosis",2,"Female",27,"Age-standardized",1992,"Rate",0.224987298540856,0.185207963174347,0.264711756418994
1,"Deaths",1798,"Norfolk County",25021,514,"Other pneumoconiosis",2,"Female",27,"Age-standardized",1993,"Rate",0.234637652012635,0.194639051505182,0.273851388906068
1,"Deaths",1798,"Norfolk County",25021,514,"Other pneumoconiosis",2,"Female",27,"Age-standardized",1994,"Rate",0.241650194808432,0.201085169132836,0.28471304210614
1,"Deaths",1798,"Norfolk County",25021,514,"Other pneumoconiosis",2,"Female",27,"Age-standardized",1995,"Rate",0.252816943821788,0.208866511474381,0.298317139736797
1,"Deaths",1798,"Norfolk County",25021,514,"Other pneumoconiosis",2,"Female",27,"Age-standardized",1996,"Rate",0.253986187823571,0.209732402382143,0.300801546333462
1,"Deaths",1798,"Norfolk County",25021,514,"Other pneumoconiosis",2,"Female",27,"Age-standardized",1997,"Rate",0.260228839224451,0.218345666755124,0.307709820080105
1,"Deaths",1798,"Norfolk County",25021,514,"Other pneumoconiosis",2,"Female",27,"Age-standardized",1998,"Rate",0.281947353679339,0.235672417128414,0.336481058397938
1,"Deaths",1798,"Norfolk County",25021,514,"Other pneumoconiosis",2,"Female",27,"Age-standardized",1999,"Rate",0.297533637167213,0.244941731744617,0.354458237382419
1,"Deaths",1798,"Norfolk County",25021,514,"Other pneumoconiosis",2,"Female",27,"Age-standardized",2000,"Rate",0.316836740864618,0.261810175720229,0.387893130619128
1,"Deaths",1798,"Norfolk County",25021,514,"Other pneumoconiosis",2,"Female",27,"Age-standardized",2001,"Rate",0.310348831452504,0.255887296773695,0.375941056702541
1,"Deaths",1798,"Norfolk County",25021,514,"Other pneumoconiosis",2,"Female",27,"Age-standardized",2002,"Rate",0.325663011517062,0.267833205779487,0.396035570267385
1,"Deaths",1798,"Norfolk County",25021,514,"Other pneumoconiosis",2,"Female",27,"Age-standardized",2003,"Rate",0.326508236115027,0.266812511916853,0.404547088091002
1,"Deaths",1798,"Norfolk County",25021,514,"Other pneumoconiosis",2,"Female",27,"Age-standardized",2004,"Rate",0.323880374702048,0.262992065391429,0.409018572084669
1,"Deaths",1798,"Norfolk County",25021,514,"Other pneumoconiosis",2,"Female",27,"Age-standardized",2005,"Rate",0.31933700955437,0.25534934835381,0.402897827211114
1,"Deaths",1798,"Norfolk County",25021,514,"Other pneumoconiosis",2,"Female",27,"Age-standardized",2006,"Rate",0.331098340526069,0.267558598538591,0.417124400313626
1,"Deaths",1798,"Norfolk County",25021,514,"Other pneumoconiosis",2,"Female",27,"Age-standardized",2007,"Rate",0.322756201494758,0.26116319195821,0.404900274240552
1,"Deaths",1798,"Norfolk County",25021,514,"Other pneumoconiosis",2,"Female",27,"Age-standardized",2008,"Rate",0.315647679849624,0.253637788206737,0.39917522252499
1,"Deaths",1798,"Norfolk County",25021,514,"Other pneumoconiosis",2,"Female",27,"Age-standardized",2009,"Rate",0.315014445075627,0.250046843505065,0.413300848033217
1,"Deaths",1798,"Norfolk County",25021,514,"Other pneumoconiosis",2,"Female",27,"Age-standardized",2010,"Rate",0.309960336964142,0.245736746039267,0.405031395408429
1,"Deaths",1798,"Norfolk County",25021,514,"Other pneumoconiosis",2,"Female",27,"Age-standardized",2011,"Rate",0.31864945063917,0.249239682361495,0.41370575063202
1,"Deaths",1798,"Norfolk County",25021,514,"Other pneumoconiosis",2,"Female",27,"Age-standardized",2012,"Rate",0.315743670006667,0.244918313104902,0.423048223337608
1,"Deaths",1798,"Norfolk County",25021,514,"Other pneumoconiosis",2,"Female",27,"Age-standardized",2013,"Rate",0.317151662727097,0.246560385819556,0.413823760066825
1,"Deaths",1798,"Norfolk County",25021,514,"Other pneumoconiosis",2,"Female",27,"Age-standardized",2014,"Rate",0.320151108898078,0.244654960711243,0.427483284890018
1,"Deaths",1798,"Norfolk County",25021,514,"Other pneumoconiosis",3,"Both",27,"Age-standardized",1980,"Rate",0.161745421260723,0.112137822052438,0.214435537305153
1,"Deaths",1798,"Norfolk County",25021,514,"Other pneumoconiosis",3,"Both",27,"Age-standardized",1981,"Rate",0.16013778296763,0.110538236157007,0.212597221046069
1,"Deaths",1798,"Norfolk County",25021,514,"Other pneumoconiosis",3,"Both",27,"Age-standardized",1982,"Rate",0.165144470816452,0.115616721226202,0.219706075116136
1,"Deaths",1798,"Norfolk County",25021,514,"Other pneumoconiosis",3,"Both",27,"Age-standardized",1983,"Rate",0.174626453458596,0.128995252269802,0.229520976901164
1,"Deaths",1798,"Norfolk County",25021,514,"Other pneumoconiosis",3,"Both",27,"Age-standardized",1984,"Rate",0.173184577852656,0.126080853848341,0.225505858857525
1,"Deaths",1798,"Norfolk County",25021,514,"Other pneumoconiosis",3,"Both",27,"Age-standardized",1985,"Rate",0.181455082364101,0.132911137117227,0.236872746058425
1,"Deaths",1798,"Norfolk County",25021,514,"Other pneumoconiosis",3,"Both",27,"Age-standardized",1986,"Rate",0.186392918643289,0.136499256551705,0.238104137934738
1,"Deaths",1798,"Norfolk County",25021,514,"Other pneumoconiosis",3,"Both",27,"Age-standardized",1987,"Rate",0.182758943631138,0.138410953068614,0.231238157626031
1,"Deaths",1798,"Norfolk County",25021,514,"Other pneumoconiosis",3,"Both",27,"Age-standardized",1988,"Rate",0.185713051542806,0.143527631400753,0.232393596828829
1,"Deaths",1798,"Norfolk County",25021,514,"Other pneumoconiosis",3,"Both",27,"Age-standardized",1989,"Rate",0.178442427390977,0.141691159054918,0.224313725801826
1,"Deaths",1798,"Norfolk County",25021,514,"Other pneumoconiosis",3,"Both",27,"Age-standardized",1990,"Rate",0.17602180596758,0.14182459209177,0.220476891047942
1,"Deaths",1798,"Norfolk County",25021,514,"Other pneumoconiosis",3,"Both",27,"Age-standardized",1991,"Rate",0.174845909583199,0.140283202764854,0.21647464345733
1,"Deaths",1798,"Norfolk County",25021,514,"Other pneumoconiosis",3,"Both",27,"Age-standardized",1992,"Rate",0.17780824675561,0.143027345720749,0.22040929952165
1,"Deaths",1798,"Norfolk County",25021,514,"Other pneumoconiosis",3,"Both",27,"Age-standardized",1993,"Rate",0.181770984007854,0.148348630111682,0.221287323917547
1,"Deaths",1798,"Norfolk County",25021,514,"Other pneumoconiosis",3,"Both",27,"Age-standardized",1994,"Rate",0.184889835407967,0.151667547655976,0.227830322921054
1,"Deaths",1798,"Norfolk County",25021,514,"Other pneumoconiosis",3,"Both",27,"Age-standardized",1995,"Rate",0.190754721731654,0.1552147968397,0.233480039495454
1,"Deaths",1798,"Norfolk County",25021,514,"Other pneumoconiosis",3,"Both",27,"Age-standardized",1996,"Rate",0.189889537515551,0.153524589126062,0.232205914800665
1,"Deaths",1798,"Norfolk County",25021,514,"Other pneumoconiosis",3,"Both",27,"Age-standardized",1997,"Rate",0.192568570114403,0.157993355728076,0.235548389980242
1,"Deaths",1798,"Norfolk County",25021,514,"Other pneumoconiosis",3,"Both",27,"Age-standardized",1998,"Rate",0.204492072737612,0.168488599090686,0.254265702601944
1,"Deaths",1798,"Norfolk County",25021,514,"Other pneumoconiosis",3,"Both",27,"Age-standardized",1999,"Rate",0.214100856608351,0.175199138184743,0.268257393256995
1,"Deaths",1798,"Norfolk County",25021,514,"Other pneumoconiosis",3,"Both",27,"Age-standardized",2000,"Rate",0.223906885059656,0.183183629768135,0.284462154565662
1,"Deaths",1798,"Norfolk County",25021,514,"Other pneumoconiosis",3,"Both",27,"Age-standardized",2001,"Rate",0.218210951761626,0.176274522519279,0.273820258527712
1,"Deaths",1798,"Norfolk County",25021,514,"Other pneumoconiosis",3,"Both",27,"Age-standardized",2002,"Rate",0.225999468398499,0.183632641297615,0.282786578632445
1,"Deaths",1798,"Norfolk County",25021,514,"Other pneumoconiosis",3,"Both",27,"Age-standardized",2003,"Rate",0.225871187748355,0.183372610856221,0.291402453141335
1,"Deaths",1798,"Norfolk County",25021,514,"Other pneumoconiosis",3,"Both",27,"Age-standardized",2004,"Rate",0.221416013948717,0.179068127106678,0.281885669573303
1,"Deaths",1798,"Norfolk County",25021,514,"Other pneumoconiosis",3,"Both",27,"Age-standardized",2005,"Rate",0.218141366062995,0.173981208610128,0.287585907845902
1,"Deaths",1798,"Norfolk County",25021,514,"Other pneumoconiosis",3,"Both",27,"Age-standardized",2006,"Rate",0.224449425174138,0.180166302346958,0.290521694617282
1,"Deaths",1798,"Norfolk County",25021,514,"Other pneumoconiosis",3,"Both",27,"Age-standardized",2007,"Rate",0.218328105098566,0.175628625680049,0.291241074049965
1,"Deaths",1798,"Norfolk County",25021,514,"Other pneumoconiosis",3,"Both",27,"Age-standardized",2008,"Rate",0.212219439345128,0.16880004795782,0.285205005850329
1,"Deaths",1798,"Norfolk County",25021,514,"Other pneumoconiosis",3,"Both",27,"Age-standardized",2009,"Rate",0.210657637639213,0.166929677106116,0.284346287629965
1,"Deaths",1798,"Norfolk County",25021,514,"Other pneumoconiosis",3,"Both",27,"Age-standardized",2010,"Rate",0.206357663711825,0.163404600405084,0.27352549258024
1,"Deaths",1798,"Norfolk County",25021,514,"Other pneumoconiosis",3,"Both",27,"Age-standardized",2011,"Rate",0.211392304925143,0.163612631473814,0.285283505093649
1,"Deaths",1798,"Norfolk County",25021,514,"Other pneumoconiosis",3,"Both",27,"Age-standardized",2012,"Rate",0.209100795963251,0.162368947331798,0.286664152164941
1,"Deaths",1798,"Norfolk County",25021,514,"Other pneumoconiosis",3,"Both",27,"Age-standardized",2013,"Rate",0.209372601415696,0.161919057950007,0.276568773578575
1,"Deaths",1798,"Norfolk County",25021,514,"Other pneumoconiosis",3,"Both",27,"Age-standardized",2014,"Rate",0.212313239154499,0.161957675256718,0.283855726646287
1,"Deaths",1797,"Plymouth County",25023,514,"Other pneumoconiosis",1,"Male",27,"Age-standardized",1980,"Rate",0.138762736005453,0.042794890353978,0.31502159887373
1,"Deaths",1797,"Plymouth County",25023,514,"Other pneumoconiosis",1,"Male",27,"Age-standardized",1981,"Rate",0.139230533042068,0.04026145744477,0.299947702787191
1,"Deaths",1797,"Plymouth County",25023,514,"Other pneumoconiosis",1,"Male",27,"Age-standardized",1982,"Rate",0.138763009403307,0.0407789260815409,0.306735863593089
1,"Deaths",1797,"Plymouth County",25023,514,"Other pneumoconiosis",1,"Male",27,"Age-standardized",1983,"Rate",0.145465002672756,0.0445097643026963,0.320148928094549
1,"Deaths",1797,"Plymouth County",25023,514,"Other pneumoconiosis",1,"Male",27,"Age-standardized",1984,"Rate",0.139959907972265,0.0417212552713255,0.318525483714013
1,"Deaths",1797,"Plymouth County",25023,514,"Other pneumoconiosis",1,"Male",27,"Age-standardized",1985,"Rate",0.13744598079587,0.0406667879923668,0.301001154909329
1,"Deaths",1797,"Plymouth County",25023,514,"Other pneumoconiosis",1,"Male",27,"Age-standardized",1986,"Rate",0.133056396864637,0.0380510369929096,0.28653464219093
1,"Deaths",1797,"Plymouth County",25023,514,"Other pneumoconiosis",1,"Male",27,"Age-standardized",1987,"Rate",0.125531871212395,0.038661849828834,0.27666679696997
1,"Deaths",1797,"Plymouth County",25023,514,"Other pneumoconiosis",1,"Male",27,"Age-standardized",1988,"Rate",0.118082488482553,0.0329832699415089,0.271074984592699
1,"Deaths",1797,"Plymouth County",25023,514,"Other pneumoconiosis",1,"Male",27,"Age-standardized",1989,"Rate",0.116556250942575,0.0332661097832784,0.270314263099352
1,"Deaths",1797,"Plymouth County",25023,514,"Other pneumoconiosis",1,"Male",27,"Age-standardized",1990,"Rate",0.101022386086836,0.0286348445813721,0.237663487725444
1,"Deaths",1797,"Plymouth County",25023,514,"Other pneumoconiosis",1,"Male",27,"Age-standardized",1991,"Rate",0.101122074106079,0.0284475038911781,0.238824801981782
1,"Deaths",1797,"Plymouth County",25023,514,"Other pneumoconiosis",1,"Male",27,"Age-standardized",1992,"Rate",0.0970302316358593,0.0267925048815277,0.2309976566186
1,"Deaths",1797,"Plymouth County",25023,514,"Other pneumoconiosis",1,"Male",27,"Age-standardized",1993,"Rate",0.0946704454226899,0.0270461386626307,0.233363943013159
1,"Deaths",1797,"Plymouth County",25023,514,"Other pneumoconiosis",1,"Male",27,"Age-standardized",1994,"Rate",0.0916278173995628,0.0249109176747602,0.231294091657935
1,"Deaths",1797,"Plymouth County",25023,514,"Other pneumoconiosis",1,"Male",27,"Age-standardized",1995,"Rate",0.0857379178934191,0.0235249235816565,0.221901329297009
1,"Deaths",1797,"Plymouth County",25023,514,"Other pneumoconiosis",1,"Male",27,"Age-standardized",1996,"Rate",0.0841560368418924,0.0225622359244277,0.20997412229808
1,"Deaths",1797,"Plymouth County",25023,514,"Other pneumoconiosis",1,"Male",27,"Age-standardized",1997,"Rate",0.0813170488327008,0.0222670664983569,0.214307917874784
1,"Deaths",1797,"Plymouth County",25023,514,"Other pneumoconiosis",1,"Male",27,"Age-standardized",1998,"Rate",0.076443446745779,0.0201240512356769,0.205584777544642
1,"Deaths",1797,"Plymouth County",25023,514,"Other pneumoconiosis",1,"Male",27,"Age-standardized",1999,"Rate",0.0712043023475886,0.0185232658953797,0.182311996540908
1,"Deaths",1797,"Plymouth County",25023,514,"Other pneumoconiosis",1,"Male",27,"Age-standardized",2000,"Rate",0.0703728868239402,0.0182942962367537,0.189976434600594
1,"Deaths",1797,"Plymouth County",25023,514,"Other pneumoconiosis",1,"Male",27,"Age-standardized",2001,"Rate",0.0713139642468803,0.0175270091066518,0.190829036641833
1,"Deaths",1797,"Plymouth County",25023,514,"Other pneumoconiosis",1,"Male",27,"Age-standardized",2002,"Rate",0.0636535283716773,0.0163861905235471,0.177284248425965
1,"Deaths",1797,"Plymouth County",25023,514,"Other pneumoconiosis",1,"Male",27,"Age-standardized",2003,"Rate",0.0631059926706071,0.0148037569874511,0.174172882268605
1,"Deaths",1797,"Plymouth County",25023,514,"Other pneumoconiosis",1,"Male",27,"Age-standardized",2004,"Rate",0.0619558867215545,0.0147350586109599,0.168787331220305
1,"Deaths",1797,"Plymouth County",25023,514,"Other pneumoconiosis",1,"Male",27,"Age-standardized",2005,"Rate",0.0571710852877261,0.0151240219527075,0.15227375939063
1,"Deaths",1797,"Plymouth County",25023,514,"Other pneumoconiosis",1,"Male",27,"Age-standardized",2006,"Rate",0.0572512036135829,0.0151468161986654,0.154636750382386
1,"Deaths",1797,"Plymouth County",25023,514,"Other pneumoconiosis",1,"Male",27,"Age-standardized",2007,"Rate",0.0533297762475418,0.0134713306641426,0.139753756933072
1,"Deaths",1797,"Plymouth County",25023,514,"Other pneumoconiosis",1,"Male",27,"Age-standardized",2008,"Rate",0.0562770589391697,0.0135472396784511,0.152974249514783
1,"Deaths",1797,"Plymouth County",25023,514,"Other pneumoconiosis",1,"Male",27,"Age-standardized",2009,"Rate",0.0531280321562733,0.0129514160504094,0.144798067744537
1,"Deaths",1797,"Plymouth County",25023,514,"Other pneumoconiosis",1,"Male",27,"Age-standardized",2010,"Rate",0.0549295187588308,0.0138985915409314,0.143622848515134
1,"Deaths",1797,"Plymouth County",25023,514,"Other pneumoconiosis",1,"Male",27,"Age-standardized",2011,"Rate",0.0558824047487475,0.0138639608076647,0.142874883316937
1,"Deaths",1797,"Plymouth County",25023,514,"Other pneumoconiosis",1,"Male",27,"Age-standardized",2012,"Rate",0.0504168906499653,0.0132357770494125,0.132806662499149
1,"Deaths",1797,"Plymouth County",25023,514,"Other pneumoconiosis",1,"Male",27,"Age-standardized",2013,"Rate",0.0552878849266612,0.0134789693388955,0.143329307292478
1,"Deaths",1797,"Plymouth County",25023,514,"Other pneumoconiosis",1,"Male",27,"Age-standardized",2014,"Rate",0.0581261872899627,0.0140311010157991,0.158484279014404
1,"Deaths",1797,"Plymouth County",25023,514,"Other pneumoconiosis",2,"Female",27,"Age-standardized",1980,"Rate",0.209395664923244,0.145889323533321,0.254354470727413
1,"Deaths",1797,"Plymouth County",25023,514,"Other pneumoconiosis",2,"Female",27,"Age-standardized",1981,"Rate",0.212041204300613,0.148395767284157,0.256486934636801
1,"Deaths",1797,"Plymouth County",25023,514,"Other pneumoconiosis",2,"Female",27,"Age-standardized",1982,"Rate",0.214389310259959,0.149791359866617,0.261041540019923
1,"Deaths",1797,"Plymouth County",25023,514,"Other pneumoconiosis",2,"Female",27,"Age-standardized",1983,"Rate",0.231992121636235,0.168363430555697,0.28238404970996
1,"Deaths",1797,"Plymouth County",25023,514,"Other pneumoconiosis",2,"Female",27,"Age-standardized",1984,"Rate",0.242637322525763,0.174614782937504,0.293712710000088
1,"Deaths",1797,"Plymouth County",25023,514,"Other pneumoconiosis",2,"Female",27,"Age-standardized",1985,"Rate",0.253675721915792,0.185085074956719,0.303960033765723
1,"Deaths",1797,"Plymouth County",25023,514,"Other pneumoconiosis",2,"Female",27,"Age-standardized",1986,"Rate",0.268434213419089,0.202271680744008,0.324158404187253
1,"Deaths",1797,"Plymouth County",25023,514,"Other pneumoconiosis",2,"Female",27,"Age-standardized",1987,"Rate",0.268711412867012,0.205417380294849,0.319839198445318
1,"Deaths",1797,"Plymouth County",25023,514,"Other pneumoconiosis",2,"Female",27,"Age-standardized",1988,"Rate",0.274145470149453,0.215711065084432,0.325198004286686
1,"Deaths",1797,"Plymouth County",25023,514,"Other pneumoconiosis",2,"Female",27,"Age-standardized",1989,"Rate",0.271804745543463,0.212521433816486,0.32447542458532
1,"Deaths",1797,"Plymouth County",25023,514,"Other pneumoconiosis",2,"Female",27,"Age-standardized",1990,"Rate",0.264246360185727,0.211036692566244,0.314566060460948
1,"Deaths",1797,"Plymouth County",25023,514,"Other pneumoconiosis",2,"Female",27,"Age-standardized",1991,"Rate",0.272358470175996,0.218495540083707,0.323886202640499
1,"Deaths",1797,"Plymouth County",25023,514,"Other pneumoconiosis",2,"Female",27,"Age-standardized",1992,"Rate",0.277549160608294,0.222848554219021,0.331255807248302
1,"Deaths",1797,"Plymouth County",25023,514,"Other pneumoconiosis",2,"Female",27,"Age-standardized",1993,"Rate",0.294403716924257,0.237390369868501,0.349455074909967
1,"Deaths",1797,"Plymouth County",25023,514,"Other pneumoconiosis",2,"Female",27,"Age-standardized",1994,"Rate",0.300405225819798,0.24264171810302,0.359325019511479
1,"Deaths",1797,"Plymouth County",25023,514,"Other pneumoconiosis",2,"Female",27,"Age-standardized",1995,"Rate",0.310371334017526,0.252198045274426,0.36736058059184
1,"Deaths",1797,"Plymouth County",25023,514,"Other pneumoconiosis",2,"Female",27,"Age-standardized",1996,"Rate",0.324940414821296,0.268298114854754,0.391390654383081
1,"Deaths",1797,"Plymouth County",25023,514,"Other pneumoconiosis",2,"Female",27,"Age-standardized",1997,"Rate",0.332905945181449,0.270945314757469,0.40231199862554
1,"Deaths",1797,"Plymouth County",25023,514,"Other pneumoconiosis",2,"Female",27,"Age-standardized",1998,"Rate",0.347502084199569,0.286387598579055,0.418830757203585
1,"Deaths",1797,"Plymouth County",25023,514,"Other pneumoconiosis",2,"Female",27,"Age-standardized",1999,"Rate",0.375303399860399,0.300734189393896,0.455040928578361
1,"Deaths",1797,"Plymouth County",25023,514,"Other pneumoconiosis",2,"Female",27,"Age-standardized",2000,"Rate",0.400829551276527,0.323366033910779,0.48621422148395
1,"Deaths",1797,"Plymouth County",25023,514,"Other pneumoconiosis",2,"Female",27,"Age-standardized",2001,"Rate",0.419478329375105,0.339062749765038,0.510029120046429
1,"Deaths",1797,"Plymouth County",25023,514,"Other pneumoconiosis",2,"Female",27,"Age-standardized",2002,"Rate",0.421961101446059,0.334803122086495,0.520766052018344
1,"Deaths",1797,"Plymouth County",25023,514,"Other pneumoconiosis",2,"Female",27,"Age-standardized",2003,"Rate",0.427461346896836,0.337786048916778,0.530162600476726
1,"Deaths",1797,"Plymouth County",25023,514,"Other pneumoconiosis",2,"Female",27,"Age-standardized",2004,"Rate",0.419641701083556,0.332000491209278,0.530653391538127
1,"Deaths",1797,"Plymouth County",25023,514,"Other pneumoconiosis",2,"Female",27,"Age-standardized",2005,"Rate",0.420366283009054,0.328557586018861,0.524706186344253
1,"Deaths",1797,"Plymouth County",25023,514,"Other pneumoconiosis",2,"Female",27,"Age-standardized",2006,"Rate",0.42503718797769,0.324986478691091,0.529236427152443
1,"Deaths",1797,"Plymouth County",25023,514,"Other pneumoconiosis",2,"Female",27,"Age-standardized",2007,"Rate",0.412941098143689,0.317562120392292,0.52986022665495
1,"Deaths",1797,"Plymouth County",25023,514,"Other pneumoconiosis",2,"Female",27,"Age-standardized",2008,"Rate",0.415537522799294,0.318235540211927,0.540374689333422
1,"Deaths",1797,"Plymouth County",25023,514,"Other pneumoconiosis",2,"Female",27,"Age-standardized",2009,"Rate",0.418441655847433,0.315944835866935,0.545947231440501
1,"Deaths",1797,"Plymouth County",25023,514,"Other pneumoconiosis",2,"Female",27,"Age-standardized",2010,"Rate",0.412971375585878,0.311089136931086,0.545219323773348
1,"Deaths",1797,"Plymouth County",25023,514,"Other pneumoconiosis",2,"Female",27,"Age-standardized",2011,"Rate",0.4193185778202,0.314222091766706,0.55386274796664
1,"Deaths",1797,"Plymouth County",25023,514,"Other pneumoconiosis",2,"Female",27,"Age-standardized",2012,"Rate",0.421850683451797,0.315354704246822,0.564846054320151
1,"Deaths",1797,"Plymouth County",25023,514,"Other pneumoconiosis",2,"Female",27,"Age-standardized",2013,"Rate",0.435688741778775,0.319747813704053,0.586108025356213
1,"Deaths",1797,"Plymouth County",25023,514,"Other pneumoconiosis",2,"Female",27,"Age-standardized",2014,"Rate",0.430851279980726,0.321646610605833,0.575147797770167
1,"Deaths",1797,"Plymouth County",25023,514,"Other pneumoconiosis",3,"Both",27,"Age-standardized",1980,"Rate",0.190428505252055,0.130982390211819,0.253860198269107
1,"Deaths",1797,"Plymouth County",25023,514,"Other pneumoconiosis",3,"Both",27,"Age-standardized",1981,"Rate",0.192428304370984,0.126990336118335,0.257735207167617
1,"Deaths",1797,"Plymouth County",25023,514,"Other pneumoconiosis",3,"Both",27,"Age-standardized",1982,"Rate",0.194093774790987,0.132269603315807,0.255874196328472
1,"Deaths",1797,"Plymouth County",25023,514,"Other pneumoconiosis",3,"Both",27,"Age-standardized",1983,"Rate",0.208299910424262,0.14365517587558,0.274167977878783
1,"Deaths",1797,"Plymouth County",25023,514,"Other pneumoconiosis",3,"Both",27,"Age-standardized",1984,"Rate",0.213738080386563,0.14959319724837,0.28055642981165
1,"Deaths",1797,"Plymouth County",25023,514,"Other pneumoconiosis",3,"Both",27,"Age-standardized",1985,"Rate",0.220682560558871,0.161007520264598,0.284784039737899
1,"Deaths",1797,"Plymouth County",25023,514,"Other pneumoconiosis",3,"Both",27,"Age-standardized",1986,"Rate",0.229132484663318,0.169189944044147,0.29548873816498
1,"Deaths",1797,"Plymouth County",25023,514,"Other pneumoconiosis",3,"Both",27,"Age-standardized",1987,"Rate",0.226489671420924,0.17169992275874,0.287790258415978
1,"Deaths",1797,"Plymouth County",25023,514,"Other pneumoconiosis",3,"Both",27,"Age-standardized",1988,"Rate",0.227262848943285,0.170786295138111,0.287126105501091
1,"Deaths",1797,"Plymouth County",25023,514,"Other pneumoconiosis",3,"Both",27,"Age-standardized",1989,"Rate",0.22517050978548,0.173442595563011,0.285676407149743
1,"Deaths",1797,"Plymouth County",25023,514,"Other pneumoconiosis",3,"Both",27,"Age-standardized",1990,"Rate",0.214043240739316,0.166882902318178,0.273722813319337
1,"Deaths",1797,"Plymouth County",25023,514,"Other pneumoconiosis",3,"Both",27,"Age-standardized",1991,"Rate",0.219402291592305,0.170370539234303,0.272838612677924
1,"Deaths",1797,"Plymouth County",25023,514,"Other pneumoconiosis",3,"Both",27,"Age-standardized",1992,"Rate",0.220635159203974,0.173788121924404,0.273584345309214
1,"Deaths",1797,"Plymouth County",25023,514,"Other pneumoconiosis",3,"Both",27,"Age-standardized",1993,"Rate",0.230800343411735,0.183849829128551,0.290295684746159
1,"Deaths",1797,"Plymouth County",25023,514,"Other pneumoconiosis",3,"Both",27,"Age-standardized",1994,"Rate",0.233354484129371,0.185857490516948,0.296037211296726
1,"Deaths",1797,"Plymouth County",25023,514,"Other pneumoconiosis",3,"Both",27,"Age-standardized",1995,"Rate",0.237415012274398,0.188481446542653,0.297468182643643
1,"Deaths",1797,"Plymouth County",25023,514,"Other pneumoconiosis",3,"Both",27,"Age-standardized",1996,"Rate",0.245916471510272,0.197637725441258,0.308961363959664
1,"Deaths",1797,"Plymouth County",25023,514,"Other pneumoconiosis",3,"Both",27,"Age-standardized",1997,"Rate",0.249729488045666,0.199210997333767,0.3164250669029
1,"Deaths",1797,"Plymouth County",25023,514,"Other pneumoconiosis",3,"Both",27,"Age-standardized",1998,"Rate",0.256488648330339,0.205698938617531,0.314110264878665
1,"Deaths",1797,"Plymouth County",25023,514,"Other pneumoconiosis",3,"Both",27,"Age-standardized",1999,"Rate",0.271940627173415,0.21720581289631,0.341703977652259
1,"Deaths",1797,"Plymouth County",25023,514,"Other pneumoconiosis",3,"Both",27,"Age-standardized",2000,"Rate",0.287003794026194,0.229345148350637,0.362607982146973
1,"Deaths",1797,"Plymouth County",25023,514,"Other pneumoconiosis",3,"Both",27,"Age-standardized",2001,"Rate",0.298797827155778,0.236959735421162,0.379919620660529
1,"Deaths",1797,"Plymouth County",25023,514,"Other pneumoconiosis",3,"Both",27,"Age-standardized",2002,"Rate",0.29601453474347,0.235440003347753,0.372324330481448
1,"Deaths",1797,"Plymouth County",25023,514,"Other pneumoconiosis",3,"Both",27,"Age-standardized",2003,"Rate",0.298190688354437,0.234854787174849,0.379947328437651
1,"Deaths",1797,"Plymouth County",25023,514,"Other pneumoconiosis",3,"Both",27,"Age-standardized",2004,"Rate",0.292227348174701,0.231606041851908,0.369914071731884
1,"Deaths",1797,"Plymouth County",25023,514,"Other pneumoconiosis",3,"Both",27,"Age-standardized",2005,"Rate",0.290583077583853,0.22480814125138,0.368207813336419
1,"Deaths",1797,"Plymouth County",25023,514,"Other pneumoconiosis",3,"Both",27,"Age-standardized",2006,"Rate",0.292775904098097,0.223033974575548,0.37586245545881
1,"Deaths",1797,"Plymouth County",25023,514,"Other pneumoconiosis",3,"Both",27,"Age-standardized",2007,"Rate",0.281966166908297,0.21823709360334,0.361594407445406
1,"Deaths",1797,"Plymouth County",25023,514,"Other pneumoconiosis",3,"Both",27,"Age-standardized",2008,"Rate",0.284114601011073,0.215846505105409,0.371743610378297
1,"Deaths",1797,"Plymouth County",25023,514,"Other pneumoconiosis",3,"Both",27,"Age-standardized",2009,"Rate",0.283152823675326,0.210643784422141,0.369167284443631
1,"Deaths",1797,"Plymouth County",25023,514,"Other pneumoconiosis",3,"Both",27,"Age-standardized",2010,"Rate",0.279848945379117,0.210717660326953,0.378178987015593
1,"Deaths",1797,"Plymouth County",25023,514,"Other pneumoconiosis",3,"Both",27,"Age-standardized",2011,"Rate",0.283245084863762,0.211155234560585,0.379062675261895
1,"Deaths",1797,"Plymouth County",25023,514,"Other pneumoconiosis",3,"Both",27,"Age-standardized",2012,"Rate",0.281938120742237,0.208363655520099,0.378029666412631
1,"Deaths",1797,"Plymouth County",25023,514,"Other pneumoconiosis",3,"Both",27,"Age-standardized",2013,"Rate",0.290900829156008,0.214537381020543,0.395017543212005
1,"Deaths",1797,"Plymouth County",25023,514,"Other pneumoconiosis",3,"Both",27,"Age-standardized",2014,"Rate",0.287882190609388,0.21433824998963,0.386014966600568
1,"Deaths",1795,"Suffolk County",25025,514,"Other pneumoconiosis",1,"Male",27,"Age-standardized",1980,"Rate",0.14830046699444,0.0389412468551564,0.342731565999114
1,"Deaths",1795,"Suffolk County",25025,514,"Other pneumoconiosis",1,"Male",27,"Age-standardized",1981,"Rate",0.140822260893837,0.0372505027864179,0.328568887215205
1,"Deaths",1795,"Suffolk County",25025,514,"Other pneumoconiosis",1,"Male",27,"Age-standardized",1982,"Rate",0.143125401839321,0.0366578122315007,0.325357394670332
1,"Deaths",1795,"Suffolk County",25025,514,"Other pneumoconiosis",1,"Male",27,"Age-standardized",1983,"Rate",0.144723483452997,0.0381357008758397,0.326908005873392
1,"Deaths",1795,"Suffolk County",25025,514,"Other pneumoconiosis",1,"Male",27,"Age-standardized",1984,"Rate",0.131258777734499,0.034760193748601,0.312545793782618
1,"Deaths",1795,"Suffolk County",25025,514,"Other pneumoconiosis",1,"Male",27,"Age-standardized",1985,"Rate",0.126967751501043,0.0365387445077231,0.290871070457765
1,"Deaths",1795,"Suffolk County",25025,514,"Other pneumoconiosis",1,"Male",27,"Age-standardized",1986,"Rate",0.122410050568087,0.0324931572261203,0.285116410255288
1,"Deaths",1795,"Suffolk County",25025,514,"Other pneumoconiosis",1,"Male",27,"Age-standardized",1987,"Rate",0.116018270680151,0.0309482455957649,0.281115882778636
1,"Deaths",1795,"Suffolk County",25025,514,"Other pneumoconiosis",1,"Male",27,"Age-standardized",1988,"Rate",0.107390388999598,0.0274036191104092,0.247404655035644
1,"Deaths",1795,"Suffolk County",25025,514,"Other pneumoconiosis",1,"Male",27,"Age-standardized",1989,"Rate",0.102199456231269,0.0272565896508966,0.233414582180011
1,"Deaths",1795,"Suffolk County",25025,514,"Other pneumoconiosis",1,"Male",27,"Age-standardized",1990,"Rate",0.0891244513226909,0.0250181533519192,0.214980113403328
1,"Deaths",1795,"Suffolk County",25025,514,"Other pneumoconiosis",1,"Male",27,"Age-standardized",1991,"Rate",0.0866546171373725,0.0229019431422524,0.205270664931812
1,"Deaths",1795,"Suffolk County",25025,514,"Other pneumoconiosis",1,"Male",27,"Age-standardized",1992,"Rate",0.0815408220098253,0.0212392224692089,0.196378493094287
1,"Deaths",1795,"Suffolk County",25025,514,"Other pneumoconiosis",1,"Male",27,"Age-standardized",1993,"Rate",0.0760497399265831,0.0199630934509009,0.18806517713006
1,"Deaths",1795,"Suffolk County",25025,514,"Other pneumoconiosis",1,"Male",27,"Age-standardized",1994,"Rate",0.0721299708293708,0.0186781466732101,0.175286922443103
1,"Deaths",1795,"Suffolk County",25025,514,"Other pneumoconiosis",1,"Male",27,"Age-standardized",1995,"Rate",0.0688887629173921,0.01874825786684,0.171024816860829
1,"Deaths",1795,"Suffolk County",25025,514,"Other pneumoconiosis",1,"Male",27,"Age-standardized",1996,"Rate",0.0622085128069718,0.0159056582332807,0.160293286403543
1,"Deaths",1795,"Suffolk County",25025,514,"Other pneumoconiosis",1,"Male",27,"Age-standardized",1997,"Rate",0.0586724574965525,0.0148874318710539,0.144201299053453
1,"Deaths",1795,"Suffolk County",25025,514,"Other pneumoconiosis",1,"Male",27,"Age-standardized",1998,"Rate",0.0523712648816509,0.0125091209656465,0.134184125480875
1,"Deaths",1795,"Suffolk County",25025,514,"Other pneumoconiosis",1,"Male",27,"Age-standardized",1999,"Rate",0.0519344444832809,0.0126488272611612,0.14240704635036
1,"Deaths",1795,"Suffolk County",25025,514,"Other pneumoconiosis",1,"Male",27,"Age-standardized",2000,"Rate",0.0483356884015055,0.0119406295835109,0.128684829968336
1,"Deaths",1795,"Suffolk County",25025,514,"Other pneumoconiosis",1,"Male",27,"Age-standardized",2001,"Rate",0.0454412555020204,0.0110099759296358,0.125086487097331
1,"Deaths",1795,"Suffolk County",25025,514,"Other pneumoconiosis",1,"Male",27,"Age-standardized",2002,"Rate",0.0435416215654267,0.0105509158081348,0.116868028621482
1,"Deaths",1795,"Suffolk County",25025,514,"Other pneumoconiosis",1,"Male",27,"Age-standardized",2003,"Rate",0.0419354582886419,0.0106152419195207,0.113133541417279
1,"Deaths",1795,"Suffolk County",25025,514,"Other pneumoconiosis",1,"Male",27,"Age-standardized",2004,"Rate",0.0399481159654321,0.00992306068287471,0.107487156918915
1,"Deaths",1795,"Suffolk County",25025,514,"Other pneumoconiosis",1,"Male",27,"Age-standardized",2005,"Rate",0.0392056010762452,0.00944024805091266,0.111927323815675
1,"Deaths",1795,"Suffolk County",25025,514,"Other pneumoconiosis",1,"Male",27,"Age-standardized",2006,"Rate",0.037368681834043,0.0091570995156106,0.0994881786694477
1,"Deaths",1795,"Suffolk County",25025,514,"Other pneumoconiosis",1,"Male",27,"Age-standardized",2007,"Rate",0.033281717376961,0.00844634321731321,0.0869384644655077
1,"Deaths",1795,"Suffolk County",25025,514,"Other pneumoconiosis",1,"Male",27,"Age-standardized",2008,"Rate",0.0349078066710043,0.00803742001516508,0.0934949813933987
1,"Deaths",1795,"Suffolk County",25025,514,"Other pneumoconiosis",1,"Male",27,"Age-standardized",2009,"Rate",0.0323839993399483,0.00792208720481428,0.0854469173238828
1,"Deaths",1795,"Suffolk County",25025,514,"Other pneumoconiosis",1,"Male",27,"Age-standardized",2010,"Rate",0.0336922000414635,0.00840095559827113,0.0936445038145142
1,"Deaths",1795,"Suffolk County",25025,514,"Other pneumoconiosis",1,"Male",27,"Age-standardized",2011,"Rate",0.031647554736289,0.00785042093100956,0.082272501182682
1,"Deaths",1795,"Suffolk County",25025,514,"Other pneumoconiosis",1,"Male",27,"Age-standardized",2012,"Rate",0.0313530785022026,0.00742381877844296,0.0819976402849274
1,"Deaths",1795,"Suffolk County",25025,514,"Other pneumoconiosis",1,"Male",27,"Age-standardized",2013,"Rate",0.0308461177967659,0.00700129001252257,0.0810046039868713
1,"Deaths",1795,"Suffolk County",25025,514,"Other pneumoconiosis",1,"Male",27,"Age-standardized",2014,"Rate",0.0345732476672763,0.00795900151972206,0.0940709475158297
1,"Deaths",1795,"Suffolk County",25025,514,"Other pneumoconiosis",2,"Female",27,"Age-standardized",1980,"Rate",0.181132727733056,0.129091796805438,0.220374284442464
1,"Deaths",1795,"Suffolk County",25025,514,"Other pneumoconiosis",2,"Female",27,"Age-standardized",1981,"Rate",0.185886175565985,0.130552252789241,0.226297065948446
1,"Deaths",1795,"Suffolk County",25025,514,"Other pneumoconiosis",2,"Female",27,"Age-standardized",1982,"Rate",0.189364700252005,0.14083446616442,0.230063678959721
1,"Deaths",1795,"Suffolk County",25025,514,"Other pneumoconiosis",2,"Female",27,"Age-standardized",1983,"Rate",0.201651134886351,0.145780856014926,0.243982227791134
1,"Deaths",1795,"Suffolk County",25025,514,"Other pneumoconiosis",2,"Female",27,"Age-standardized",1984,"Rate",0.210879087152757,0.153163036288412,0.256941200008942
1,"Deaths",1795,"Suffolk County",25025,514,"Other pneumoconiosis",2,"Female",27,"Age-standardized",1985,"Rate",0.217318240435633,0.164497017402765,0.2664169377961
1,"Deaths",1795,"Suffolk County",25025,514,"Other pneumoconiosis",2,"Female",27,"Age-standardized",1986,"Rate",0.226046815815013,0.169909475329539,0.274608695245983
1,"Deaths",1795,"Suffolk County",25025,514,"Other pneumoconiosis",2,"Female",27,"Age-standardized",1987,"Rate",0.231590395173047,0.181490700470055,0.276237153447987
1,"Deaths",1795,"Suffolk County",25025,514,"Other pneumoconiosis",2,"Female",27,"Age-standardized",1988,"Rate",0.241245185592617,0.188452215926749,0.293376401761815
1,"Deaths",1795,"Suffolk County",25025,514,"Other pneumoconiosis",2,"Female",27,"Age-standardized",1989,"Rate",0.231543307877546,0.183850042905664,0.282554795148963
1,"Deaths",1795,"Suffolk County",25025,514,"Other pneumoconiosis",2,"Female",27,"Age-standardized",1990,"Rate",0.233996210965442,0.188582469160547,0.28176515062864
1,"Deaths",1795,"Suffolk County",25025,514,"Other pneumoconiosis",2,"Female",27,"Age-standardized",1991,"Rate",0.230385595178359,0.185135153951074,0.276525168313386
1,"Deaths",1795,"Suffolk County",25025,514,"Other pneumoconiosis",2,"Female",27,"Age-standardized",1992,"Rate",0.240556234708268,0.19575561634061,0.288179163546769
1,"Deaths",1795,"Suffolk County",25025,514,"Other pneumoconiosis",2,"Female",27,"Age-standardized",1993,"Rate",0.247915449140103,0.199798997143772,0.299037012876839
1,"Deaths",1795,"Suffolk County",25025,514,"Other pneumoconiosis",2,"Female",27,"Age-standardized",1994,"Rate",0.250733658771447,0.20457283195771,0.303901760109755
1,"Deaths",1795,"Suffolk County",25025,514,"Other pneumoconiosis",2,"Female",27,"Age-standardized",1995,"Rate",0.2650338830751,0.215306439347713,0.319530262216675
1,"Deaths",1795,"Suffolk County",25025,514,"Other pneumoconiosis",2,"Female",27,"Age-standardized",1996,"Rate",0.267599174582171,0.219763774321738,0.326996312438067
1,"Deaths",1795,"Suffolk County",25025,514,"Other pneumoconiosis",2,"Female",27,"Age-standardized",1997,"Rate",0.281257480602372,0.22683825448099,0.33685207043735
1,"Deaths",1795,"Suffolk County",25025,514,"Other pneumoconiosis",2,"Female",27,"Age-standardized",1998,"Rate",0.293353482815167,0.235983163557789,0.357973094789334
1,"Deaths",1795,"Suffolk County",25025,514,"Other pneumoconiosis",2,"Female",27,"Age-standardized",1999,"Rate",0.308898112629092,0.247896223007892,0.386459414174675
1,"Deaths",1795,"Suffolk County",25025,514,"Other pneumoconiosis",2,"Female",27,"Age-standardized",2000,"Rate",0.322229756633691,0.261716582690371,0.396259986954036
1,"Deaths",1795,"Suffolk County",25025,514,"Other pneumoconiosis",2,"Female",27,"Age-standardized",2001,"Rate",0.328692258250652,0.261260445522593,0.410679877206451
1,"Deaths",1795,"Suffolk County",25025,514,"Other pneumoconiosis",2,"Female",27,"Age-standardized",2002,"Rate",0.338943189444378,0.270098569177889,0.421683393988051
1,"Deaths",1795,"Suffolk County",25025,514,"Other pneumoconiosis",2,"Female",27,"Age-standardized",2003,"Rate",0.336185884108218,0.268004739389703,0.423131743389599
1,"Deaths",1795,"Suffolk County",25025,514,"Other pneumoconiosis",2,"Female",27,"Age-standardized",2004,"Rate",0.332931576978352,0.261734589738248,0.422828653440097
1,"Deaths",1795,"Suffolk County",25025,514,"Other pneumoconiosis",2,"Female",27,"Age-standardized",2005,"Rate",0.336388608518558,0.258878974150575,0.431227067085543
1,"Deaths",1795,"Suffolk County",25025,514,"Other pneumoconiosis",2,"Female",27,"Age-standardized",2006,"Rate",0.328670804188564,0.251015901650236,0.423317527512647
1,"Deaths",1795,"Suffolk County",25025,514,"Other pneumoconiosis",2,"Female",27,"Age-standardized",2007,"Rate",0.323592648597431,0.248807060034587,0.41845764196449
1,"Deaths",1795,"Suffolk County",25025,514,"Other pneumoconiosis",2,"Female",27,"Age-standardized",2008,"Rate",0.321594337014662,0.244013071084941,0.424057098433892
1,"Deaths",1795,"Suffolk County",25025,514,"Other pneumoconiosis",2,"Female",27,"Age-standardized",2009,"Rate",0.312952566899566,0.238570258166935,0.419085843921894
1,"Deaths",1795,"Suffolk County",25025,514,"Other pneumoconiosis",2,"Female",27,"Age-standardized",2010,"Rate",0.307197279405835,0.231336681775695,0.400314086965768
1,"Deaths",1795,"Suffolk County",25025,514,"Other pneumoconiosis",2,"Female",27,"Age-standardized",2011,"Rate",0.315461857399881,0.234748750983424,0.419045897774983
1,"Deaths",1795,"Suffolk County",25025,514,"Other pneumoconiosis",2,"Female",27,"Age-standardized",2012,"Rate",0.312992072331482,0.229149296180845,0.420110368994308
1,"Deaths",1795,"Suffolk County",25025,514,"Other pneumoconiosis",2,"Female",27,"Age-standardized",2013,"Rate",0.325159233452525,0.236742701156596,0.451071076145995
1,"Deaths",1795,"Suffolk County",25025,514,"Other pneumoconiosis",2,"Female",27,"Age-standardized",2014,"Rate",0.315150610317474,0.230206327299239,0.438220525763086
1,"Deaths",1795,"Suffolk County",25025,514,"Other pneumoconiosis",3,"Both",27,"Age-standardized",1980,"Rate",0.173457282796528,0.115728712697553,0.245388816461223
1,"Deaths",1795,"Suffolk County",25025,514,"Other pneumoconiosis",3,"Both",27,"Age-standardized",1981,"Rate",0.174180529080024,0.117832726591341,0.240148895747776
1,"Deaths",1795,"Suffolk County",25025,514,"Other pneumoconiosis",3,"Both",27,"Age-standardized",1982,"Rate",0.177529974785118,0.122533343502728,0.243956839120421
1,"Deaths",1795,"Suffolk County",25025,514,"Other pneumoconiosis",3,"Both",27,"Age-standardized",1983,"Rate",0.18645690342636,0.129631427079764,0.253363120563672
1,"Deaths",1795,"Suffolk County",25025,514,"Other pneumoconiosis",3,"Both",27,"Age-standardized",1984,"Rate",0.188454749940551,0.134447439429555,0.251869053974331
1,"Deaths",1795,"Suffolk County",25025,514,"Other pneumoconiosis",3,"Both",27,"Age-standardized",1985,"Rate",0.191625077756777,0.136900706764732,0.253811023765393
1,"Deaths",1795,"Suffolk County",25025,514,"Other pneumoconiosis",3,"Both",27,"Age-standardized",1986,"Rate",0.196085950308058,0.14355695154403,0.254537482191707
1,"Deaths",1795,"Suffolk County",25025,514,"Other pneumoconiosis",3,"Both",27,"Age-standardized",1987,"Rate",0.197799535680656,0.147080978836413,0.256155903458377
1,"Deaths",1795,"Suffolk County",25025,514,"Other pneumoconiosis",3,"Both",27,"Age-standardized",1988,"Rate",0.201450912882218,0.153126923101371,0.257696074360701
1,"Deaths",1795,"Suffolk County",25025,514,"Other pneumoconiosis",3,"Both",27,"Age-standardized",1989,"Rate",0.19301848891775,0.148416792403126,0.251764585535799
1,"Deaths",1795,"Suffolk County",25025,514,"Other pneumoconiosis",3,"Both",27,"Age-standardized",1990,"Rate",0.190078864986411,0.149965046187211,0.240010558497284
1,"Deaths",1795,"Suffolk County",25025,514,"Other pneumoconiosis",3,"Both",27,"Age-standardized",1991,"Rate",0.186479182653532,0.146193616319333,0.23625593317505
1,"Deaths",1795,"Suffolk County",25025,514,"Other pneumoconiosis",3,"Both",27,"Age-standardized",1992,"Rate",0.191334915117633,0.152253190609555,0.241675393473556
1,"Deaths",1795,"Suffolk County",25025,514,"Other pneumoconiosis",3,"Both",27,"Age-standardized",1993,"Rate",0.194080988181719,0.153168091802863,0.245174295110058
1,"Deaths",1795,"Suffolk County",25025,514,"Other pneumoconiosis",3,"Both",27,"Age-standardized",1994,"Rate",0.194288226942457,0.154991484183022,0.242946314809363
1,"Deaths",1795,"Suffolk County",25025,514,"Other pneumoconiosis",3,"Both",27,"Age-standardized",1995,"Rate",0.202893929808539,0.161550381644735,0.256636468579323
1,"Deaths",1795,"Suffolk County",25025,514,"Other pneumoconiosis",3,"Both",27,"Age-standardized",1996,"Rate",0.201963867641329,0.160692104206409,0.256480079019475
1,"Deaths",1795,"Suffolk County",25025,514,"Other pneumoconiosis",3,"Both",27,"Age-standardized",1997,"Rate",0.209454177757959,0.166971369996584,0.262781420949572
1,"Deaths",1795,"Suffolk County",25025,514,"Other pneumoconiosis",3,"Both",27,"Age-standardized",1998,"Rate",0.214752506157858,0.169911697657422,0.268783726848402
1,"Deaths",1795,"Suffolk County",25025,514,"Other pneumoconiosis",3,"Both",27,"Age-standardized",1999,"Rate",0.22393597595239,0.176606074729535,0.284404090899831
1,"Deaths",1795,"Suffolk County",25025,514,"Other pneumoconiosis",3,"Both",27,"Age-standardized",2000,"Rate",0.230577135767419,0.185307629234984,0.290845361933903
1,"Deaths",1795,"Suffolk County",25025,514,"Other pneumoconiosis",3,"Both",27,"Age-standardized",2001,"Rate",0.232140087987611,0.180614606339825,0.296336369425332
1,"Deaths",1795,"Suffolk County",25025,514,"Other pneumoconiosis",3,"Both",27,"Age-standardized",2002,"Rate",0.237559444101633,0.189144694953892,0.301859839696645
1,"Deaths",1795,"Suffolk County",25025,514,"Other pneumoconiosis",3,"Both",27,"Age-standardized",2003,"Rate",0.234116398776272,0.184297283631394,0.304934268357297
1,"Deaths",1795,"Suffolk County",25025,514,"Other pneumoconiosis",3,"Both",27,"Age-standardized",2004,"Rate",0.230754929549925,0.181088919338815,0.296968995951919
1,"Deaths",1795,"Suffolk County",25025,514,"Other pneumoconiosis",3,"Both",27,"Age-standardized",2005,"Rate",0.231598182692631,0.179647773994446,0.305310972553309
1,"Deaths",1795,"Suffolk County",25025,514,"Other pneumoconiosis",3,"Both",27,"Age-standardized",2006,"Rate",0.225197196274906,0.174805244769456,0.290782526875399
1,"Deaths",1795,"Suffolk County",25025,514,"Other pneumoconiosis",3,"Both",27,"Age-standardized",2007,"Rate",0.219856387128145,0.170056671739116,0.286114248075249
1,"Deaths",1795,"Suffolk County",25025,514,"Other pneumoconiosis",3,"Both",27,"Age-standardized",2008,"Rate",0.218738623859157,0.166869934721272,0.289529283433824
1,"Deaths",1795,"Suffolk County",25025,514,"Other pneumoconiosis",3,"Both",27,"Age-standardized",2009,"Rate",0.211591883570721,0.161252496532565,0.28499468838043
1,"Deaths",1795,"Suffolk County",25025,514,"Other pneumoconiosis",3,"Both",27,"Age-standardized",2010,"Rate",0.208259925764572,0.155695957606996,0.279661300893648
1,"Deaths",1795,"Suffolk County",25025,514,"Other pneumoconiosis",3,"Both",27,"Age-standardized",2011,"Rate",0.212528694279592,0.159855467849353,0.287679660386685
1,"Deaths",1795,"Suffolk County",25025,514,"Other pneumoconiosis",3,"Both",27,"Age-standardized",2012,"Rate",0.210395571880367,0.157159195817081,0.285763661323253
1,"Deaths",1795,"Suffolk County",25025,514,"Other pneumoconiosis",3,"Both",27,"Age-standardized",2013,"Rate",0.216489008439097,0.158878811398247,0.295991651366937
1,"Deaths",1795,"Suffolk County",25025,514,"Other pneumoconiosis",3,"Both",27,"Age-standardized",2014,"Rate",0.211257580351019,0.153999475587042,0.293345214851571
1,"Deaths",1793,"Worcester County",25027,514,"Other pneumoconiosis",1,"Male",27,"Age-standardized",1980,"Rate",0.121602647529216,0.0526918929426061,0.23387306171089
1,"Deaths",1793,"Worcester County",25027,514,"Other pneumoconiosis",1,"Male",27,"Age-standardized",1981,"Rate",0.112861605137881,0.053070581673683,0.213135809077473
1,"Deaths",1793,"Worcester County",25027,514,"Other pneumoconiosis",1,"Male",27,"Age-standardized",1982,"Rate",0.107909131487363,0.0485241377131654,0.194901643063447
1,"Deaths",1793,"Worcester County",25027,514,"Other pneumoconiosis",1,"Male",27,"Age-standardized",1983,"Rate",0.110437245371022,0.048614194796962,0.210324463532907
1,"Deaths",1793,"Worcester County",25027,514,"Other pneumoconiosis",1,"Male",27,"Age-standardized",1984,"Rate",0.10658594614908,0.0463627693841427,0.193871583390913
1,"Deaths",1793,"Worcester County",25027,514,"Other pneumoconiosis",1,"Male",27,"Age-standardized",1985,"Rate",0.109071466007452,0.0477254941871492,0.211197527513972
1,"Deaths",1793,"Worcester County",25027,514,"Other pneumoconiosis",1,"Male",27,"Age-standardized",1986,"Rate",0.103736156241986,0.044621485559369,0.191935371552593
1,"Deaths",1793,"Worcester County",25027,514,"Other pneumoconiosis",1,"Male",27,"Age-standardized",1987,"Rate",0.099099605525574,0.0442021884465799,0.186891926625
1,"Deaths",1793,"Worcester County",25027,514,"Other pneumoconiosis",1,"Male",27,"Age-standardized",1988,"Rate",0.087517633283668,0.0385877743336322,0.165098751937983
1,"Deaths",1793,"Worcester County",25027,514,"Other pneumoconiosis",1,"Male",27,"Age-standardized",1989,"Rate",0.0827776027867479,0.0373938603301208,0.160234656355116
1,"Deaths",1793,"Worcester County",25027,514,"Other pneumoconiosis",1,"Male",27,"Age-standardized",1990,"Rate",0.0758070752401041,0.0325952422974891,0.144688341540144
1,"Deaths",1793,"Worcester County",25027,514,"Other pneumoconiosis",1,"Male",27,"Age-standardized",1991,"Rate",0.0703238249063931,0.0297745655105175,0.141115284721089
1,"Deaths",1793,"Worcester County",25027,514,"Other pneumoconiosis",1,"Male",27,"Age-standardized",1992,"Rate",0.0695076253152244,0.0290290570416515,0.138623022387166
1,"Deaths",1793,"Worcester County",25027,514,"Other pneumoconiosis",1,"Male",27,"Age-standardized",1993,"Rate",0.0648537988163518,0.0275816637915952,0.125226829918305
1,"Deaths",1793,"Worcester County",25027,514,"Other pneumoconiosis",1,"Male",27,"Age-standardized",1994,"Rate",0.0624349779819404,0.0264938084128894,0.129931090388139
1,"Deaths",1793,"Worcester County",25027,514,"Other pneumoconiosis",1,"Male",27,"Age-standardized",1995,"Rate",0.0602693311324198,0.0247750923811992,0.126293631572858
1,"Deaths",1793,"Worcester County",25027,514,"Other pneumoconiosis",1,"Male",27,"Age-standardized",1996,"Rate",0.0551525385677559,0.0225799063239838,0.120939194450873
1,"Deaths",1793,"Worcester County",25027,514,"Other pneumoconiosis",1,"Male",27,"Age-standardized",1997,"Rate",0.0537914718517685,0.0219920498340818,0.116667566412108
1,"Deaths",1793,"Worcester County",25027,514,"Other pneumoconiosis",1,"Male",27,"Age-standardized",1998,"Rate",0.0515117078990394,0.0202485803311115,0.110957526355592
1,"Deaths",1793,"Worcester County",25027,514,"Other pneumoconiosis",1,"Male",27,"Age-standardized",1999,"Rate",0.0467689760635882,0.017977019186872,0.100960147540206
1,"Deaths",1793,"Worcester County",25027,514,"Other pneumoconiosis",1,"Male",27,"Age-standardized",2000,"Rate",0.0432816663177474,0.0164360534464345,0.0928413266749947
1,"Deaths",1793,"Worcester County",25027,514,"Other pneumoconiosis",1,"Male",27,"Age-standardized",2001,"Rate",0.0394965187805486,0.0152151490339352,0.090073944872578
1,"Deaths",1793,"Worcester County",25027,514,"Other pneumoconiosis",1,"Male",27,"Age-standardized",2002,"Rate",0.0382285387447047,0.0139659740063154,0.0871917407364476
1,"Deaths",1793,"Worcester County",25027,514,"Other pneumoconiosis",1,"Male",27,"Age-standardized",2003,"Rate",0.0358142831456199,0.013656379295819,0.0835127839180377
1,"Deaths",1793,"Worcester County",25027,514,"Other pneumoconiosis",1,"Male",27,"Age-standardized",2004,"Rate",0.0327364968583862,0.0121146608647015,0.0755375760831304
1,"Deaths",1793,"Worcester County",25027,514,"Other pneumoconiosis",1,"Male",27,"Age-standardized",2005,"Rate",0.0315581461570078,0.0119123204198071,0.0720522695409637
1,"Deaths",1793,"Worcester County",25027,514,"Other pneumoconiosis",1,"Male",27,"Age-standardized",2006,"Rate",0.0301061670738438,0.0107928852542943,0.0677167543308328
1,"Deaths",1793,"Worcester County",25027,514,"Other pneumoconiosis",1,"Male",27,"Age-standardized",2007,"Rate",0.0281400416532501,0.0100119016333379,0.0650248010236863
1,"Deaths",1793,"Worcester County",25027,514,"Other pneumoconiosis",1,"Male",27,"Age-standardized",2008,"Rate",0.0266703435980063,0.00970605437156012,0.0611166058295526
1,"Deaths",1793,"Worcester County",25027,514,"Other pneumoconiosis",1,"Male",27,"Age-standardized",2009,"Rate",0.0260648136869241,0.00927284810483066,0.0600259744690647
1,"Deaths",1793,"Worcester County",25027,514,"Other pneumoconiosis",1,"Male",27,"Age-standardized",2010,"Rate",0.0258803418074514,0.00920975141532063,0.061343985180023
1,"Deaths",1793,"Worcester County",25027,514,"Other pneumoconiosis",1,"Male",27,"Age-standardized",2011,"Rate",0.0246171087295297,0.00852164219038144,0.055073700509617
1,"Deaths",1793,"Worcester County",25027,514,"Other pneumoconiosis",1,"Male",27,"Age-standardized",2012,"Rate",0.0243068682117168,0.00836353208692209,0.0566418630276151
1,"Deaths",1793,"Worcester County",25027,514,"Other pneumoconiosis",1,"Male",27,"Age-standardized",2013,"Rate",0.0248786602011479,0.00823408250392872,0.0604331765876562
1,"Deaths",1793,"Worcester County",25027,514,"Other pneumoconiosis",1,"Male",27,"Age-standardized",2014,"Rate",0.0260729951343193,0.00869959769260419,0.0619971493173994
1,"Deaths",1793,"Worcester County",25027,514,"Other pneumoconiosis",2,"Female",27,"Age-standardized",1980,"Rate",0.195437325516924,0.139485653003311,0.229497957741521
1,"Deaths",1793,"Worcester County",25027,514,"Other pneumoconiosis",2,"Female",27,"Age-standardized",1981,"Rate",0.192139263267052,0.14037093008676,0.227101004947501
1,"Deaths",1793,"Worcester County",25027,514,"Other pneumoconiosis",2,"Female",27,"Age-standardized",1982,"Rate",0.195694734334093,0.144529699560787,0.23194595772548
1,"Deaths",1793,"Worcester County",25027,514,"Other pneumoconiosis",2,"Female",27,"Age-standardized",1983,"Rate",0.208354983708103,0.151498440569394,0.246787595751925
1,"Deaths",1793,"Worcester County",25027,514,"Other pneumoconiosis",2,"Female",27,"Age-standardized",1984,"Rate",0.216479345012356,0.164889617623592,0.255515864209535
1,"Deaths",1793,"Worcester County",25027,514,"Other pneumoconiosis",2,"Female",27,"Age-standardized",1985,"Rate",0.223886257660696,0.176630256125061,0.26385084296753
1,"Deaths",1793,"Worcester County",25027,514,"Other pneumoconiosis",2,"Female",27,"Age-standardized",1986,"Rate",0.233207824449776,0.182763299473473,0.275087342328965
1,"Deaths",1793,"Worcester County",25027,514,"Other pneumoconiosis",2,"Female",27,"Age-standardized",1987,"Rate",0.237029136133852,0.191293644656011,0.277592736750102
1,"Deaths",1793,"Worcester County",25027,514,"Other pneumoconiosis",2,"Female",27,"Age-standardized",1988,"Rate",0.238597583195917,0.191192358375676,0.278908508991303
1,"Deaths",1793,"Worcester County",25027,514,"Other pneumoconiosis",2,"Female",27,"Age-standardized",1989,"Rate",0.238715465937982,0.194608452949366,0.278711479232493
1,"Deaths",1793,"Worcester County",25027,514,"Other pneumoconiosis",2,"Female",27,"Age-standardized",1990,"Rate",0.227170029048714,0.186726186595972,0.264664666383066
1,"Deaths",1793,"Worcester County",25027,514,"Other pneumoconiosis",2,"Female",27,"Age-standardized",1991,"Rate",0.22942435953098,0.192889380691368,0.266989381382001
1,"Deaths",1793,"Worcester County",25027,514,"Other pneumoconiosis",2,"Female",27,"Age-standardized",1992,"Rate",0.229217860499099,0.192125023679678,0.266306471240426
1,"Deaths",1793,"Worcester County",25027,514,"Other pneumoconiosis",2,"Female",27,"Age-standardized",1993,"Rate",0.23953784170841,0.201587503162834,0.277893598033247
1,"Deaths",1793,"Worcester County",25027,514,"Other pneumoconiosis",2,"Female",27,"Age-standardized",1994,"Rate",0.249711572752224,0.210147833392254,0.291145848752713
1,"Deaths",1793,"Worcester County",25027,514,"Other pneumoconiosis",2,"Female",27,"Age-standardized",1995,"Rate",0.254063884009186,0.213603799805753,0.297624148820913
1,"Deaths",1793,"Worcester County",25027,514,"Other pneumoconiosis",2,"Female",27,"Age-standardized",1996,"Rate",0.256514960686009,0.214677451176927,0.299570010889076
1,"Deaths",1793,"Worcester County",25027,514,"Other pneumoconiosis",2,"Female",27,"Age-standardized",1997,"Rate",0.266035261180371,0.222830278993871,0.311803977055494
1,"Deaths",1793,"Worcester County",25027,514,"Other pneumoconiosis",2,"Female",27,"Age-standardized",1998,"Rate",0.283979046684263,0.237052613976859,0.338422464998651
1,"Deaths",1793,"Worcester County",25027,514,"Other pneumoconiosis",2,"Female",27,"Age-standardized",1999,"Rate",0.294945922890995,0.2436014277687,0.351508205949548
1,"Deaths",1793,"Worcester County",25027,514,"Other pneumoconiosis",2,"Female",27,"Age-standardized",2000,"Rate",0.318962037681221,0.266798162151778,0.382905111679303
1,"Deaths",1793,"Worcester County",25027,514,"Other pneumoconiosis",2,"Female",27,"Age-standardized",2001,"Rate",0.322440693878024,0.269900767881153,0.389096391076851
1,"Deaths",1793,"Worcester County",25027,514,"Other pneumoconiosis",2,"Female",27,"Age-standardized",2002,"Rate",0.330364266803548,0.270103303059562,0.396823653278984
1,"Deaths",1793,"Worcester County",25027,514,"Other pneumoconiosis",2,"Female",27,"Age-standardized",2003,"Rate",0.321950443426366,0.270068440318993,0.393392276735753
1,"Deaths",1793,"Worcester County",25027,514,"Other pneumoconiosis",2,"Female",27,"Age-standardized",2004,"Rate",0.317239031030522,0.26084514847874,0.386902261566143
1,"Deaths",1793,"Worcester County",25027,514,"Other pneumoconiosis",2,"Female",27,"Age-standardized",2005,"Rate",0.325293574701451,0.264463004620977,0.397990224007683
1,"Deaths",1793,"Worcester County",25027,514,"Other pneumoconiosis",2,"Female",27,"Age-standardized",2006,"Rate",0.324273604156015,0.264014992071045,0.398874901464753
1,"Deaths",1793,"Worcester County",25027,514,"Other pneumoconiosis",2,"Female",27,"Age-standardized",2007,"Rate",0.313026565132521,0.254858101979696,0.389937833024314
1,"Deaths",1793,"Worcester County",25027,514,"Other pneumoconiosis",2,"Female",27,"Age-standardized",2008,"Rate",0.312980926922792,0.253328058639493,0.389443471886761
1,"Deaths",1793,"Worcester County",25027,514,"Other pneumoconiosis",2,"Female",27,"Age-standardized",2009,"Rate",0.313299527232517,0.249833359229763,0.393842246491767
1,"Deaths",1793,"Worcester County",25027,514,"Other pneumoconiosis",2,"Female",27,"Age-standardized",2010,"Rate",0.300949866320483,0.238280432572741,0.383176005487718
1,"Deaths",1793,"Worcester County",25027,514,"Other pneumoconiosis",2,"Female",27,"Age-standardized",2011,"Rate",0.307331568327775,0.244429732538374,0.390698228158899
1,"Deaths",1793,"Worcester County",25027,514,"Other pneumoconiosis",2,"Female",27,"Age-standardized",2012,"Rate",0.308944081125009,0.24452492420856,0.402228868189536
1,"Deaths",1793,"Worcester County",25027,514,"Other pneumoconiosis",2,"Female",27,"Age-standardized",2013,"Rate",0.314832549149517,0.245640868696259,0.398431469536987
1,"Deaths",1793,"Worcester County",25027,514,"Other pneumoconiosis",2,"Female",27,"Age-standardized",2014,"Rate",0.312728392443772,0.243201218085225,0.396138147457992
1,"Deaths",1793,"Worcester County",25027,514,"Other pneumoconiosis",3,"Both",27,"Age-standardized",1980,"Rate",0.174628217733053,0.124948006296568,0.217880550858852
1,"Deaths",1793,"Worcester County",25027,514,"Other pneumoconiosis",3,"Both",27,"Age-standardized",1981,"Rate",0.169226113335936,0.12052840373348,0.210052190580936
1,"Deaths",1793,"Worcester County",25027,514,"Other pneumoconiosis",3,"Both",27,"Age-standardized",1982,"Rate",0.170107681121442,0.123473182445303,0.209200540107003
1,"Deaths",1793,"Worcester County",25027,514,"Other pneumoconiosis",3,"Both",27,"Age-standardized",1983,"Rate",0.179508171363,0.128161723527347,0.219753946899411
1,"Deaths",1793,"Worcester County",25027,514,"Other pneumoconiosis",3,"Both",27,"Age-standardized",1984,"Rate",0.183727752630178,0.13979190850189,0.223909039090499
1,"Deaths",1793,"Worcester County",25027,514,"Other pneumoconiosis",3,"Both",27,"Age-standardized",1985,"Rate",0.189756408182303,0.145399832929634,0.232357773973473
1,"Deaths",1793,"Worcester County",25027,514,"Other pneumoconiosis",3,"Both",27,"Age-standardized",1986,"Rate",0.194244768240765,0.152507173317041,0.235244753611308
1,"Deaths",1793,"Worcester County",25027,514,"Other pneumoconiosis",3,"Both",27,"Age-standardized",1987,"Rate",0.194838835340244,0.155198117564937,0.23918518737608
1,"Deaths",1793,"Worcester County",25027,514,"Other pneumoconiosis",3,"Both",27,"Age-standardized",1988,"Rate",0.191522800215443,0.15569988400974,0.226743759394347
1,"Deaths",1793,"Worcester County",25027,514,"Other pneumoconiosis",3,"Both",27,"Age-standardized",1989,"Rate",0.189718833441727,0.154911536196876,0.226080493540789
1,"Deaths",1793,"Worcester County",25027,514,"Other pneumoconiosis",3,"Both",27,"Age-standardized",1990,"Rate",0.179056491876971,0.146495526073777,0.213854050794571
1,"Deaths",1793,"Worcester County",25027,514,"Other pneumoconiosis",3,"Both",27,"Age-standardized",1991,"Rate",0.178315313067345,0.148395175614282,0.212072027266687
1,"Deaths",1793,"Worcester County",25027,514,"Other pneumoconiosis",3,"Both",27,"Age-standardized",1992,"Rate",0.177573403027967,0.145960943867324,0.211019831827378
1,"Deaths",1793,"Worcester County",25027,514,"Other pneumoconiosis",3,"Both",27,"Age-standardized",1993,"Rate",0.182478503786345,0.150928123518588,0.216840078601398
1,"Deaths",1793,"Worcester County",25027,514,"Other pneumoconiosis",3,"Both",27,"Age-standardized",1994,"Rate",0.188171992025408,0.156733783865314,0.224103829955971
1,"Deaths",1793,"Worcester County",25027,514,"Other pneumoconiosis",3,"Both",27,"Age-standardized",1995,"Rate",0.189707733691574,0.157967045548257,0.225121314988493
1,"Deaths",1793,"Worcester County",25027,514,"Other pneumoconiosis",3,"Both",27,"Age-standardized",1996,"Rate",0.189088663549648,0.158367606634932,0.223506905134641
1,"Deaths",1793,"Worcester County",25027,514,"Other pneumoconiosis",3,"Both",27,"Age-standardized",1997,"Rate",0.19449440326446,0.16211764913716,0.231436618203872
1,"Deaths",1793,"Worcester County",25027,514,"Other pneumoconiosis",3,"Both",27,"Age-standardized",1998,"Rate",0.205116114482994,0.170046410989109,0.247726187213887
1,"Deaths",1793,"Worcester County",25027,514,"Other pneumoconiosis",3,"Both",27,"Age-standardized",1999,"Rate",0.209457423547627,0.173233559258479,0.250226756499427
1,"Deaths",1793,"Worcester County",25027,514,"Other pneumoconiosis",3,"Both",27,"Age-standardized",2000,"Rate",0.223078151681297,0.184687254783922,0.271105682003302
1,"Deaths",1793,"Worcester County",25027,514,"Other pneumoconiosis",3,"Both",27,"Age-standardized",2001,"Rate",0.223159481276203,0.184270531089024,0.271815495180449
1,"Deaths",1793,"Worcester County",25027,514,"Other pneumoconiosis",3,"Both",27,"Age-standardized",2002,"Rate",0.227108446520436,0.18577464706915,0.276915847588867
1,"Deaths",1793,"Worcester County",25027,514,"Other pneumoconiosis",3,"Both",27,"Age-standardized",2003,"Rate",0.220526686715831,0.18407210234505,0.273153185297417
1,"Deaths",1793,"Worcester County",25027,514,"Other pneumoconiosis",3,"Both",27,"Age-standardized",2004,"Rate",0.215338075227883,0.177287988335914,0.263218924477727
1,"Deaths",1793,"Worcester County",25027,514,"Other pneumoconiosis",3,"Both",27,"Age-standardized",2005,"Rate",0.219229491453268,0.178649251238861,0.267918504281623
1,"Deaths",1793,"Worcester County",25027,514,"Other pneumoconiosis",3,"Both",27,"Age-standardized",2006,"Rate",0.21651692196156,0.175458451918943,0.270018261158638
1,"Deaths",1793,"Worcester County",25027,514,"Other pneumoconiosis",3,"Both",27,"Age-standardized",2007,"Rate",0.207144002759606,0.168175844362228,0.26112619852747
1,"Deaths",1793,"Worcester County",25027,514,"Other pneumoconiosis",3,"Both",27,"Age-standardized",2008,"Rate",0.205961321195318,0.166051592574236,0.256960223577226
1,"Deaths",1793,"Worcester County",25027,514,"Other pneumoconiosis",3,"Both",27,"Age-standardized",2009,"Rate",0.205426725593383,0.166004998765108,0.26651905927949
1,"Deaths",1793,"Worcester County",25027,514,"Other pneumoconiosis",3,"Both",27,"Age-standardized",2010,"Rate",0.19722997650426,0.156394885445506,0.253547611612955
1,"Deaths",1793,"Worcester County",25027,514,"Other pneumoconiosis",3,"Both",27,"Age-standardized",2011,"Rate",0.200182383833759,0.158112530464852,0.252958216570636
1,"Deaths",1793,"Worcester County",25027,514,"Other pneumoconiosis",3,"Both",27,"Age-standardized",2012,"Rate",0.201027334332816,0.15850422286058,0.258864127785791
1,"Deaths",1793,"Worcester County",25027,514,"Other pneumoconiosis",3,"Both",27,"Age-standardized",2013,"Rate",0.204445171083869,0.16061551239735,0.264207357876577
1,"Deaths",1793,"Worcester County",25027,514,"Other pneumoconiosis",3,"Both",27,"Age-standardized",2014,"Rate",0.203226956305095,0.159659174154198,0.260367748599135
1,"Deaths",544,"Massachusetts",25,515,"Asthma",1,"Male",27,"Age-standardized",1980,"Rate",2.175322330862,1.91228622336226,2.46469861128202
1,"Deaths",544,"Massachusetts",25,515,"Asthma",1,"Male",27,"Age-standardized",1981,"Rate",2.04089842304711,1.79266475406412,2.29613982007796
1,"Deaths",544,"Massachusetts",25,515,"Asthma",1,"Male",27,"Age-standardized",1982,"Rate",1.90185564730481,1.69120774280503,2.13050635216533
1,"Deaths",544,"Massachusetts",25,515,"Asthma",1,"Male",27,"Age-standardized",1983,"Rate",1.89016605451965,1.69231224111262,2.10685768704535
1,"Deaths",544,"Massachusetts",25,515,"Asthma",1,"Male",27,"Age-standardized",1984,"Rate",1.86294143133381,1.66833079345551,2.07054952688035
1,"Deaths",544,"Massachusetts",25,515,"Asthma",1,"Male",27,"Age-standardized",1985,"Rate",1.75977229695258,1.58070293584809,1.93797650728362
1,"Deaths",544,"Massachusetts",25,515,"Asthma",1,"Male",27,"Age-standardized",1986,"Rate",1.76625654511287,1.59497273492331,1.94845907750352
1,"Deaths",544,"Massachusetts",25,515,"Asthma",1,"Male",27,"Age-standardized",1987,"Rate",1.7266619689059,1.56252020368209,1.90335030314213
1,"Deaths",544,"Massachusetts",25,515,"Asthma",1,"Male",27,"Age-standardized",1988,"Rate",1.68504379610067,1.53048041271943,1.85406895092751
1,"Deaths",544,"Massachusetts",25,515,"Asthma",1,"Male",27,"Age-standardized",1989,"Rate",1.66449832148511,1.50033647382926,1.83494013862499
1,"Deaths",544,"Massachusetts",25,515,"Asthma",1,"Male",27,"Age-standardized",1990,"Rate",1.66347330559699,1.51007309197176,1.82628544788245
1,"Deaths",544,"Massachusetts",25,515,"Asthma",1,"Male",27,"Age-standardized",1991,"Rate",1.63517824364177,1.483946084795,1.78790804820863
1,"Deaths",544,"Massachusetts",25,515,"Asthma",1,"Male",27,"Age-standardized",1992,"Rate",1.60006331064677,1.4509501227939,1.76604184055097
1,"Deaths",544,"Massachusetts",25,515,"Asthma",1,"Male",27,"Age-standardized",1993,"Rate",1.57333126644616,1.43043412474182,1.71852397542081
1,"Deaths",544,"Massachusetts",25,515,"Asthma",1,"Male",27,"Age-standardized",1994,"Rate",1.58152214147897,1.44225961321641,1.73247401561955
1,"Deaths",544,"Massachusetts",25,515,"Asthma",1,"Male",27,"Age-standardized",1995,"Rate",1.55775594517827,1.41608413952452,1.70533471317339
1,"Deaths",544,"Massachusetts",25,515,"Asthma",1,"Male",27,"Age-standardized",1996,"Rate",1.50634505317653,1.37154421027353,1.64953836494621
1,"Deaths",544,"Massachusetts",25,515,"Asthma",1,"Male",27,"Age-standardized",1997,"Rate",1.42089768775599,1.29578193837721,1.5501374185836
1,"Deaths",544,"Massachusetts",25,515,"Asthma",1,"Male",27,"Age-standardized",1998,"Rate",1.36666631779172,1.24849094762136,1.49472441868531
1,"Deaths",544,"Massachusetts",25,515,"Asthma",1,"Male",27,"Age-standardized",1999,"Rate",1.26880089715049,1.15863415851298,1.39739266934207
1,"Deaths",544,"Massachusetts",25,515,"Asthma",1,"Male",27,"Age-standardized",2000,"Rate",1.21357502799774,1.10180086331512,1.33872751001338
1,"Deaths",544,"Massachusetts",25,515,"Asthma",1,"Male",27,"Age-standardized",2001,"Rate",1.12704238604291,1.02749072099516,1.24086526984245
1,"Deaths",544,"Massachusetts",25,515,"Asthma",1,"Male",27,"Age-standardized",2002,"Rate",1.08624330040504,0.987389587110103,1.20656247618137
1,"Deaths",544,"Massachusetts",25,515,"Asthma",1,"Male",27,"Age-standardized",2003,"Rate",1.02059484670897,0.926325068142769,1.12756341667011
1,"Deaths",544,"Massachusetts",25,515,"Asthma",1,"Male",27,"Age-standardized",2004,"Rate",0.962214329448666,0.874503872326198,1.06320776056734
1,"Deaths",544,"Massachusetts",25,515,"Asthma",1,"Male",27,"Age-standardized",2005,"Rate",0.888931870529021,0.803614808464442,0.978361791164827
1,"Deaths",544,"Massachusetts",25,515,"Asthma",1,"Male",27,"Age-standardized",2006,"Rate",0.838943806275516,0.753658176148891,0.928269388713593
1,"Deaths",544,"Massachusetts",25,515,"Asthma",1,"Male",27,"Age-standardized",2007,"Rate",0.797634372494846,0.714033559092822,0.883581682927269
1,"Deaths",544,"Massachusetts",25,515,"Asthma",1,"Male",27,"Age-standardized",2008,"Rate",0.765835681028614,0.691866184966676,0.850885272781582
1,"Deaths",544,"Massachusetts",25,515,"Asthma",1,"Male",27,"Age-standardized",2009,"Rate",0.731726431376193,0.659633971040582,0.814620917245331
1,"Deaths",544,"Massachusetts",25,515,"Asthma",1,"Male",27,"Age-standardized",2010,"Rate",0.708134108663051,0.633360335143355,0.782674023140967
1,"Deaths",544,"Massachusetts",25,515,"Asthma",1,"Male",27,"Age-standardized",2011,"Rate",0.702392890053552,0.624734768663051,0.787866412036927
1,"Deaths",544,"Massachusetts",25,515,"Asthma",1,"Male",27,"Age-standardized",2012,"Rate",0.687382400262435,0.608233799463496,0.773082943001398
1,"Deaths",544,"Massachusetts",25,515,"Asthma",1,"Male",27,"Age-standardized",2013,"Rate",0.663494551366773,0.583750419437708,0.756184485778684
1,"Deaths",544,"Massachusetts",25,515,"Asthma",1,"Male",27,"Age-standardized",2014,"Rate",0.658367658641938,0.570164046538241,0.751929328727224
1,"Deaths",544,"Massachusetts",25,515,"Asthma",2,"Female",27,"Age-standardized",1980,"Rate",2.02071687707275,1.70152206404848,2.24606963298338
1,"Deaths",544,"Massachusetts",25,515,"Asthma",2,"Female",27,"Age-standardized",1981,"Rate",1.95682654674059,1.69530606974701,2.16153162463373
1,"Deaths",544,"Massachusetts",25,515,"Asthma",2,"Female",27,"Age-standardized",1982,"Rate",1.88935318045891,1.63371016864162,2.07732743508667
1,"Deaths",544,"Massachusetts",25,515,"Asthma",2,"Female",27,"Age-standardized",1983,"Rate",1.93206815544646,1.70530560624232,2.11447356693756
1,"Deaths",544,"Massachusetts",25,515,"Asthma",2,"Female",27,"Age-standardized",1984,"Rate",1.95049956033677,1.72947712484515,2.12534856819707
1,"Deaths",544,"Massachusetts",25,515,"Asthma",2,"Female",27,"Age-standardized",1985,"Rate",1.96796641348113,1.74777621918984,2.13223608448019
1,"Deaths",544,"Massachusetts",25,515,"Asthma",2,"Female",27,"Age-standardized",1986,"Rate",2.01162581190844,1.80025171517599,2.17682298697936
1,"Deaths",544,"Massachusetts",25,515,"Asthma",2,"Female",27,"Age-standardized",1987,"Rate",2.03444757108075,1.84520646273903,2.18944691770826
1,"Deaths",544,"Massachusetts",25,515,"Asthma",2,"Female",27,"Age-standardized",1988,"Rate",2.07555515594374,1.9040121844226,2.24184535572514
1,"Deaths",544,"Massachusetts",25,515,"Asthma",2,"Female",27,"Age-standardized",1989,"Rate",2.05486017486776,1.89489887054427,2.20475525630781
1,"Deaths",544,"Massachusetts",25,515,"Asthma",2,"Female",27,"Age-standardized",1990,"Rate",2.03826479623434,1.88543595140222,2.19911489350012
1,"Deaths",544,"Massachusetts",25,515,"Asthma",2,"Female",27,"Age-standardized",1991,"Rate",2.07867923020973,1.90072105324008,2.22759973602668
1,"Deaths",544,"Massachusetts",25,515,"Asthma",2,"Female",27,"Age-standardized",1992,"Rate",2.09027888907939,1.93784064355641,2.2569817145071
1,"Deaths",544,"Massachusetts",25,515,"Asthma",2,"Female",27,"Age-standardized",1993,"Rate",2.13488292884574,1.97862712351244,2.30477547310666
1,"Deaths",544,"Massachusetts",25,515,"Asthma",2,"Female",27,"Age-standardized",1994,"Rate",2.13823067111465,1.97929444462841,2.31414380609276
1,"Deaths",544,"Massachusetts",25,515,"Asthma",2,"Female",27,"Age-standardized",1995,"Rate",2.19078585225363,2.0284602416192,2.36882543028508
1,"Deaths",544,"Massachusetts",25,515,"Asthma",2,"Female",27,"Age-standardized",1996,"Rate",2.12170634832486,1.97331120662696,2.30263107973631
1,"Deaths",544,"Massachusetts",25,515,"Asthma",2,"Female",27,"Age-standardized",1997,"Rate",2.07153263531087,1.9223045428643,2.25992365853127
1,"Deaths",544,"Massachusetts",25,515,"Asthma",2,"Female",27,"Age-standardized",1998,"Rate",2.01496443991661,1.87630215204561,2.20092724710406
1,"Deaths",544,"Massachusetts",25,515,"Asthma",2,"Female",27,"Age-standardized",1999,"Rate",1.90582284680674,1.77082621630912,2.09886752622244
1,"Deaths",544,"Massachusetts",25,515,"Asthma",2,"Female",27,"Age-standardized",2000,"Rate",1.84170311218937,1.71582042933788,2.03089610797819
1,"Deaths",544,"Massachusetts",25,515,"Asthma",2,"Female",27,"Age-standardized",2001,"Rate",1.74878359087236,1.62200240162338,1.9244342502167
1,"Deaths",544,"Massachusetts",25,515,"Asthma",2,"Female",27,"Age-standardized",2002,"Rate",1.66791339949457,1.54298028552201,1.84202004801719
1,"Deaths",544,"Massachusetts",25,515,"Asthma",2,"Female",27,"Age-standardized",2003,"Rate",1.58174077914769,1.45915148580057,1.74210421416356
1,"Deaths",544,"Massachusetts",25,515,"Asthma",2,"Female",27,"Age-standardized",2004,"Rate",1.48307204397394,1.36291862170611,1.64377376223392
1,"Deaths",544,"Massachusetts",25,515,"Asthma",2,"Female",27,"Age-standardized",2005,"Rate",1.41682890858714,1.30483190919179,1.58498810877656
1,"Deaths",544,"Massachusetts",25,515,"Asthma",2,"Female",27,"Age-standardized",2006,"Rate",1.34314424698335,1.23131206828004,1.51470841407964
1,"Deaths",544,"Massachusetts",25,515,"Asthma",2,"Female",27,"Age-standardized",2007,"Rate",1.24874616137695,1.14404009238248,1.41660286780513
1,"Deaths",544,"Massachusetts",25,515,"Asthma",2,"Female",27,"Age-standardized",2008,"Rate",1.20646991529055,1.10525934350946,1.36472482401214
1,"Deaths",544,"Massachusetts",25,515,"Asthma",2,"Female",27,"Age-standardized",2009,"Rate",1.16040074487479,1.05783981797235,1.3292356001242
1,"Deaths",544,"Massachusetts",25,515,"Asthma",2,"Female",27,"Age-standardized",2010,"Rate",1.11276963851296,1.00934739989267,1.26320653492955
1,"Deaths",544,"Massachusetts",25,515,"Asthma",2,"Female",27,"Age-standardized",2011,"Rate",1.10900021486547,0.994991459753689,1.25823660893788
1,"Deaths",544,"Massachusetts",25,515,"Asthma",2,"Female",27,"Age-standardized",2012,"Rate",1.07465842706781,0.96228947105025,1.21533406657024
1,"Deaths",544,"Massachusetts",25,515,"Asthma",2,"Female",27,"Age-standardized",2013,"Rate",1.06468069339096,0.949359348635295,1.22535278503041
1,"Deaths",544,"Massachusetts",25,515,"Asthma",2,"Female",27,"Age-standardized",2014,"Rate",1.05448145547826,0.924689098123918,1.24566754343431
1,"Deaths",544,"Massachusetts",25,515,"Asthma",3,"Both",27,"Age-standardized",1980,"Rate",2.06750408807757,1.84005940534218,2.2536732358011
1,"Deaths",544,"Massachusetts",25,515,"Asthma",3,"Both",27,"Age-standardized",1981,"Rate",1.97602188488274,1.77339146975768,2.14382071683554
1,"Deaths",544,"Massachusetts",25,515,"Asthma",3,"Both",27,"Age-standardized",1982,"Rate",1.88215298036107,1.69913542573278,2.02935703165032
1,"Deaths",544,"Massachusetts",25,515,"Asthma",3,"Both",27,"Age-standardized",1983,"Rate",1.9044764174469,1.71810925137549,2.05331558103107
1,"Deaths",544,"Massachusetts",25,515,"Asthma",3,"Both",27,"Age-standardized",1984,"Rate",1.90636774183649,1.73842640699809,2.04253510248618
1,"Deaths",544,"Massachusetts",25,515,"Asthma",3,"Both",27,"Age-standardized",1985,"Rate",1.87671569375708,1.70520257667708,2.00421813035067
1,"Deaths",544,"Massachusetts",25,515,"Asthma",3,"Both",27,"Age-standardized",1986,"Rate",1.90753058485574,1.74930350091511,2.03341613343166
1,"Deaths",544,"Massachusetts",25,515,"Asthma",3,"Both",27,"Age-standardized",1987,"Rate",1.90683178309203,1.76037136663946,2.03204266117517
1,"Deaths",544,"Massachusetts",25,515,"Asthma",3,"Both",27,"Age-standardized",1988,"Rate",1.91479450607764,1.7815172247721,2.03996479149929
1,"Deaths",544,"Massachusetts",25,515,"Asthma",3,"Both",27,"Age-standardized",1989,"Rate",1.89643726008416,1.77275057169281,2.01314481897318
1,"Deaths",544,"Massachusetts",25,515,"Asthma",3,"Both",27,"Age-standardized",1990,"Rate",1.88320151099422,1.7685327126481,1.99623268181887
1,"Deaths",544,"Massachusetts",25,515,"Asthma",3,"Both",27,"Age-standardized",1991,"Rate",1.89832062453926,1.77179084965342,2.01758327521448
1,"Deaths",544,"Massachusetts",25,515,"Asthma",3,"Both",27,"Age-standardized",1992,"Rate",1.89075746537529,1.78173904541354,2.01410746723423
1,"Deaths",544,"Massachusetts",25,515,"Asthma",3,"Both",27,"Age-standardized",1993,"Rate",1.90789844463235,1.79178926370562,2.02121015851182
1,"Deaths",544,"Massachusetts",25,515,"Asthma",3,"Both",27,"Age-standardized",1994,"Rate",1.91299445704176,1.80179874712963,2.03234357590517
1,"Deaths",544,"Massachusetts",25,515,"Asthma",3,"Both",27,"Age-standardized",1995,"Rate",1.93404882562228,1.8204616026649,2.05731509860364
1,"Deaths",544,"Massachusetts",25,515,"Asthma",3,"Both",27,"Age-standardized",1996,"Rate",1.87377108015638,1.76618423925726,1.99517209210799
1,"Deaths",544,"Massachusetts",25,515,"Asthma",3,"Both",27,"Age-standardized",1997,"Rate",1.80992237771161,1.70263458346854,1.93966665661357
1,"Deaths",544,"Massachusetts",25,515,"Asthma",3,"Both",27,"Age-standardized",1998,"Rate",1.75552532488306,1.65270214334865,1.88394734827597
1,"Deaths",544,"Massachusetts",25,515,"Asthma",3,"Both",27,"Age-standardized",1999,"Rate",1.64982177516406,1.54653415748094,1.7759670938507
1,"Deaths",544,"Massachusetts",25,515,"Asthma",3,"Both",27,"Age-standardized",2000,"Rate",1.58901396438937,1.49037532232788,1.71481321925413
1,"Deaths",544,"Massachusetts",25,515,"Asthma",3,"Both",27,"Age-standardized",2001,"Rate",1.49604974288848,1.40757874556337,1.60609247160327
1,"Deaths",544,"Massachusetts",25,515,"Asthma",3,"Both",27,"Age-standardized",2002,"Rate",1.43196632605693,1.34384617283,1.54531055792346
1,"Deaths",544,"Massachusetts",25,515,"Asthma",3,"Both",27,"Age-standardized",2003,"Rate",1.35352310077976,1.26740927326525,1.46333779786655
1,"Deaths",544,"Massachusetts",25,515,"Asthma",3,"Both",27,"Age-standardized",2004,"Rate",1.27171630032159,1.18940969370417,1.37462525838075
1,"Deaths",544,"Massachusetts",25,515,"Asthma",3,"Both",27,"Age-standardized",2005,"Rate",1.20160988497178,1.12055871750732,1.29674469756883
1,"Deaths",544,"Massachusetts",25,515,"Asthma",3,"Both",27,"Age-standardized",2006,"Rate",1.13696837310025,1.05936627051773,1.24078122357774
1,"Deaths",544,"Massachusetts",25,515,"Asthma",3,"Both",27,"Age-standardized",2007,"Rate",1.06386392739414,0.991030703242534,1.17170585570706
1,"Deaths",544,"Massachusetts",25,515,"Asthma",3,"Both",27,"Age-standardized",2008,"Rate",1.02508326166122,0.954015279733518,1.13002242723469
1,"Deaths",544,"Massachusetts",25,515,"Asthma",3,"Both",27,"Age-standardized",2009,"Rate",0.982334134991292,0.912784502123514,1.08864108262623
1,"Deaths",544,"Massachusetts",25,515,"Asthma",3,"Both",27,"Age-standardized",2010,"Rate",0.944846401709258,0.875135396798274,1.04303761208865
1,"Deaths",544,"Massachusetts",25,515,"Asthma",3,"Both",27,"Age-standardized",2011,"Rate",0.939900584225361,0.865374753991075,1.04749786368344
1,"Deaths",544,"Massachusetts",25,515,"Asthma",3,"Both",27,"Age-standardized",2012,"Rate",0.914049372141915,0.837801374947131,1.02377011615461
1,"Deaths",544,"Massachusetts",25,515,"Asthma",3,"Both",27,"Age-standardized",2013,"Rate",0.896738663045794,0.819142536190953,1.01106806155052
1,"Deaths",544,"Massachusetts",25,515,"Asthma",3,"Both",27,"Age-standardized",2014,"Rate",0.889065567501187,0.801834003260047,1.01010454011672
1,"Deaths",1800,"Barnstable County",25001,515,"Asthma",1,"Male",27,"Age-standardized",1980,"Rate",1.77982364701134,1.22762896200255,2.50121125825406
1,"Deaths",1800,"Barnstable County",25001,515,"Asthma",1,"Male",27,"Age-standardized",1981,"Rate",1.69696148452146,1.18329107231507,2.37639888661735
1,"Deaths",1800,"Barnstable County",25001,515,"Asthma",1,"Male",27,"Age-standardized",1982,"Rate",1.60712553464607,1.14846897090712,2.23468030421553
1,"Deaths",1800,"Barnstable County",25001,515,"Asthma",1,"Male",27,"Age-standardized",1983,"Rate",1.52910890059572,1.07772518275837,2.09527432806576
1,"Deaths",1800,"Barnstable County",25001,515,"Asthma",1,"Male",27,"Age-standardized",1984,"Rate",1.48074439646811,1.05311978283723,2.02872227786462
1,"Deaths",1800,"Barnstable County",25001,515,"Asthma",1,"Male",27,"Age-standardized",1985,"Rate",1.43020905998902,1.02138912190995,1.9455678835496
1,"Deaths",1800,"Barnstable County",25001,515,"Asthma",1,"Male",27,"Age-standardized",1986,"Rate",1.38470344605984,0.989714314505236,1.88509060780403
1,"Deaths",1800,"Barnstable County",25001,515,"Asthma",1,"Male",27,"Age-standardized",1987,"Rate",1.41030439405595,1.02743778904072,1.91502103234355
1,"Deaths",1800,"Barnstable County",25001,515,"Asthma",1,"Male",27,"Age-standardized",1988,"Rate",1.37216339595617,0.999769216121398,1.86452832307801
1,"Deaths",1800,"Barnstable County",25001,515,"Asthma",1,"Male",27,"Age-standardized",1989,"Rate",1.33934616968454,1.00856427221485,1.78328599424743
1,"Deaths",1800,"Barnstable County",25001,515,"Asthma",1,"Male",27,"Age-standardized",1990,"Rate",1.33595244262898,0.993321891021253,1.77989459777437
1,"Deaths",1800,"Barnstable County",25001,515,"Asthma",1,"Male",27,"Age-standardized",1991,"Rate",1.26396677825339,0.92542723463217,1.69285344938378
1,"Deaths",1800,"Barnstable County",25001,515,"Asthma",1,"Male",27,"Age-standardized",1992,"Rate",1.24654357603394,0.925862432055913,1.67681212436698
1,"Deaths",1800,"Barnstable County",25001,515,"Asthma",1,"Male",27,"Age-standardized",1993,"Rate",1.18944354570101,0.854683512353063,1.56759673053921
1,"Deaths",1800,"Barnstable County",25001,515,"Asthma",1,"Male",27,"Age-standardized",1994,"Rate",1.17571639487279,0.866082130576829,1.56432324158797
1,"Deaths",1800,"Barnstable County",25001,515,"Asthma",1,"Male",27,"Age-standardized",1995,"Rate",1.15306625485927,0.849871968926553,1.52495085585968
1,"Deaths",1800,"Barnstable County",25001,515,"Asthma",1,"Male",27,"Age-standardized",1996,"Rate",1.08082797033622,0.789268037339016,1.44135946837951
1,"Deaths",1800,"Barnstable County",25001,515,"Asthma",1,"Male",27,"Age-standardized",1997,"Rate",1.02686481329913,0.750631604743461,1.37246329259391
1,"Deaths",1800,"Barnstable County",25001,515,"Asthma",1,"Male",27,"Age-standardized",1998,"Rate",0.976159420279498,0.72065393663327,1.29291109021209
1,"Deaths",1800,"Barnstable County",25001,515,"Asthma",1,"Male",27,"Age-standardized",1999,"Rate",0.910188192565962,0.6785639988701,1.21803154682167
1,"Deaths",1800,"Barnstable County",25001,515,"Asthma",1,"Male",27,"Age-standardized",2000,"Rate",0.819983343849043,0.588109271741033,1.06829570727913
1,"Deaths",1800,"Barnstable County",25001,515,"Asthma",1,"Male",27,"Age-standardized",2001,"Rate",0.789209435835104,0.569649535538188,1.05725448093552
1,"Deaths",1800,"Barnstable County",25001,515,"Asthma",1,"Male",27,"Age-standardized",2002,"Rate",0.73263345073211,0.524832469757968,0.985816037736638
1,"Deaths",1800,"Barnstable County",25001,515,"Asthma",1,"Male",27,"Age-standardized",2003,"Rate",0.704258174395458,0.505341250942899,0.941416382660879
1,"Deaths",1800,"Barnstable County",25001,515,"Asthma",1,"Male",27,"Age-standardized",2004,"Rate",0.642674433321001,0.466272585231883,0.880845356727945
1,"Deaths",1800,"Barnstable County",25001,515,"Asthma",1,"Male",27,"Age-standardized",2005,"Rate",0.610495698935613,0.42956203838552,0.832946987580838
1,"Deaths",1800,"Barnstable County",25001,515,"Asthma",1,"Male",27,"Age-standardized",2006,"Rate",0.574699546315186,0.408464902846233,0.777314028671711
1,"Deaths",1800,"Barnstable County",25001,515,"Asthma",1,"Male",27,"Age-standardized",2007,"Rate",0.539016079949156,0.378955588160907,0.731585036246086
1,"Deaths",1800,"Barnstable County",25001,515,"Asthma",1,"Male",27,"Age-standardized",2008,"Rate",0.511925945681,0.357285920552918,0.717892955349743
1,"Deaths",1800,"Barnstable County",25001,515,"Asthma",1,"Male",27,"Age-standardized",2009,"Rate",0.504341730614401,0.353298463138252,0.708197360744016
1,"Deaths",1800,"Barnstable County",25001,515,"Asthma",1,"Male",27,"Age-standardized",2010,"Rate",0.484517728534106,0.334604471694675,0.689918028900039
1,"Deaths",1800,"Barnstable County",25001,515,"Asthma",1,"Male",27,"Age-standardized",2011,"Rate",0.470012068103594,0.319662974437319,0.654249337883561
1,"Deaths",1800,"Barnstable County",25001,515,"Asthma",1,"Male",27,"Age-standardized",2012,"Rate",0.462645075741349,0.310660099579744,0.657541515205689
1,"Deaths",1800,"Barnstable County",25001,515,"Asthma",1,"Male",27,"Age-standardized",2013,"Rate",0.437346742640572,0.289964510695769,0.626697195823465
1,"Deaths",1800,"Barnstable County",25001,515,"Asthma",1,"Male",27,"Age-standardized",2014,"Rate",0.410933021260189,0.273563777655971,0.595362253560281
1,"Deaths",1800,"Barnstable County",25001,515,"Asthma",2,"Female",27,"Age-standardized",1980,"Rate",1.50445870811541,1.09282798824116,1.95132448583866
1,"Deaths",1800,"Barnstable County",25001,515,"Asthma",2,"Female",27,"Age-standardized",1981,"Rate",1.47176792104714,1.08230764623279,1.89398812612547
1,"Deaths",1800,"Barnstable County",25001,515,"Asthma",2,"Female",27,"Age-standardized",1982,"Rate",1.44225937472157,1.05383690631634,1.84473412096334
1,"Deaths",1800,"Barnstable County",25001,515,"Asthma",2,"Female",27,"Age-standardized",1983,"Rate",1.46744169364646,1.11055548764949,1.85239113824717
1,"Deaths",1800,"Barnstable County",25001,515,"Asthma",2,"Female",27,"Age-standardized",1984,"Rate",1.4697524132161,1.12600961668126,1.82599740732412
1,"Deaths",1800,"Barnstable County",25001,515,"Asthma",2,"Female",27,"Age-standardized",1985,"Rate",1.52499943684795,1.15913556438229,1.89439556008632
1,"Deaths",1800,"Barnstable County",25001,515,"Asthma",2,"Female",27,"Age-standardized",1986,"Rate",1.5463710352675,1.18974235873734,1.92525089389467
1,"Deaths",1800,"Barnstable County",25001,515,"Asthma",2,"Female",27,"Age-standardized",1987,"Rate",1.57705521841334,1.23237211837416,1.98394530651947
1,"Deaths",1800,"Barnstable County",25001,515,"Asthma",2,"Female",27,"Age-standardized",1988,"Rate",1.65295699775378,1.29996581065238,2.07919308840336
1,"Deaths",1800,"Barnstable County",25001,515,"Asthma",2,"Female",27,"Age-standardized",1989,"Rate",1.62687517611329,1.28793436268621,2.00090616699425
1,"Deaths",1800,"Barnstable County",25001,515,"Asthma",2,"Female",27,"Age-standardized",1990,"Rate",1.63928243783663,1.31354489544074,1.99828065875927
1,"Deaths",1800,"Barnstable County",25001,515,"Asthma",2,"Female",27,"Age-standardized",1991,"Rate",1.64245880478678,1.32200518222843,1.9926741449596
1,"Deaths",1800,"Barnstable County",25001,515,"Asthma",2,"Female",27,"Age-standardized",1992,"Rate",1.63535206452187,1.31624348995951,1.99159408542951
1,"Deaths",1800,"Barnstable County",25001,515,"Asthma",2,"Female",27,"Age-standardized",1993,"Rate",1.7156620769955,1.38552112575513,2.07979688517272
1,"Deaths",1800,"Barnstable County",25001,515,"Asthma",2,"Female",27,"Age-standardized",1994,"Rate",1.68459693048008,1.38167464112243,2.06104251982348
1,"Deaths",1800,"Barnstable County",25001,515,"Asthma",2,"Female",27,"Age-standardized",1995,"Rate",1.70704065604989,1.39141111835528,2.08636362216043
1,"Deaths",1800,"Barnstable County",25001,515,"Asthma",2,"Female",27,"Age-standardized",1996,"Rate",1.69406730229164,1.3660875722365,2.09098989871959
1,"Deaths",1800,"Barnstable County",25001,515,"Asthma",2,"Female",27,"Age-standardized",1997,"Rate",1.60979392782031,1.30353205380454,1.96842946024142
1,"Deaths",1800,"Barnstable County",25001,515,"Asthma",2,"Female",27,"Age-standardized",1998,"Rate",1.59185367561029,1.28208544837774,1.95809131105577
1,"Deaths",1800,"Barnstable County",25001,515,"Asthma",2,"Female",27,"Age-standardized",1999,"Rate",1.49058326972047,1.20634694435824,1.84157997279152
1,"Deaths",1800,"Barnstable County",25001,515,"Asthma",2,"Female",27,"Age-standardized",2000,"Rate",1.48307333191771,1.2043652198966,1.84192930927285
1,"Deaths",1800,"Barnstable County",25001,515,"Asthma",2,"Female",27,"Age-standardized",2001,"Rate",1.40258005735137,1.13222610520036,1.75146130900832
1,"Deaths",1800,"Barnstable County",25001,515,"Asthma",2,"Female",27,"Age-standardized",2002,"Rate",1.29196591858275,1.02176988410185,1.59785711188769
1,"Deaths",1800,"Barnstable County",25001,515,"Asthma",2,"Female",27,"Age-standardized",2003,"Rate",1.26691547126874,0.997899304093306,1.60356634853836
1,"Deaths",1800,"Barnstable County",25001,515,"Asthma",2,"Female",27,"Age-standardized",2004,"Rate",1.19063151545412,0.938668842653545,1.49226115235364
1,"Deaths",1800,"Barnstable County",25001,515,"Asthma",2,"Female",27,"Age-standardized",2005,"Rate",1.11543727969204,0.879807397424821,1.42656275693601
1,"Deaths",1800,"Barnstable County",25001,515,"Asthma",2,"Female",27,"Age-standardized",2006,"Rate",1.07922530204201,0.84715163801478,1.36660360736822
1,"Deaths",1800,"Barnstable County",25001,515,"Asthma",2,"Female",27,"Age-standardized",2007,"Rate",1.01387396583141,0.789656000514253,1.31296087082847
1,"Deaths",1800,"Barnstable County",25001,515,"Asthma",2,"Female",27,"Age-standardized",2008,"Rate",1.00954355021647,0.771289268975417,1.30365837816716
1,"Deaths",1800,"Barnstable County",25001,515,"Asthma",2,"Female",27,"Age-standardized",2009,"Rate",0.975219351519037,0.751179992372125,1.26610875190802
1,"Deaths",1800,"Barnstable County",25001,515,"Asthma",2,"Female",27,"Age-standardized",2010,"Rate",0.942210089232027,0.723161498695386,1.24068034507746
1,"Deaths",1800,"Barnstable County",25001,515,"Asthma",2,"Female",27,"Age-standardized",2011,"Rate",0.940334762389746,0.710162776155409,1.26090177582563
1,"Deaths",1800,"Barnstable County",25001,515,"Asthma",2,"Female",27,"Age-standardized",2012,"Rate",0.90972001723891,0.678824387620487,1.23304310172264
1,"Deaths",1800,"Barnstable County",25001,515,"Asthma",2,"Female",27,"Age-standardized",2013,"Rate",0.912588706011427,0.677010166449038,1.25397860149227
1,"Deaths",1800,"Barnstable County",25001,515,"Asthma",2,"Female",27,"Age-standardized",2014,"Rate",0.871234415725072,0.637574543224668,1.17218272154569
1,"Deaths",1800,"Barnstable County",25001,515,"Asthma",3,"Both",27,"Age-standardized",1980,"Rate",1.61464117031584,1.28761879605716,1.99200671089786
1,"Deaths",1800,"Barnstable County",25001,515,"Asthma",3,"Both",27,"Age-standardized",1981,"Rate",1.55996611859648,1.26454452164726,1.95127740801146
1,"Deaths",1800,"Barnstable County",25001,515,"Asthma",3,"Both",27,"Age-standardized",1982,"Rate",1.50618131394718,1.20711832110154,1.86016888775654
1,"Deaths",1800,"Barnstable County",25001,515,"Asthma",3,"Both",27,"Age-standardized",1983,"Rate",1.48783880903529,1.19299360575411,1.81071360300727
1,"Deaths",1800,"Barnstable County",25001,515,"Asthma",3,"Both",27,"Age-standardized",1984,"Rate",1.46937708472831,1.18171884234754,1.7741679347166
1,"Deaths",1800,"Barnstable County",25001,515,"Asthma",3,"Both",27,"Age-standardized",1985,"Rate",1.48039980978244,1.2177170128507,1.78113533609453
1,"Deaths",1800,"Barnstable County",25001,515,"Asthma",3,"Both",27,"Age-standardized",1986,"Rate",1.47337142074281,1.21004677963635,1.78222710985037
1,"Deaths",1800,"Barnstable County",25001,515,"Asthma",3,"Both",27,"Age-standardized",1987,"Rate",1.50458215302255,1.24094023069103,1.80591022123569
1,"Deaths",1800,"Barnstable County",25001,515,"Asthma",3,"Both",27,"Age-standardized",1988,"Rate",1.53223703761366,1.25462641631966,1.82829562328044
1,"Deaths",1800,"Barnstable County",25001,515,"Asthma",3,"Both",27,"Age-standardized",1989,"Rate",1.50445093599233,1.24760258949489,1.78912917188116
1,"Deaths",1800,"Barnstable County",25001,515,"Asthma",3,"Both",27,"Age-standardized",1990,"Rate",1.50878312218162,1.25212677929672,1.77855423361226
1,"Deaths",1800,"Barnstable County",25001,515,"Asthma",3,"Both",27,"Age-standardized",1991,"Rate",1.47949070967501,1.23384563575461,1.74528161262696
1,"Deaths",1800,"Barnstable County",25001,515,"Asthma",3,"Both",27,"Age-standardized",1992,"Rate",1.4677025055568,1.2409705321169,1.74011623825125
1,"Deaths",1800,"Barnstable County",25001,515,"Asthma",3,"Both",27,"Age-standardized",1993,"Rate",1.48828625273316,1.24911023804093,1.76248752607864
1,"Deaths",1800,"Barnstable County",25001,515,"Asthma",3,"Both",27,"Age-standardized",1994,"Rate",1.46651332671645,1.2251360856348,1.74276319433373
1,"Deaths",1800,"Barnstable County",25001,515,"Asthma",3,"Both",27,"Age-standardized",1995,"Rate",1.46786476783601,1.22411835513352,1.71030595988595
1,"Deaths",1800,"Barnstable County",25001,515,"Asthma",3,"Both",27,"Age-standardized",1996,"Rate",1.43121796595164,1.19860184991467,1.688941725072
1,"Deaths",1800,"Barnstable County",25001,515,"Asthma",3,"Both",27,"Age-standardized",1997,"Rate",1.36017364656652,1.14479346196698,1.60538033960978
1,"Deaths",1800,"Barnstable County",25001,515,"Asthma",3,"Both",27,"Age-standardized",1998,"Rate",1.32836641833227,1.1166142271161,1.58210772415574
1,"Deaths",1800,"Barnstable County",25001,515,"Asthma",3,"Both",27,"Age-standardized",1999,"Rate",1.24380321178705,1.04199262966417,1.48570074284084
1,"Deaths",1800,"Barnstable County",25001,515,"Asthma",3,"Both",27,"Age-standardized",2000,"Rate",1.19689875126343,0.995100298805157,1.43776625109502
1,"Deaths",1800,"Barnstable County",25001,515,"Asthma",3,"Both",27,"Age-standardized",2001,"Rate",1.13820357184519,0.944155130988686,1.3625982247004
1,"Deaths",1800,"Barnstable County",25001,515,"Asthma",3,"Both",27,"Age-standardized",2002,"Rate",1.04987296871534,0.86894964263999,1.25746971466425
1,"Deaths",1800,"Barnstable County",25001,515,"Asthma",3,"Both",27,"Age-standardized",2003,"Rate",1.02313881825608,0.846363294443689,1.23990107508194
1,"Deaths",1800,"Barnstable County",25001,515,"Asthma",3,"Both",27,"Age-standardized",2004,"Rate",0.953193563965091,0.785600952498649,1.14854990804368
1,"Deaths",1800,"Barnstable County",25001,515,"Asthma",3,"Both",27,"Age-standardized",2005,"Rate",0.8974838584089,0.735232916728593,1.08714915371837
1,"Deaths",1800,"Barnstable County",25001,515,"Asthma",3,"Both",27,"Age-standardized",2006,"Rate",0.860719318959119,0.708370529402513,1.04082583024296
1,"Deaths",1800,"Barnstable County",25001,515,"Asthma",3,"Both",27,"Age-standardized",2007,"Rate",0.80842306356515,0.664440167961741,0.99015218406032
1,"Deaths",1800,"Barnstable County",25001,515,"Asthma",3,"Both",27,"Age-standardized",2008,"Rate",0.793542099442299,0.641083798581861,0.988975577203873
1,"Deaths",1800,"Barnstable County",25001,515,"Asthma",3,"Both",27,"Age-standardized",2009,"Rate",0.769282200456236,0.619780840675696,0.949982079390138
1,"Deaths",1800,"Barnstable County",25001,515,"Asthma",3,"Both",27,"Age-standardized",2010,"Rate",0.741389168488631,0.591677925458911,0.930074309881789
1,"Deaths",1800,"Barnstable County",25001,515,"Asthma",3,"Both",27,"Age-standardized",2011,"Rate",0.733437223313025,0.587074800135559,0.923329885741879
1,"Deaths",1800,"Barnstable County",25001,515,"Asthma",3,"Both",27,"Age-standardized",2012,"Rate",0.71406525673171,0.568841392474764,0.919908380967092
1,"Deaths",1800,"Barnstable County",25001,515,"Asthma",3,"Both",27,"Age-standardized",2013,"Rate",0.703594188144224,0.552067078199397,0.902574159237884
1,"Deaths",1800,"Barnstable County",25001,515,"Asthma",3,"Both",27,"Age-standardized",2014,"Rate",0.668371658877367,0.524861134104595,0.858091137883759
1,"Deaths",1790,"Berkshire County",25003,515,"Asthma",1,"Male",27,"Age-standardized",1980,"Rate",1.6574166574831,1.16032280246041,2.31877309278048
1,"Deaths",1790,"Berkshire County",25003,515,"Asthma",1,"Male",27,"Age-standardized",1981,"Rate",1.60192564049058,1.15613907170577,2.16593129809357
1,"Deaths",1790,"Berkshire County",25003,515,"Asthma",1,"Male",27,"Age-standardized",1982,"Rate",1.50824775363004,1.07727908249172,2.0423739096931
1,"Deaths",1790,"Berkshire County",25003,515,"Asthma",1,"Male",27,"Age-standardized",1983,"Rate",1.49650054169721,1.06824968528952,2.01584736680033
1,"Deaths",1790,"Berkshire County",25003,515,"Asthma",1,"Male",27,"Age-standardized",1984,"Rate",1.44058149561723,1.04364529020439,1.94640648477171
1,"Deaths",1790,"Berkshire County",25003,515,"Asthma",1,"Male",27,"Age-standardized",1985,"Rate",1.40182200103879,1.01264413828125,1.87771663279808
1,"Deaths",1790,"Berkshire County",25003,515,"Asthma",1,"Male",27,"Age-standardized",1986,"Rate",1.399228964212,0.995581040536931,1.91147163062308
1,"Deaths",1790,"Berkshire County",25003,515,"Asthma",1,"Male",27,"Age-standardized",1987,"Rate",1.37535867633395,1.0033283628351,1.85856596836033
1,"Deaths",1790,"Berkshire County",25003,515,"Asthma",1,"Male",27,"Age-standardized",1988,"Rate",1.37073560014259,0.978996671018394,1.87268314635809
1,"Deaths",1790,"Berkshire County",25003,515,"Asthma",1,"Male",27,"Age-standardized",1989,"Rate",1.3706328721436,0.996294731490564,1.82943976145118
1,"Deaths",1790,"Berkshire County",25003,515,"Asthma",1,"Male",27,"Age-standardized",1990,"Rate",1.39828018630326,1.03049035444486,1.86828083809557
1,"Deaths",1790,"Berkshire County",25003,515,"Asthma",1,"Male",27,"Age-standardized",1991,"Rate",1.34210462600942,0.995664296666047,1.7871213039642
1,"Deaths",1790,"Berkshire County",25003,515,"Asthma",1,"Male",27,"Age-standardized",1992,"Rate",1.33801020965035,0.977916573963361,1.79605978065418
1,"Deaths",1790,"Berkshire County",25003,515,"Asthma",1,"Male",27,"Age-standardized",1993,"Rate",1.34781832377138,0.992168685404781,1.79763218546651
1,"Deaths",1790,"Berkshire County",25003,515,"Asthma",1,"Male",27,"Age-standardized",1994,"Rate",1.33599761802058,0.967056459054048,1.8254111932268
1,"Deaths",1790,"Berkshire County",25003,515,"Asthma",1,"Male",27,"Age-standardized",1995,"Rate",1.34456252019997,1.00624590884588,1.78766322745872
1,"Deaths",1790,"Berkshire County",25003,515,"Asthma",1,"Male",27,"Age-standardized",1996,"Rate",1.27904352598605,0.927650576478868,1.71693943796171
1,"Deaths",1790,"Berkshire County",25003,515,"Asthma",1,"Male",27,"Age-standardized",1997,"Rate",1.23013060810263,0.906771388086966,1.63211187065084
1,"Deaths",1790,"Berkshire County",25003,515,"Asthma",1,"Male",27,"Age-standardized",1998,"Rate",1.17994810369483,0.854039983572647,1.59794678780208
1,"Deaths",1790,"Berkshire County",25003,515,"Asthma",1,"Male",27,"Age-standardized",1999,"Rate",1.1066286784722,0.816762330685118,1.50545895194434
1,"Deaths",1790,"Berkshire County",25003,515,"Asthma",1,"Male",27,"Age-standardized",2000,"Rate",1.0762990505808,0.796150527423617,1.42751901078937
1,"Deaths",1790,"Berkshire County",25003,515,"Asthma",1,"Male",27,"Age-standardized",2001,"Rate",1.0164466179524,0.744990234314038,1.36033348485661
1,"Deaths",1790,"Berkshire County",25003,515,"Asthma",1,"Male",27,"Age-standardized",2002,"Rate",0.966657422502544,0.710893351375236,1.29711782818665
1,"Deaths",1790,"Berkshire County",25003,515,"Asthma",1,"Male",27,"Age-standardized",2003,"Rate",0.928357909762671,0.680592817991521,1.24394252963199
1,"Deaths",1790,"Berkshire County",25003,515,"Asthma",1,"Male",27,"Age-standardized",2004,"Rate",0.852970495213636,0.613048548183042,1.14866732094012
1,"Deaths",1790,"Berkshire County",25003,515,"Asthma",1,"Male",27,"Age-standardized",2005,"Rate",0.80874248110936,0.590674114177038,1.10748077899725
1,"Deaths",1790,"Berkshire County",25003,515,"Asthma",1,"Male",27,"Age-standardized",2006,"Rate",0.767811359824902,0.55746240691914,1.0168078445399
1,"Deaths",1790,"Berkshire County",25003,515,"Asthma",1,"Male",27,"Age-standardized",2007,"Rate",0.735221773445037,0.530888048357035,1.00531537683092
1,"Deaths",1790,"Berkshire County",25003,515,"Asthma",1,"Male",27,"Age-standardized",2008,"Rate",0.736564948433989,0.530226997547824,0.999755788877639
1,"Deaths",1790,"Berkshire County",25003,515,"Asthma",1,"Male",27,"Age-standardized",2009,"Rate",0.699614302386361,0.496723651245762,0.964590853912893
1,"Deaths",1790,"Berkshire County",25003,515,"Asthma",1,"Male",27,"Age-standardized",2010,"Rate",0.676826413679053,0.488014330362916,0.92230608045234
1,"Deaths",1790,"Berkshire County",25003,515,"Asthma",1,"Male",27,"Age-standardized",2011,"Rate",0.685674825985854,0.489259083075722,0.923811258350609
1,"Deaths",1790,"Berkshire County",25003,515,"Asthma",1,"Male",27,"Age-standardized",2012,"Rate",0.642199458475877,0.457348030676403,0.891956769713329
1,"Deaths",1790,"Berkshire County",25003,515,"Asthma",1,"Male",27,"Age-standardized",2013,"Rate",0.652686164473356,0.459876500033509,0.902209814567493
1,"Deaths",1790,"Berkshire County",25003,515,"Asthma",1,"Male",27,"Age-standardized",2014,"Rate",0.629229295655949,0.431728148297121,0.868892737854198
1,"Deaths",1790,"Berkshire County",25003,515,"Asthma",2,"Female",27,"Age-standardized",1980,"Rate",1.64563992465811,1.24903188964891,2.05419402621007
1,"Deaths",1790,"Berkshire County",25003,515,"Asthma",2,"Female",27,"Age-standardized",1981,"Rate",1.62120243199595,1.24944058432207,1.99293721943728
1,"Deaths",1790,"Berkshire County",25003,515,"Asthma",2,"Female",27,"Age-standardized",1982,"Rate",1.5963677422757,1.25293108198712,1.9885795699031
1,"Deaths",1790,"Berkshire County",25003,515,"Asthma",2,"Female",27,"Age-standardized",1983,"Rate",1.63622781700752,1.27067200473913,1.99473554809227
1,"Deaths",1790,"Berkshire County",25003,515,"Asthma",2,"Female",27,"Age-standardized",1984,"Rate",1.66368566317687,1.2925049388536,2.03629174289987
1,"Deaths",1790,"Berkshire County",25003,515,"Asthma",2,"Female",27,"Age-standardized",1985,"Rate",1.67935837861711,1.32744733027338,2.04952654466085
1,"Deaths",1790,"Berkshire County",25003,515,"Asthma",2,"Female",27,"Age-standardized",1986,"Rate",1.71377568744585,1.3790030678868,2.09476111291811
1,"Deaths",1790,"Berkshire County",25003,515,"Asthma",2,"Female",27,"Age-standardized",1987,"Rate",1.77848034901879,1.41416653962733,2.18229504839966
1,"Deaths",1790,"Berkshire County",25003,515,"Asthma",2,"Female",27,"Age-standardized",1988,"Rate",1.77199571320387,1.42335078689345,2.18011479503029
1,"Deaths",1790,"Berkshire County",25003,515,"Asthma",2,"Female",27,"Age-standardized",1989,"Rate",1.83117151729414,1.48704074189327,2.2380451131908
1,"Deaths",1790,"Berkshire County",25003,515,"Asthma",2,"Female",27,"Age-standardized",1990,"Rate",1.8178354854313,1.46510742900931,2.23690037288122
1,"Deaths",1790,"Berkshire County",25003,515,"Asthma",2,"Female",27,"Age-standardized",1991,"Rate",1.86427760159774,1.50164134720233,2.2731575384334
1,"Deaths",1790,"Berkshire County",25003,515,"Asthma",2,"Female",27,"Age-standardized",1992,"Rate",1.87006190018986,1.5147206838186,2.28089819326245
1,"Deaths",1790,"Berkshire County",25003,515,"Asthma",2,"Female",27,"Age-standardized",1993,"Rate",1.95143702891155,1.56927123481469,2.39514116678845
1,"Deaths",1790,"Berkshire County",25003,515,"Asthma",2,"Female",27,"Age-standardized",1994,"Rate",2.01004334791741,1.61998966755826,2.46057451632482
1,"Deaths",1790,"Berkshire County",25003,515,"Asthma",2,"Female",27,"Age-standardized",1995,"Rate",2.05617548808718,1.67918954553503,2.51032591089114
1,"Deaths",1790,"Berkshire County",25003,515,"Asthma",2,"Female",27,"Age-standardized",1996,"Rate",2.07508006707853,1.68157226995432,2.54081582321656
1,"Deaths",1790,"Berkshire County",25003,515,"Asthma",2,"Female",27,"Age-standardized",1997,"Rate",1.97075996144368,1.57040945090033,2.46663303696457
1,"Deaths",1790,"Berkshire County",25003,515,"Asthma",2,"Female",27,"Age-standardized",1998,"Rate",1.90220198840103,1.52799834513415,2.37813319604263
1,"Deaths",1790,"Berkshire County",25003,515,"Asthma",2,"Female",27,"Age-standardized",1999,"Rate",1.82948046640898,1.45703576304935,2.26773233448698
1,"Deaths",1790,"Berkshire County",25003,515,"Asthma",2,"Female",27,"Age-standardized",2000,"Rate",1.78907371567618,1.43535207067768,2.23371761024901
1,"Deaths",1790,"Berkshire County",25003,515,"Asthma",2,"Female",27,"Age-standardized",2001,"Rate",1.74544975148526,1.36722393481918,2.19374042807853
1,"Deaths",1790,"Berkshire County",25003,515,"Asthma",2,"Female",27,"Age-standardized",2002,"Rate",1.69055814516315,1.32994463388139,2.13599983460442
1,"Deaths",1790,"Berkshire County",25003,515,"Asthma",2,"Female",27,"Age-standardized",2003,"Rate",1.62477250308867,1.27987932802701,2.04372877204291
1,"Deaths",1790,"Berkshire County",25003,515,"Asthma",2,"Female",27,"Age-standardized",2004,"Rate",1.51206535169461,1.17468853242364,1.92248157318694
1,"Deaths",1790,"Berkshire County",25003,515,"Asthma",2,"Female",27,"Age-standardized",2005,"Rate",1.44680725268531,1.13542178025476,1.84983276747907
1,"Deaths",1790,"Berkshire County",25003,515,"Asthma",2,"Female",27,"Age-standardized",2006,"Rate",1.41686830838662,1.09056081307196,1.85557138024734
1,"Deaths",1790,"Berkshire County",25003,515,"Asthma",2,"Female",27,"Age-standardized",2007,"Rate",1.37886741091244,1.06072525397694,1.79584472538216
1,"Deaths",1790,"Berkshire County",25003,515,"Asthma",2,"Female",27,"Age-standardized",2008,"Rate",1.33276550942711,1.03063012260443,1.71063596475195
1,"Deaths",1790,"Berkshire County",25003,515,"Asthma",2,"Female",27,"Age-standardized",2009,"Rate",1.30698815622692,1.00194099662757,1.72995580171275
1,"Deaths",1790,"Berkshire County",25003,515,"Asthma",2,"Female",27,"Age-standardized",2010,"Rate",1.24570885903147,0.950374674284707,1.62882061785522
1,"Deaths",1790,"Berkshire County",25003,515,"Asthma",2,"Female",27,"Age-standardized",2011,"Rate",1.2483510138035,0.947895702214578,1.63802790619923
1,"Deaths",1790,"Berkshire County",25003,515,"Asthma",2,"Female",27,"Age-standardized",2012,"Rate",1.21975470558622,0.918988294557107,1.61009582939401
1,"Deaths",1790,"Berkshire County",25003,515,"Asthma",2,"Female",27,"Age-standardized",2013,"Rate",1.17681196918988,0.871278442771408,1.55840194780975
1,"Deaths",1790,"Berkshire County",25003,515,"Asthma",2,"Female",27,"Age-standardized",2014,"Rate",1.20860068594576,0.892321660617985,1.63243514788263
1,"Deaths",1790,"Berkshire County",25003,515,"Asthma",3,"Both",27,"Age-standardized",1980,"Rate",1.63852173333047,1.32174635045237,1.97556074119123
1,"Deaths",1790,"Berkshire County",25003,515,"Asthma",3,"Both",27,"Age-standardized",1981,"Rate",1.60224868357136,1.30237256605055,1.9189251333963
1,"Deaths",1790,"Berkshire County",25003,515,"Asthma",3,"Both",27,"Age-standardized",1982,"Rate",1.55077223364973,1.2511645809758,1.85942774315952
1,"Deaths",1790,"Berkshire County",25003,515,"Asthma",3,"Both",27,"Age-standardized",1983,"Rate",1.57030200004951,1.27649151106092,1.86284329886817
1,"Deaths",1790,"Berkshire County",25003,515,"Asthma",3,"Both",27,"Age-standardized",1984,"Rate",1.56360637580461,1.28340866885382,1.84617803816293
1,"Deaths",1790,"Berkshire County",25003,515,"Asthma",3,"Both",27,"Age-standardized",1985,"Rate",1.5587991269407,1.27877000241838,1.84079630833397
1,"Deaths",1790,"Berkshire County",25003,515,"Asthma",3,"Both",27,"Age-standardized",1986,"Rate",1.57887812727309,1.31548650123728,1.87911197055998
1,"Deaths",1790,"Berkshire County",25003,515,"Asthma",3,"Both",27,"Age-standardized",1987,"Rate",1.60826209850532,1.33022796146359,1.9127087628601
1,"Deaths",1790,"Berkshire County",25003,515,"Asthma",3,"Both",27,"Age-standardized",1988,"Rate",1.60478481692029,1.35455528735427,1.90827935548046
1,"Deaths",1790,"Berkshire County",25003,515,"Asthma",3,"Both",27,"Age-standardized",1989,"Rate",1.63645363191066,1.37603469676498,1.94532543887822
1,"Deaths",1790,"Berkshire County",25003,515,"Asthma",3,"Both",27,"Age-standardized",1990,"Rate",1.64247961286221,1.36656076056135,1.94872314241696
1,"Deaths",1790,"Berkshire County",25003,515,"Asthma",3,"Both",27,"Age-standardized",1991,"Rate",1.64688235042742,1.37641591063273,1.93330064498675
1,"Deaths",1790,"Berkshire County",25003,515,"Asthma",3,"Both",27,"Age-standardized",1992,"Rate",1.6486767677769,1.39722046288973,1.93908358874785
1,"Deaths",1790,"Berkshire County",25003,515,"Asthma",3,"Both",27,"Age-standardized",1993,"Rate",1.70095506614667,1.43550023991433,2.01245496518489
1,"Deaths",1790,"Berkshire County",25003,515,"Asthma",3,"Both",27,"Age-standardized",1994,"Rate",1.73028390052305,1.46897758456644,2.06882493498095
1,"Deaths",1790,"Berkshire County",25003,515,"Asthma",3,"Both",27,"Age-standardized",1995,"Rate",1.75964033214534,1.49097620535289,2.06878836462703
1,"Deaths",1790,"Berkshire County",25003,515,"Asthma",3,"Both",27,"Age-standardized",1996,"Rate",1.74246795967523,1.45527806567689,2.07523209725713
1,"Deaths",1790,"Berkshire County",25003,515,"Asthma",3,"Both",27,"Age-standardized",1997,"Rate",1.66397650541331,1.3979410098302,1.97800569512166
1,"Deaths",1790,"Berkshire County",25003,515,"Asthma",3,"Both",27,"Age-standardized",1998,"Rate",1.60251760807783,1.34026746994818,1.90860978953391
1,"Deaths",1790,"Berkshire County",25003,515,"Asthma",3,"Both",27,"Age-standardized",1999,"Rate",1.52670880593197,1.27707605062519,1.82854303023832
1,"Deaths",1790,"Berkshire County",25003,515,"Asthma",3,"Both",27,"Age-standardized",2000,"Rate",1.49244135881087,1.24595292455288,1.78394469713539
1,"Deaths",1790,"Berkshire County",25003,515,"Asthma",3,"Both",27,"Age-standardized",2001,"Rate",1.44297653202326,1.19978352094704,1.75101055959546
1,"Deaths",1790,"Berkshire County",25003,515,"Asthma",3,"Both",27,"Age-standardized",2002,"Rate",1.38886165580907,1.1368245822481,1.67435870741567
1,"Deaths",1790,"Berkshire County",25003,515,"Asthma",3,"Both",27,"Age-standardized",2003,"Rate",1.33496030725325,1.09351685007147,1.60488710018761
1,"Deaths",1790,"Berkshire County",25003,515,"Asthma",3,"Both",27,"Age-standardized",2004,"Rate",1.23498684380617,1.01601466219178,1.49654990341784
1,"Deaths",1790,"Berkshire County",25003,515,"Asthma",3,"Both",27,"Age-standardized",2005,"Rate",1.18168296802907,0.968714911621903,1.45476583938797
1,"Deaths",1790,"Berkshire County",25003,515,"Asthma",3,"Both",27,"Age-standardized",2006,"Rate",1.14172596635902,0.929889170294958,1.38339317734068
1,"Deaths",1790,"Berkshire County",25003,515,"Asthma",3,"Both",27,"Age-standardized",2007,"Rate",1.10451777577173,0.885538489836627,1.36621198086933
1,"Deaths",1790,"Berkshire County",25003,515,"Asthma",3,"Both",27,"Age-standardized",2008,"Rate",1.07775309620217,0.876774160190509,1.32152515571358
1,"Deaths",1790,"Berkshire County",25003,515,"Asthma",3,"Both",27,"Age-standardized",2009,"Rate",1.04428631867683,0.841478157950593,1.29266253961209
1,"Deaths",1790,"Berkshire County",25003,515,"Asthma",3,"Both",27,"Age-standardized",2010,"Rate",1.00060521122793,0.795416264483048,1.25412940222734
1,"Deaths",1790,"Berkshire County",25003,515,"Asthma",3,"Both",27,"Age-standardized",2011,"Rate",1.00672627159141,0.815469086612386,1.24842325883827
1,"Deaths",1790,"Berkshire County",25003,515,"Asthma",3,"Both",27,"Age-standardized",2012,"Rate",0.968119140059297,0.770901406730442,1.21189482532856
1,"Deaths",1790,"Berkshire County",25003,515,"Asthma",3,"Both",27,"Age-standardized",2013,"Rate",0.948701316289307,0.749044157956628,1.18942032313111
1,"Deaths",1790,"Berkshire County",25003,515,"Asthma",3,"Both",27,"Age-standardized",2014,"Rate",0.95466922729603,0.749836607141448,1.20699995650653
1,"Deaths",1799,"Bristol County",25005,515,"Asthma",1,"Male",27,"Age-standardized",1980,"Rate",1.74409027933335,1.30494224346974,2.28221669796877
1,"Deaths",1799,"Bristol County",25005,515,"Asthma",1,"Male",27,"Age-standardized",1981,"Rate",1.67205588266739,1.23736409407926,2.1733680877976
1,"Deaths",1799,"Bristol County",25005,515,"Asthma",1,"Male",27,"Age-standardized",1982,"Rate",1.57267686941918,1.18757140946144,2.01085510591325
1,"Deaths",1799,"Bristol County",25005,515,"Asthma",1,"Male",27,"Age-standardized",1983,"Rate",1.61978650989115,1.22672928649705,2.10684466144419
1,"Deaths",1799,"Bristol County",25005,515,"Asthma",1,"Male",27,"Age-standardized",1984,"Rate",1.50213455057295,1.14392835072614,1.93570276715315
1,"Deaths",1799,"Bristol County",25005,515,"Asthma",1,"Male",27,"Age-standardized",1985,"Rate",1.47218393655853,1.13546443251966,1.86997356993875
1,"Deaths",1799,"Bristol County",25005,515,"Asthma",1,"Male",27,"Age-standardized",1986,"Rate",1.36551307582486,1.03460350761205,1.76344802008004
1,"Deaths",1799,"Bristol County",25005,515,"Asthma",1,"Male",27,"Age-standardized",1987,"Rate",1.36710164602742,1.05111554510767,1.74417005118017
1,"Deaths",1799,"Bristol County",25005,515,"Asthma",1,"Male",27,"Age-standardized",1988,"Rate",1.39484040881559,1.05839580895003,1.7778947781307
1,"Deaths",1799,"Bristol County",25005,515,"Asthma",1,"Male",27,"Age-standardized",1989,"Rate",1.35333573282793,1.04651903270223,1.73265937369173
1,"Deaths",1799,"Bristol County",25005,515,"Asthma",1,"Male",27,"Age-standardized",1990,"Rate",1.35059433635885,1.04456310838617,1.70097249821612
1,"Deaths",1799,"Bristol County",25005,515,"Asthma",1,"Male",27,"Age-standardized",1991,"Rate",1.28554395690453,0.984223975054563,1.62697524368093
1,"Deaths",1799,"Bristol County",25005,515,"Asthma",1,"Male",27,"Age-standardized",1992,"Rate",1.27564438990531,0.987051389947803,1.60497789889774
1,"Deaths",1799,"Bristol County",25005,515,"Asthma",1,"Male",27,"Age-standardized",1993,"Rate",1.27105228359733,0.980451735272919,1.60021856985609
1,"Deaths",1799,"Bristol County",25005,515,"Asthma",1,"Male",27,"Age-standardized",1994,"Rate",1.25626882775424,0.980655388028012,1.56781547466406
1,"Deaths",1799,"Bristol County",25005,515,"Asthma",1,"Male",27,"Age-standardized",1995,"Rate",1.28569659644176,1.00613853048386,1.61154233843312
1,"Deaths",1799,"Bristol County",25005,515,"Asthma",1,"Male",27,"Age-standardized",1996,"Rate",1.23042580038305,0.962293177324393,1.54255105450244
1,"Deaths",1799,"Bristol County",25005,515,"Asthma",1,"Male",27,"Age-standardized",1997,"Rate",1.12347756221283,0.88334612670754,1.41660695686991
1,"Deaths",1799,"Bristol County",25005,515,"Asthma",1,"Male",27,"Age-standardized",1998,"Rate",1.04735870708669,0.816462042491325,1.32278104923184
1,"Deaths",1799,"Bristol County",25005,515,"Asthma",1,"Male",27,"Age-standardized",1999,"Rate",1.00310955303067,0.779702779343866,1.26263188189051
1,"Deaths",1799,"Bristol County",25005,515,"Asthma",1,"Male",27,"Age-standardized",2000,"Rate",1.05037660315317,0.813752602540173,1.32375292966011
1,"Deaths",1799,"Bristol County",25005,515,"Asthma",1,"Male",27,"Age-standardized",2001,"Rate",0.923230819447055,0.724893394064772,1.16737164233343
1,"Deaths",1799,"Bristol County",25005,515,"Asthma",1,"Male",27,"Age-standardized",2002,"Rate",0.920531495006418,0.709868909863781,1.16228740641272
1,"Deaths",1799,"Bristol County",25005,515,"Asthma",1,"Male",27,"Age-standardized",2003,"Rate",0.813159800908257,0.619461057522629,1.04466188991322
1,"Deaths",1799,"Bristol County",25005,515,"Asthma",1,"Male",27,"Age-standardized",2004,"Rate",0.749892651547348,0.58512330873926,0.97463981850925
1,"Deaths",1799,"Bristol County",25005,515,"Asthma",1,"Male",27,"Age-standardized",2005,"Rate",0.708560187681531,0.545534046570767,0.908581589610487
1,"Deaths",1799,"Bristol County",25005,515,"Asthma",1,"Male",27,"Age-standardized",2006,"Rate",0.674756785621074,0.518822486602932,0.864766332542475
1,"Deaths",1799,"Bristol County",25005,515,"Asthma",1,"Male",27,"Age-standardized",2007,"Rate",0.615247918502604,0.467318052516359,0.806501984961894
1,"Deaths",1799,"Bristol County",25005,515,"Asthma",1,"Male",27,"Age-standardized",2008,"Rate",0.614448046590589,0.467067334443874,0.796911314925081
1,"Deaths",1799,"Bristol County",25005,515,"Asthma",1,"Male",27,"Age-standardized",2009,"Rate",0.584919356068915,0.444510769562063,0.756799174954346
1,"Deaths",1799,"Bristol County",25005,515,"Asthma",1,"Male",27,"Age-standardized",2010,"Rate",0.556542068560599,0.424918549405873,0.728618991541756
1,"Deaths",1799,"Bristol County",25005,515,"Asthma",1,"Male",27,"Age-standardized",2011,"Rate",0.555125967731828,0.412954714351537,0.735439832602203
1,"Deaths",1799,"Bristol County",25005,515,"Asthma",1,"Male",27,"Age-standardized",2012,"Rate",0.533659915889637,0.395625006173123,0.721513477549394
1,"Deaths",1799,"Bristol County",25005,515,"Asthma",1,"Male",27,"Age-standardized",2013,"Rate",0.533657651466122,0.39801627121844,0.715972292358511
1,"Deaths",1799,"Bristol County",25005,515,"Asthma",1,"Male",27,"Age-standardized",2014,"Rate",0.503484954507741,0.367688150796836,0.674591494485915
1,"Deaths",1799,"Bristol County",25005,515,"Asthma",2,"Female",27,"Age-standardized",1980,"Rate",1.78068735005093,1.38221829729286,2.18325969092309
1,"Deaths",1799,"Bristol County",25005,515,"Asthma",2,"Female",27,"Age-standardized",1981,"Rate",1.79446575333108,1.40113373360285,2.16153599252916
1,"Deaths",1799,"Bristol County",25005,515,"Asthma",2,"Female",27,"Age-standardized",1982,"Rate",1.7466860837909,1.40336483439659,2.07791672980038
1,"Deaths",1799,"Bristol County",25005,515,"Asthma",2,"Female",27,"Age-standardized",1983,"Rate",1.75367940425003,1.39902583006615,2.10044381507355
1,"Deaths",1799,"Bristol County",25005,515,"Asthma",2,"Female",27,"Age-standardized",1984,"Rate",1.76823037564271,1.41169526798028,2.11369306947847
1,"Deaths",1799,"Bristol County",25005,515,"Asthma",2,"Female",27,"Age-standardized",1985,"Rate",1.82338829807489,1.49084712310503,2.18662411314016
1,"Deaths",1799,"Bristol County",25005,515,"Asthma",2,"Female",27,"Age-standardized",1986,"Rate",1.81391565049552,1.50247340440864,2.12671377891759
1,"Deaths",1799,"Bristol County",25005,515,"Asthma",2,"Female",27,"Age-standardized",1987,"Rate",1.8640253143632,1.53644333317404,2.19537139576441
1,"Deaths",1799,"Bristol County",25005,515,"Asthma",2,"Female",27,"Age-standardized",1988,"Rate",1.959950814304,1.6311529586261,2.28765706366627
1,"Deaths",1799,"Bristol County",25005,515,"Asthma",2,"Female",27,"Age-standardized",1989,"Rate",1.86698442702565,1.57042867843187,2.17510808941337
1,"Deaths",1799,"Bristol County",25005,515,"Asthma",2,"Female",27,"Age-standardized",1990,"Rate",1.8839065928114,1.58401676534454,2.18785826211076
1,"Deaths",1799,"Bristol County",25005,515,"Asthma",2,"Female",27,"Age-standardized",1991,"Rate",1.96897606062137,1.66530163229713,2.29714568473533
1,"Deaths",1799,"Bristol County",25005,515,"Asthma",2,"Female",27,"Age-standardized",1992,"Rate",1.95328209170222,1.65212425695231,2.26173692422123
1,"Deaths",1799,"Bristol County",25005,515,"Asthma",2,"Female",27,"Age-standardized",1993,"Rate",2.02142282716696,1.71638709223889,2.3789566314179
1,"Deaths",1799,"Bristol County",25005,515,"Asthma",2,"Female",27,"Age-standardized",1994,"Rate",2.04572406371754,1.74301964030267,2.37906980045964
1,"Deaths",1799,"Bristol County",25005,515,"Asthma",2,"Female",27,"Age-standardized",1995,"Rate",2.09984270562738,1.79887289388973,2.43852472876867
1,"Deaths",1799,"Bristol County",25005,515,"Asthma",2,"Female",27,"Age-standardized",1996,"Rate",2.02206144049126,1.7268122908692,2.34757762133384
1,"Deaths",1799,"Bristol County",25005,515,"Asthma",2,"Female",27,"Age-standardized",1997,"Rate",2.03194701051485,1.72666499072976,2.37309837984845
1,"Deaths",1799,"Bristol County",25005,515,"Asthma",2,"Female",27,"Age-standardized",1998,"Rate",1.89488231160802,1.61312239098475,2.25167383852622
1,"Deaths",1799,"Bristol County",25005,515,"Asthma",2,"Female",27,"Age-standardized",1999,"Rate",1.87507483320494,1.60347880011642,2.20875607668393
1,"Deaths",1799,"Bristol County",25005,515,"Asthma",2,"Female",27,"Age-standardized",2000,"Rate",1.79100215140403,1.5133545744233,2.122134310799
1,"Deaths",1799,"Bristol County",25005,515,"Asthma",2,"Female",27,"Age-standardized",2001,"Rate",1.75195602900023,1.48424417121008,2.09003167388564
1,"Deaths",1799,"Bristol County",25005,515,"Asthma",2,"Female",27,"Age-standardized",2002,"Rate",1.67614050180259,1.43057151810344,2.00169140865232
1,"Deaths",1799,"Bristol County",25005,515,"Asthma",2,"Female",27,"Age-standardized",2003,"Rate",1.59466664405414,1.35099332913452,1.90692541301555
1,"Deaths",1799,"Bristol County",25005,515,"Asthma",2,"Female",27,"Age-standardized",2004,"Rate",1.48349330374301,1.24733133646436,1.79362012152641
1,"Deaths",1799,"Bristol County",25005,515,"Asthma",2,"Female",27,"Age-standardized",2005,"Rate",1.4145429413456,1.18821349901328,1.74021404148792
1,"Deaths",1799,"Bristol County",25005,515,"Asthma",2,"Female",27,"Age-standardized",2006,"Rate",1.34981558698466,1.1247725086045,1.62624106413069
1,"Deaths",1799,"Bristol County",25005,515,"Asthma",2,"Female",27,"Age-standardized",2007,"Rate",1.25502238202742,1.03684201226993,1.55458787524784
1,"Deaths",1799,"Bristol County",25005,515,"Asthma",2,"Female",27,"Age-standardized",2008,"Rate",1.24194014431114,1.02747639329732,1.54027270998122
1,"Deaths",1799,"Bristol County",25005,515,"Asthma",2,"Female",27,"Age-standardized",2009,"Rate",1.21552688008112,0.979762028601404,1.4981370904199
1,"Deaths",1799,"Bristol County",25005,515,"Asthma",2,"Female",27,"Age-standardized",2010,"Rate",1.18374670110934,0.971494526146471,1.48136495950586
1,"Deaths",1799,"Bristol County",25005,515,"Asthma",2,"Female",27,"Age-standardized",2011,"Rate",1.15859120970181,0.94062708902738,1.44154447170077
1,"Deaths",1799,"Bristol County",25005,515,"Asthma",2,"Female",27,"Age-standardized",2012,"Rate",1.13389508625974,0.910912491800561,1.45476694158591
1,"Deaths",1799,"Bristol County",25005,515,"Asthma",2,"Female",27,"Age-standardized",2013,"Rate",1.13713067747405,0.910627168227889,1.47290712035981
1,"Deaths",1799,"Bristol County",25005,515,"Asthma",2,"Female",27,"Age-standardized",2014,"Rate",1.14757150328555,0.909837587132121,1.47379825383023
1,"Deaths",1799,"Bristol County",25005,515,"Asthma",3,"Both",27,"Age-standardized",1980,"Rate",1.76377796924633,1.46433505439426,2.08279478996092
1,"Deaths",1799,"Bristol County",25005,515,"Asthma",3,"Both",27,"Age-standardized",1981,"Rate",1.74111966943603,1.45536682965846,2.01552368735157
1,"Deaths",1799,"Bristol County",25005,515,"Asthma",3,"Both",27,"Age-standardized",1982,"Rate",1.67582444864878,1.41139750946485,1.94874872482717
1,"Deaths",1799,"Bristol County",25005,515,"Asthma",3,"Both",27,"Age-standardized",1983,"Rate",1.69766776197241,1.43076892243581,1.97342729092907
1,"Deaths",1799,"Bristol County",25005,515,"Asthma",3,"Both",27,"Age-standardized",1984,"Rate",1.66367092157533,1.41015564607383,1.91658920384286
1,"Deaths",1799,"Bristol County",25005,515,"Asthma",3,"Both",27,"Age-standardized",1985,"Rate",1.68521944380663,1.44736775681519,1.95877846143047
1,"Deaths",1799,"Bristol County",25005,515,"Asthma",3,"Both",27,"Age-standardized",1986,"Rate",1.63795193738913,1.40209015294792,1.87940459150387
1,"Deaths",1799,"Bristol County",25005,515,"Asthma",3,"Both",27,"Age-standardized",1987,"Rate",1.67030869867572,1.43491161529618,1.92554456216935
1,"Deaths",1799,"Bristol County",25005,515,"Asthma",3,"Both",27,"Age-standardized",1988,"Rate",1.73698684427993,1.49318766055001,1.98282310970743
1,"Deaths",1799,"Bristol County",25005,515,"Asthma",3,"Both",27,"Age-standardized",1989,"Rate",1.66849825786764,1.44733250366091,1.90813724754484
1,"Deaths",1799,"Bristol County",25005,515,"Asthma",3,"Both",27,"Age-standardized",1990,"Rate",1.67579163638257,1.45323739274783,1.8976606254228
1,"Deaths",1799,"Bristol County",25005,515,"Asthma",3,"Both",27,"Age-standardized",1991,"Rate",1.7010086481087,1.48064560241334,1.92055252631255
1,"Deaths",1799,"Bristol County",25005,515,"Asthma",3,"Both",27,"Age-standardized",1992,"Rate",1.68772896801455,1.46651169021329,1.92845392664212
1,"Deaths",1799,"Bristol County",25005,515,"Asthma",3,"Both",27,"Age-standardized",1993,"Rate",1.72734648858799,1.51783122489662,1.96479346020847
1,"Deaths",1799,"Bristol County",25005,515,"Asthma",3,"Both",27,"Age-standardized",1994,"Rate",1.73629242847962,1.5262508651417,1.98335622616887
1,"Deaths",1799,"Bristol County",25005,515,"Asthma",3,"Both",27,"Age-standardized",1995,"Rate",1.78016920116694,1.55856317843153,2.02009801937987
1,"Deaths",1799,"Bristol County",25005,515,"Asthma",3,"Both",27,"Age-standardized",1996,"Rate",1.71202044776267,1.50392417426012,1.95921525609301
1,"Deaths",1799,"Bristol County",25005,515,"Asthma",3,"Both",27,"Age-standardized",1997,"Rate",1.67418485620674,1.4471599511979,1.92882712803576
1,"Deaths",1799,"Bristol County",25005,515,"Asthma",3,"Both",27,"Age-standardized",1998,"Rate",1.5632214935729,1.36912815095752,1.80655064762126
1,"Deaths",1799,"Bristol County",25005,515,"Asthma",3,"Both",27,"Age-standardized",1999,"Rate",1.53280964181823,1.33209618724979,1.75775081764176
1,"Deaths",1799,"Bristol County",25005,515,"Asthma",3,"Both",27,"Age-standardized",2000,"Rate",1.50163921644595,1.29660864787539,1.74234352146766
1,"Deaths",1799,"Bristol County",25005,515,"Asthma",3,"Both",27,"Age-standardized",2001,"Rate",1.42295825349092,1.24103624690249,1.64369830556943
1,"Deaths",1799,"Bristol County",25005,515,"Asthma",3,"Both",27,"Age-standardized",2002,"Rate",1.37573666283134,1.19906747662594,1.58717384443115
1,"Deaths",1799,"Bristol County",25005,515,"Asthma",3,"Both",27,"Age-standardized",2003,"Rate",1.28271350553028,1.11575486504007,1.50538519089632
1,"Deaths",1799,"Bristol County",25005,515,"Asthma",3,"Both",27,"Age-standardized",2004,"Rate",1.19203132554364,1.03164935628316,1.41161161277667
1,"Deaths",1799,"Bristol County",25005,515,"Asthma",3,"Both",27,"Age-standardized",2005,"Rate",1.13374832849823,0.968936811147325,1.34796206043038
1,"Deaths",1799,"Bristol County",25005,515,"Asthma",3,"Both",27,"Age-standardized",2006,"Rate",1.07918598159203,0.916985746580009,1.28094016374462
1,"Deaths",1799,"Bristol County",25005,515,"Asthma",3,"Both",27,"Age-standardized",2007,"Rate",0.995995266981014,0.834709333956559,1.18539075506156
1,"Deaths",1799,"Bristol County",25005,515,"Asthma",3,"Both",27,"Age-standardized",2008,"Rate",0.986918266762387,0.838476983680825,1.18494645128601
1,"Deaths",1799,"Bristol County",25005,515,"Asthma",3,"Both",27,"Age-standardized",2009,"Rate",0.955942814529884,0.806746052696714,1.15017379410531
1,"Deaths",1799,"Bristol County",25005,515,"Asthma",3,"Both",27,"Age-standardized",2010,"Rate",0.924085585913194,0.780206683745363,1.1226275831447
1,"Deaths",1799,"Bristol County",25005,515,"Asthma",3,"Both",27,"Age-standardized",2011,"Rate",0.90999098018979,0.768454533841838,1.09638454113868
1,"Deaths",1799,"Bristol County",25005,515,"Asthma",3,"Both",27,"Age-standardized",2012,"Rate",0.885449290316731,0.738932107679985,1.08478840893843
1,"Deaths",1799,"Bristol County",25005,515,"Asthma",3,"Both",27,"Age-standardized",2013,"Rate",0.886503010189656,0.732755714812485,1.08638880857121
1,"Deaths",1799,"Bristol County",25005,515,"Asthma",3,"Both",27,"Age-standardized",2014,"Rate",0.879978315927602,0.723563696372301,1.09147133594727
1,"Deaths",1801,"Dukes County",25007,515,"Asthma",1,"Male",27,"Age-standardized",1980,"Rate",2.39973204571357,1.25144388445341,4.18184456216363
1,"Deaths",1801,"Dukes County",25007,515,"Asthma",1,"Male",27,"Age-standardized",1981,"Rate",2.25577838734697,1.1975852489102,3.92177837809098
1,"Deaths",1801,"Dukes County",25007,515,"Asthma",1,"Male",27,"Age-standardized",1982,"Rate",2.06877501840092,1.11270718730371,3.58915702012596
1,"Deaths",1801,"Dukes County",25007,515,"Asthma",1,"Male",27,"Age-standardized",1983,"Rate",1.99232389978908,1.06634961101219,3.46019342622915
1,"Deaths",1801,"Dukes County",25007,515,"Asthma",1,"Male",27,"Age-standardized",1984,"Rate",1.87087458344275,0.986509580815899,3.18862606825147
1,"Deaths",1801,"Dukes County",25007,515,"Asthma",1,"Male",27,"Age-standardized",1985,"Rate",1.80677139402454,0.9841371172438,3.07350836557831
1,"Deaths",1801,"Dukes County",25007,515,"Asthma",1,"Male",27,"Age-standardized",1986,"Rate",1.75869102173245,0.959283912926086,3.01355818387623
1,"Deaths",1801,"Dukes County",25007,515,"Asthma",1,"Male",27,"Age-standardized",1987,"Rate",1.68646109440993,0.928112906413466,2.86089542767909
1,"Deaths",1801,"Dukes County",25007,515,"Asthma",1,"Male",27,"Age-standardized",1988,"Rate",1.6415329671932,0.881962260024554,2.78779339195834
1,"Deaths",1801,"Dukes County",25007,515,"Asthma",1,"Male",27,"Age-standardized",1989,"Rate",1.58183550871894,0.862580410526221,2.73859489916204
1,"Deaths",1801,"Dukes County",25007,515,"Asthma",1,"Male",27,"Age-standardized",1990,"Rate",1.55036467971595,0.88123912663182,2.67774854244802
1,"Deaths",1801,"Dukes County",25007,515,"Asthma",1,"Male",27,"Age-standardized",1991,"Rate",1.52467896763263,0.848784470380056,2.57830258708016
1,"Deaths",1801,"Dukes County",25007,515,"Asthma",1,"Male",27,"Age-standardized",1992,"Rate",1.45070766492287,0.794824806999898,2.46285057485724
1,"Deaths",1801,"Dukes County",25007,515,"Asthma",1,"Male",27,"Age-standardized",1993,"Rate",1.44129955821524,0.801095537761397,2.4569772447203
1,"Deaths",1801,"Dukes County",25007,515,"Asthma",1,"Male",27,"Age-standardized",1994,"Rate",1.42246125904993,0.783100866343938,2.46428768951596
1,"Deaths",1801,"Dukes County",25007,515,"Asthma",1,"Male",27,"Age-standardized",1995,"Rate",1.38459254782634,0.770256335397412,2.31800581846751
1,"Deaths",1801,"Dukes County",25007,515,"Asthma",1,"Male",27,"Age-standardized",1996,"Rate",1.28804411162634,0.713015028485233,2.2161615326897
1,"Deaths",1801,"Dukes County",25007,515,"Asthma",1,"Male",27,"Age-standardized",1997,"Rate",1.20435431406674,0.667718526979701,2.03432403379545
1,"Deaths",1801,"Dukes County",25007,515,"Asthma",1,"Male",27,"Age-standardized",1998,"Rate",1.13125843043717,0.635035641656717,1.95000006819617
1,"Deaths",1801,"Dukes County",25007,515,"Asthma",1,"Male",27,"Age-standardized",1999,"Rate",1.04881869406676,0.582515977555415,1.78400546276973
1,"Deaths",1801,"Dukes County",25007,515,"Asthma",1,"Male",27,"Age-standardized",2000,"Rate",0.965104896322159,0.517002928777826,1.63428003103353
1,"Deaths",1801,"Dukes County",25007,515,"Asthma",1,"Male",27,"Age-standardized",2001,"Rate",0.915341837688445,0.50046842889096,1.5604920856825
1,"Deaths",1801,"Dukes County",25007,515,"Asthma",1,"Male",27,"Age-standardized",2002,"Rate",0.864117776995803,0.468061355432246,1.48393780552067
1,"Deaths",1801,"Dukes County",25007,515,"Asthma",1,"Male",27,"Age-standardized",2003,"Rate",0.816793120479121,0.44393135695164,1.38134692820904
1,"Deaths",1801,"Dukes County",25007,515,"Asthma",1,"Male",27,"Age-standardized",2004,"Rate",0.735014076002281,0.397280314161962,1.26216462009859
1,"Deaths",1801,"Dukes County",25007,515,"Asthma",1,"Male",27,"Age-standardized",2005,"Rate",0.7061388614429,0.376287060533964,1.23252409847075
1,"Deaths",1801,"Dukes County",25007,515,"Asthma",1,"Male",27,"Age-standardized",2006,"Rate",0.692533910251437,0.370079329664803,1.16871631267735
1,"Deaths",1801,"Dukes County",25007,515,"Asthma",1,"Male",27,"Age-standardized",2007,"Rate",0.621917836468161,0.328963517685002,1.06258705386201
1,"Deaths",1801,"Dukes County",25007,515,"Asthma",1,"Male",27,"Age-standardized",2008,"Rate",0.591366373515852,0.298732117348677,1.01172695324835
1,"Deaths",1801,"Dukes County",25007,515,"Asthma",1,"Male",27,"Age-standardized",2009,"Rate",0.558122534968062,0.291836288960656,0.967906790094964
1,"Deaths",1801,"Dukes County",25007,515,"Asthma",1,"Male",27,"Age-standardized",2010,"Rate",0.532907561211253,0.280101281981196,0.913678252357188
1,"Deaths",1801,"Dukes County",25007,515,"Asthma",1,"Male",27,"Age-standardized",2011,"Rate",0.516711125777958,0.25795365860993,0.898963472171534
1,"Deaths",1801,"Dukes County",25007,515,"Asthma",1,"Male",27,"Age-standardized",2012,"Rate",0.513149671001803,0.260034794618774,0.898371338331187
1,"Deaths",1801,"Dukes County",25007,515,"Asthma",1,"Male",27,"Age-standardized",2013,"Rate",0.495202492410279,0.253109893991988,0.868157299684318
1,"Deaths",1801,"Dukes County",25007,515,"Asthma",1,"Male",27,"Age-standardized",2014,"Rate",0.470251381541578,0.228705406314916,0.849509909661953
1,"Deaths",1801,"Dukes County",25007,515,"Asthma",2,"Female",27,"Age-standardized",1980,"Rate",1.74167159266599,1.02918493463462,2.75737228873682
1,"Deaths",1801,"Dukes County",25007,515,"Asthma",2,"Female",27,"Age-standardized",1981,"Rate",1.66792736358466,0.98922116311356,2.61344962446822
1,"Deaths",1801,"Dukes County",25007,515,"Asthma",2,"Female",27,"Age-standardized",1982,"Rate",1.6350976913026,0.982011370181643,2.52824702380905
1,"Deaths",1801,"Dukes County",25007,515,"Asthma",2,"Female",27,"Age-standardized",1983,"Rate",1.61737219689987,0.982782513254306,2.54629855844244
1,"Deaths",1801,"Dukes County",25007,515,"Asthma",2,"Female",27,"Age-standardized",1984,"Rate",1.60251108509048,0.962195815066892,2.49530540028344
1,"Deaths",1801,"Dukes County",25007,515,"Asthma",2,"Female",27,"Age-standardized",1985,"Rate",1.60319459069834,0.974153332689154,2.50604860536921
1,"Deaths",1801,"Dukes County",25007,515,"Asthma",2,"Female",27,"Age-standardized",1986,"Rate",1.62411473411509,0.99475973792124,2.50786693683966
1,"Deaths",1801,"Dukes County",25007,515,"Asthma",2,"Female",27,"Age-standardized",1987,"Rate",1.61217711266679,1.01790015411978,2.48122436599045
1,"Deaths",1801,"Dukes County",25007,515,"Asthma",2,"Female",27,"Age-standardized",1988,"Rate",1.63407333442474,1.01131343496717,2.4726234517291
1,"Deaths",1801,"Dukes County",25007,515,"Asthma",2,"Female",27,"Age-standardized",1989,"Rate",1.62529915289181,1.00517373791867,2.51034249620486
1,"Deaths",1801,"Dukes County",25007,515,"Asthma",2,"Female",27,"Age-standardized",1990,"Rate",1.58059401687448,0.977061051153159,2.41781829220396
1,"Deaths",1801,"Dukes County",25007,515,"Asthma",2,"Female",27,"Age-standardized",1991,"Rate",1.60590196476927,1.00578679573783,2.52051916994633
1,"Deaths",1801,"Dukes County",25007,515,"Asthma",2,"Female",27,"Age-standardized",1992,"Rate",1.56928836386698,0.971781141397479,2.44882424665795
1,"Deaths",1801,"Dukes County",25007,515,"Asthma",2,"Female",27,"Age-standardized",1993,"Rate",1.60200744563478,0.993044356771838,2.47233928908461
1,"Deaths",1801,"Dukes County",25007,515,"Asthma",2,"Female",27,"Age-standardized",1994,"Rate",1.59190560475397,0.975390225774863,2.42874354556277
1,"Deaths",1801,"Dukes County",25007,515,"Asthma",2,"Female",27,"Age-standardized",1995,"Rate",1.59158275449181,0.969281720487586,2.44934792235257
1,"Deaths",1801,"Dukes County",25007,515,"Asthma",2,"Female",27,"Age-standardized",1996,"Rate",1.53075612211711,0.957042621163964,2.35383856248301
1,"Deaths",1801,"Dukes County",25007,515,"Asthma",2,"Female",27,"Age-standardized",1997,"Rate",1.48072814228247,0.912651189446482,2.30237603369248
1,"Deaths",1801,"Dukes County",25007,515,"Asthma",2,"Female",27,"Age-standardized",1998,"Rate",1.41444662725107,0.855918369322704,2.19518085266601
1,"Deaths",1801,"Dukes County",25007,515,"Asthma",2,"Female",27,"Age-standardized",1999,"Rate",1.32884111661753,0.810520548384574,2.07683892513446
1,"Deaths",1801,"Dukes County",25007,515,"Asthma",2,"Female",27,"Age-standardized",2000,"Rate",1.27835198852213,0.759447083744829,2.05507905735633
1,"Deaths",1801,"Dukes County",25007,515,"Asthma",2,"Female",27,"Age-standardized",2001,"Rate",1.22087770565876,0.698809161877822,1.93087251116102
1,"Deaths",1801,"Dukes County",25007,515,"Asthma",2,"Female",27,"Age-standardized",2002,"Rate",1.14133829236412,0.649742091926812,1.82904196164646
1,"Deaths",1801,"Dukes County",25007,515,"Asthma",2,"Female",27,"Age-standardized",2003,"Rate",1.097990916277,0.640272503068591,1.75936085864656
1,"Deaths",1801,"Dukes County",25007,515,"Asthma",2,"Female",27,"Age-standardized",2004,"Rate",1.00923945759083,0.569386380746623,1.60224810262496
1,"Deaths",1801,"Dukes County",25007,515,"Asthma",2,"Female",27,"Age-standardized",2005,"Rate",0.989398825503138,0.542121469891147,1.6133889953781
1,"Deaths",1801,"Dukes County",25007,515,"Asthma",2,"Female",27,"Age-standardized",2006,"Rate",0.973075018356467,0.52951082634639,1.60755321046862
1,"Deaths",1801,"Dukes County",25007,515,"Asthma",2,"Female",27,"Age-standardized",2007,"Rate",0.875221540211243,0.472367480918417,1.44004285913134
1,"Deaths",1801,"Dukes County",25007,515,"Asthma",2,"Female",27,"Age-standardized",2008,"Rate",0.856478634633859,0.453795442479795,1.44249589168422
1,"Deaths",1801,"Dukes County",25007,515,"Asthma",2,"Female",27,"Age-standardized",2009,"Rate",0.811195786116994,0.42499644730659,1.35454051625693
1,"Deaths",1801,"Dukes County",25007,515,"Asthma",2,"Female",27,"Age-standardized",2010,"Rate",0.779733184090511,0.393255341856772,1.32083140836566
1,"Deaths",1801,"Dukes County",25007,515,"Asthma",2,"Female",27,"Age-standardized",2011,"Rate",0.76602163066455,0.394999343143063,1.29013957545719
1,"Deaths",1801,"Dukes County",25007,515,"Asthma",2,"Female",27,"Age-standardized",2012,"Rate",0.754704291630014,0.382990238263934,1.29620498129949
1,"Deaths",1801,"Dukes County",25007,515,"Asthma",2,"Female",27,"Age-standardized",2013,"Rate",0.744091419792247,0.367372341761892,1.28241199536771
1,"Deaths",1801,"Dukes County",25007,515,"Asthma",2,"Female",27,"Age-standardized",2014,"Rate",0.732340595234784,0.357316064035482,1.28009346539927
1,"Deaths",1801,"Dukes County",25007,515,"Asthma",3,"Both",27,"Age-standardized",1980,"Rate",1.9783819168618,1.33255807194546,2.79813662153179
1,"Deaths",1801,"Dukes County",25007,515,"Asthma",3,"Both",27,"Age-standardized",1981,"Rate",1.87973640498513,1.26147775441733,2.63900604782704
1,"Deaths",1801,"Dukes County",25007,515,"Asthma",3,"Both",27,"Age-standardized",1982,"Rate",1.78960414257768,1.19752798363255,2.52480675053898
1,"Deaths",1801,"Dukes County",25007,515,"Asthma",3,"Both",27,"Age-standardized",1983,"Rate",1.75004955969327,1.17244645155253,2.49085470652499
1,"Deaths",1801,"Dukes County",25007,515,"Asthma",3,"Both",27,"Age-standardized",1984,"Rate",1.69511831060335,1.14228316840846,2.39037131295655
1,"Deaths",1801,"Dukes County",25007,515,"Asthma",3,"Both",27,"Age-standardized",1985,"Rate",1.67267500684192,1.1542929346973,2.34079617168606
1,"Deaths",1801,"Dukes County",25007,515,"Asthma",3,"Both",27,"Age-standardized",1986,"Rate",1.66848809324007,1.14847255088517,2.30800330881205
1,"Deaths",1801,"Dukes County",25007,515,"Asthma",3,"Both",27,"Age-standardized",1987,"Rate",1.63418713156188,1.12287686880156,2.27695191535115
1,"Deaths",1801,"Dukes County",25007,515,"Asthma",3,"Both",27,"Age-standardized",1988,"Rate",1.63045504913901,1.13291354870589,2.22952287341527
1,"Deaths",1801,"Dukes County",25007,515,"Asthma",3,"Both",27,"Age-standardized",1989,"Rate",1.60062684749412,1.11099409578995,2.24002366579157
1,"Deaths",1801,"Dukes County",25007,515,"Asthma",3,"Both",27,"Age-standardized",1990,"Rate",1.56093210758569,1.08978205135613,2.15413211094635
1,"Deaths",1801,"Dukes County",25007,515,"Asthma",3,"Both",27,"Age-standardized",1991,"Rate",1.56584016964808,1.07692917839731,2.181883313334
1,"Deaths",1801,"Dukes County",25007,515,"Asthma",3,"Both",27,"Age-standardized",1992,"Rate",1.51439824541587,1.05667979275221,2.10055307323262
1,"Deaths",1801,"Dukes County",25007,515,"Asthma",3,"Both",27,"Age-standardized",1993,"Rate",1.53055422554109,1.0521554737905,2.12092191673651
1,"Deaths",1801,"Dukes County",25007,515,"Asthma",3,"Both",27,"Age-standardized",1994,"Rate",1.51692771846809,1.05679264172295,2.11593937831075
1,"Deaths",1801,"Dukes County",25007,515,"Asthma",3,"Both",27,"Age-standardized",1995,"Rate",1.50098997638659,1.03680473229533,2.05948205914323
1,"Deaths",1801,"Dukes County",25007,515,"Asthma",3,"Both",27,"Age-standardized",1996,"Rate",1.42573643136766,0.98695250258837,1.976637436636
1,"Deaths",1801,"Dukes County",25007,515,"Asthma",3,"Both",27,"Age-standardized",1997,"Rate",1.36261750564892,0.937878582871304,1.92897462877709
1,"Deaths",1801,"Dukes County",25007,515,"Asthma",3,"Both",27,"Age-standardized",1998,"Rate",1.29530440070739,0.896800583271651,1.81509347176693
1,"Deaths",1801,"Dukes County",25007,515,"Asthma",3,"Both",27,"Age-standardized",1999,"Rate",1.21172865874959,0.83680806000842,1.73437350246222
1,"Deaths",1801,"Dukes County",25007,515,"Asthma",3,"Both",27,"Age-standardized",2000,"Rate",1.14888499887436,0.782165347812891,1.62837251188556
1,"Deaths",1801,"Dukes County",25007,515,"Asthma",3,"Both",27,"Age-standardized",2001,"Rate",1.09225366949879,0.722857198094267,1.55810408483728
1,"Deaths",1801,"Dukes County",25007,515,"Asthma",3,"Both",27,"Age-standardized",2002,"Rate",1.02185454040668,0.693622652520338,1.46868662546003
1,"Deaths",1801,"Dukes County",25007,515,"Asthma",3,"Both",27,"Age-standardized",2003,"Rate",0.978245802943438,0.65544855356969,1.39362291857174
1,"Deaths",1801,"Dukes County",25007,515,"Asthma",3,"Both",27,"Age-standardized",2004,"Rate",0.89083692299317,0.594014849220055,1.29634883002623
1,"Deaths",1801,"Dukes County",25007,515,"Asthma",3,"Both",27,"Age-standardized",2005,"Rate",0.868230685442397,0.567407924773327,1.25586775801986
1,"Deaths",1801,"Dukes County",25007,515,"Asthma",3,"Both",27,"Age-standardized",2006,"Rate",0.854217295780946,0.55760518419152,1.2463490840834
1,"Deaths",1801,"Dukes County",25007,515,"Asthma",3,"Both",27,"Age-standardized",2007,"Rate",0.766423594257835,0.501961198378963,1.12584028565577
1,"Deaths",1801,"Dukes County",25007,515,"Asthma",3,"Both",27,"Age-standardized",2008,"Rate",0.743149175161877,0.46341967261739,1.12780004683102
1,"Deaths",1801,"Dukes County",25007,515,"Asthma",3,"Both",27,"Age-standardized",2009,"Rate",0.701303601043568,0.446818098477412,1.05270701796522
1,"Deaths",1801,"Dukes County",25007,515,"Asthma",3,"Both",27,"Age-standardized",2010,"Rate",0.672718669221712,0.426201148433432,1.0062565305608
1,"Deaths",1801,"Dukes County",25007,515,"Asthma",3,"Both",27,"Age-standardized",2011,"Rate",0.656336967784787,0.405891495863449,1.00362791836066
1,"Deaths",1801,"Dukes County",25007,515,"Asthma",3,"Both",27,"Age-standardized",2012,"Rate",0.648884956278099,0.39917993438938,1.0099094023025
1,"Deaths",1801,"Dukes County",25007,515,"Asthma",3,"Both",27,"Age-standardized",2013,"Rate",0.634606988773694,0.387783980848854,0.978995711403154
1,"Deaths",1801,"Dukes County",25007,515,"Asthma",3,"Both",27,"Age-standardized",2014,"Rate",0.615152430367448,0.374187017461085,0.941300066030715
1,"Deaths",1789,"Essex County",25009,515,"Asthma",1,"Male",27,"Age-standardized",1980,"Rate",2.0837487375875,1.57137013599734,2.67844961107322
1,"Deaths",1789,"Essex County",25009,515,"Asthma",1,"Male",27,"Age-standardized",1981,"Rate",1.96092369353149,1.48691384644328,2.52569957877933
1,"Deaths",1789,"Essex County",25009,515,"Asthma",1,"Male",27,"Age-standardized",1982,"Rate",1.81449581650267,1.39736361000581,2.33443829643485
1,"Deaths",1789,"Essex County",25009,515,"Asthma",1,"Male",27,"Age-standardized",1983,"Rate",1.77903472507605,1.39383822849138,2.26692552254078
1,"Deaths",1789,"Essex County",25009,515,"Asthma",1,"Male",27,"Age-standardized",1984,"Rate",1.73004463188697,1.36287815121077,2.20119664105699
1,"Deaths",1789,"Essex County",25009,515,"Asthma",1,"Male",27,"Age-standardized",1985,"Rate",1.66894106542918,1.28851874040554,2.1231861107543
1,"Deaths",1789,"Essex County",25009,515,"Asthma",1,"Male",27,"Age-standardized",1986,"Rate",1.72239364965386,1.34245007721504,2.16842444626866
1,"Deaths",1789,"Essex County",25009,515,"Asthma",1,"Male",27,"Age-standardized",1987,"Rate",1.6686550318267,1.3183168877568,2.1286930585255
1,"Deaths",1789,"Essex County",25009,515,"Asthma",1,"Male",27,"Age-standardized",1988,"Rate",1.65312790143189,1.32141312159795,2.07096819216643
1,"Deaths",1789,"Essex County",25009,515,"Asthma",1,"Male",27,"Age-standardized",1989,"Rate",1.58836102930621,1.26309832223561,1.97851621616948
1,"Deaths",1789,"Essex County",25009,515,"Asthma",1,"Male",27,"Age-standardized",1990,"Rate",1.61927740885556,1.28899905860164,2.01340607330423
1,"Deaths",1789,"Essex County",25009,515,"Asthma",1,"Male",27,"Age-standardized",1991,"Rate",1.53301390519518,1.22143774815354,1.88865070298284
1,"Deaths",1789,"Essex County",25009,515,"Asthma",1,"Male",27,"Age-standardized",1992,"Rate",1.57510572905531,1.27909095136378,1.96601348005742
1,"Deaths",1789,"Essex County",25009,515,"Asthma",1,"Male",27,"Age-standardized",1993,"Rate",1.57196509748833,1.23289192599672,1.93988225047341
1,"Deaths",1789,"Essex County",25009,515,"Asthma",1,"Male",27,"Age-standardized",1994,"Rate",1.60916518928602,1.29947522595613,2.00014683930722
1,"Deaths",1789,"Essex County",25009,515,"Asthma",1,"Male",27,"Age-standardized",1995,"Rate",1.53315998547467,1.21806429603491,1.87716927806768
1,"Deaths",1789,"Essex County",25009,515,"Asthma",1,"Male",27,"Age-standardized",1996,"Rate",1.49783798597313,1.18798763246403,1.84199593825491
1,"Deaths",1789,"Essex County",25009,515,"Asthma",1,"Male",27,"Age-standardized",1997,"Rate",1.3675871306978,1.08775857111367,1.68378905924622
1,"Deaths",1789,"Essex County",25009,515,"Asthma",1,"Male",27,"Age-standardized",1998,"Rate",1.38069662015187,1.11835237951283,1.71847793532108
1,"Deaths",1789,"Essex County",25009,515,"Asthma",1,"Male",27,"Age-standardized",1999,"Rate",1.29749056462033,1.02445040401973,1.60888977486994
1,"Deaths",1789,"Essex County",25009,515,"Asthma",1,"Male",27,"Age-standardized",2000,"Rate",1.24829928507943,0.991557146740493,1.55527204552602
1,"Deaths",1789,"Essex County",25009,515,"Asthma",1,"Male",27,"Age-standardized",2001,"Rate",1.08970555991534,0.862091973499928,1.35853854755384
1,"Deaths",1789,"Essex County",25009,515,"Asthma",1,"Male",27,"Age-standardized",2002,"Rate",1.1513513658291,0.912431037611423,1.43761065469167
1,"Deaths",1789,"Essex County",25009,515,"Asthma",1,"Male",27,"Age-standardized",2003,"Rate",1.00463992187919,0.78157455843769,1.25209369591165
1,"Deaths",1789,"Essex County",25009,515,"Asthma",1,"Male",27,"Age-standardized",2004,"Rate",0.955554946178001,0.752008932948759,1.19257670828068
1,"Deaths",1789,"Essex County",25009,515,"Asthma",1,"Male",27,"Age-standardized",2005,"Rate",0.856630214809277,0.66988918091166,1.07758317126693
1,"Deaths",1789,"Essex County",25009,515,"Asthma",1,"Male",27,"Age-standardized",2006,"Rate",0.832754202144683,0.658791467511566,1.03861322007592
1,"Deaths",1789,"Essex County",25009,515,"Asthma",1,"Male",27,"Age-standardized",2007,"Rate",0.78687537142033,0.60833769163095,0.988854568155446
1,"Deaths",1789,"Essex County",25009,515,"Asthma",1,"Male",27,"Age-standardized",2008,"Rate",0.74801816513246,0.592957797531875,0.925436803618459
1,"Deaths",1789,"Essex County",25009,515,"Asthma",1,"Male",27,"Age-standardized",2009,"Rate",0.725589466404004,0.56391914189828,0.911956969470817
1,"Deaths",1789,"Essex County",25009,515,"Asthma",1,"Male",27,"Age-standardized",2010,"Rate",0.704758969853819,0.554529331962552,0.886475177670472
1,"Deaths",1789,"Essex County",25009,515,"Asthma",1,"Male",27,"Age-standardized",2011,"Rate",0.693819980616326,0.536835745586311,0.878949795291877
1,"Deaths",1789,"Essex County",25009,515,"Asthma",1,"Male",27,"Age-standardized",2012,"Rate",0.680085772732998,0.520416583477189,0.866198678758411
1,"Deaths",1789,"Essex County",25009,515,"Asthma",1,"Male",27,"Age-standardized",2013,"Rate",0.643189942569687,0.485769654476352,0.830673485205319
1,"Deaths",1789,"Essex County",25009,515,"Asthma",1,"Male",27,"Age-standardized",2014,"Rate",0.648399125630351,0.482458704425389,0.832622288749546
1,"Deaths",1789,"Essex County",25009,515,"Asthma",2,"Female",27,"Age-standardized",1980,"Rate",2.13561362243008,1.71523184432861,2.5897346058359
1,"Deaths",1789,"Essex County",25009,515,"Asthma",2,"Female",27,"Age-standardized",1981,"Rate",2.07927467367836,1.71317071691022,2.46104268462008
1,"Deaths",1789,"Essex County",25009,515,"Asthma",2,"Female",27,"Age-standardized",1982,"Rate",1.93905711837866,1.5725156314335,2.29093532156343
1,"Deaths",1789,"Essex County",25009,515,"Asthma",2,"Female",27,"Age-standardized",1983,"Rate",2.06052682891125,1.6947308698663,2.41874362786588
1,"Deaths",1789,"Essex County",25009,515,"Asthma",2,"Female",27,"Age-standardized",1984,"Rate",2.0283619935461,1.68629286889213,2.37713170978209
1,"Deaths",1789,"Essex County",25009,515,"Asthma",2,"Female",27,"Age-standardized",1985,"Rate",2.00133055976689,1.66525817664754,2.33725776652542
1,"Deaths",1789,"Essex County",25009,515,"Asthma",2,"Female",27,"Age-standardized",1986,"Rate",2.08967746189346,1.75116742172978,2.43124637418261
1,"Deaths",1789,"Essex County",25009,515,"Asthma",2,"Female",27,"Age-standardized",1987,"Rate",2.09128677933306,1.76583326674881,2.44458220418948
1,"Deaths",1789,"Essex County",25009,515,"Asthma",2,"Female",27,"Age-standardized",1988,"Rate",2.14743223322617,1.82901789342704,2.48206696335265
1,"Deaths",1789,"Essex County",25009,515,"Asthma",2,"Female",27,"Age-standardized",1989,"Rate",2.14764830837897,1.83047800993013,2.50236003077553
1,"Deaths",1789,"Essex County",25009,515,"Asthma",2,"Female",27,"Age-standardized",1990,"Rate",2.10190755644681,1.7998709948381,2.4313503012262
1,"Deaths",1789,"Essex County",25009,515,"Asthma",2,"Female",27,"Age-standardized",1991,"Rate",2.12413966958752,1.80864006053532,2.43835203630776
1,"Deaths",1789,"Essex County",25009,515,"Asthma",2,"Female",27,"Age-standardized",1992,"Rate",2.19011171879111,1.88275174646141,2.53360821745694
1,"Deaths",1789,"Essex County",25009,515,"Asthma",2,"Female",27,"Age-standardized",1993,"Rate",2.20616894919768,1.89619143289171,2.55188968580087
1,"Deaths",1789,"Essex County",25009,515,"Asthma",2,"Female",27,"Age-standardized",1994,"Rate",2.25966194818744,1.95664712088746,2.62476509365458
1,"Deaths",1789,"Essex County",25009,515,"Asthma",2,"Female",27,"Age-standardized",1995,"Rate",2.2735549280877,1.97911061881492,2.6358338801417
1,"Deaths",1789,"Essex County",25009,515,"Asthma",2,"Female",27,"Age-standardized",1996,"Rate",2.2954524179844,1.98132048216805,2.67784752338978
1,"Deaths",1789,"Essex County",25009,515,"Asthma",2,"Female",27,"Age-standardized",1997,"Rate",2.19675550863517,1.87805253885645,2.56262605643655
1,"Deaths",1789,"Essex County",25009,515,"Asthma",2,"Female",27,"Age-standardized",1998,"Rate",2.0790265888697,1.7856435225443,2.41891467274834
1,"Deaths",1789,"Essex County",25009,515,"Asthma",2,"Female",27,"Age-standardized",1999,"Rate",1.94890126004963,1.66626537920083,2.27464363877674
1,"Deaths",1789,"Essex County",25009,515,"Asthma",2,"Female",27,"Age-standardized",2000,"Rate",1.87064378387636,1.59248742034146,2.21954923796354
1,"Deaths",1789,"Essex County",25009,515,"Asthma",2,"Female",27,"Age-standardized",2001,"Rate",1.7976831653028,1.53740927783583,2.14566781222247
1,"Deaths",1789,"Essex County",25009,515,"Asthma",2,"Female",27,"Age-standardized",2002,"Rate",1.67428251626435,1.42892472218194,1.97951523766149
1,"Deaths",1789,"Essex County",25009,515,"Asthma",2,"Female",27,"Age-standardized",2003,"Rate",1.62309214589504,1.38121830735913,1.94471817982567
1,"Deaths",1789,"Essex County",25009,515,"Asthma",2,"Female",27,"Age-standardized",2004,"Rate",1.50436903713663,1.2795815550601,1.82291815515621
1,"Deaths",1789,"Essex County",25009,515,"Asthma",2,"Female",27,"Age-standardized",2005,"Rate",1.4075318366052,1.18916086906535,1.69077912743052
1,"Deaths",1789,"Essex County",25009,515,"Asthma",2,"Female",27,"Age-standardized",2006,"Rate",1.39182142923304,1.15887934060436,1.66963328334058
1,"Deaths",1789,"Essex County",25009,515,"Asthma",2,"Female",27,"Age-standardized",2007,"Rate",1.21880520564081,1.0132599203021,1.5073088734721
1,"Deaths",1789,"Essex County",25009,515,"Asthma",2,"Female",27,"Age-standardized",2008,"Rate",1.20955825736442,1.00503135220219,1.48561460137173
1,"Deaths",1789,"Essex County",25009,515,"Asthma",2,"Female",27,"Age-standardized",2009,"Rate",1.15461464335931,0.95443020731953,1.42558553025176
1,"Deaths",1789,"Essex County",25009,515,"Asthma",2,"Female",27,"Age-standardized",2010,"Rate",1.09776080476524,0.909398602468724,1.33501783966652
1,"Deaths",1789,"Essex County",25009,515,"Asthma",2,"Female",27,"Age-standardized",2011,"Rate",1.08564391418992,0.891294659282152,1.34166578210851
1,"Deaths",1789,"Essex County",25009,515,"Asthma",2,"Female",27,"Age-standardized",2012,"Rate",1.03103917090151,0.83521217388147,1.31115497726708
1,"Deaths",1789,"Essex County",25009,515,"Asthma",2,"Female",27,"Age-standardized",2013,"Rate",1.00849990152649,0.807485185388414,1.27535628505415
1,"Deaths",1789,"Essex County",25009,515,"Asthma",2,"Female",27,"Age-standardized",2014,"Rate",0.998110116951779,0.794775933217671,1.26687089347982
1,"Deaths",1789,"Essex County",25009,515,"Asthma",3,"Both",27,"Age-standardized",1980,"Rate",2.09523976423182,1.74696732853689,2.43332366316867
1,"Deaths",1789,"Essex County",25009,515,"Asthma",3,"Both",27,"Age-standardized",1981,"Rate",2.01812438144727,1.71448985524929,2.33335060585555
1,"Deaths",1789,"Essex County",25009,515,"Asthma",3,"Both",27,"Age-standardized",1982,"Rate",1.87472289406154,1.5912377525148,2.16528847696281
1,"Deaths",1789,"Essex County",25009,515,"Asthma",3,"Both",27,"Age-standardized",1983,"Rate",1.93547250885913,1.64786780319344,2.21269658642022
1,"Deaths",1789,"Essex County",25009,515,"Asthma",3,"Both",27,"Age-standardized",1984,"Rate",1.89822976612418,1.63696890137042,2.175990402684
1,"Deaths",1789,"Essex County",25009,515,"Asthma",3,"Both",27,"Age-standardized",1985,"Rate",1.8598074516124,1.60365738028764,2.109718641568
1,"Deaths",1789,"Essex County",25009,515,"Asthma",3,"Both",27,"Age-standardized",1986,"Rate",1.93668345663519,1.68312929382451,2.20445894107461
1,"Deaths",1789,"Essex County",25009,515,"Asthma",3,"Both",27,"Age-standardized",1987,"Rate",1.91802734621173,1.66382023025368,2.18478417687949
1,"Deaths",1789,"Essex County",25009,515,"Asthma",3,"Both",27,"Age-standardized",1988,"Rate",1.94670471587377,1.70082248426975,2.19648641278515
1,"Deaths",1789,"Essex County",25009,515,"Asthma",3,"Both",27,"Age-standardized",1989,"Rate",1.92250513373033,1.68056936094847,2.16796517593965
1,"Deaths",1789,"Essex County",25009,515,"Asthma",3,"Both",27,"Age-standardized",1990,"Rate",1.90691594804324,1.68098665476666,2.15292604021454
1,"Deaths",1789,"Essex County",25009,515,"Asthma",3,"Both",27,"Age-standardized",1991,"Rate",1.88682754614857,1.6622598776624,2.13851452162539
1,"Deaths",1789,"Essex County",25009,515,"Asthma",3,"Both",27,"Age-standardized",1992,"Rate",1.94444261229795,1.71468821507673,2.18525125387826
1,"Deaths",1789,"Essex County",25009,515,"Asthma",3,"Both",27,"Age-standardized",1993,"Rate",1.95327898176437,1.71251943571785,2.19612898920078
1,"Deaths",1789,"Essex County",25009,515,"Asthma",3,"Both",27,"Age-standardized",1994,"Rate",1.99795334925191,1.76518807879335,2.24732407715849
1,"Deaths",1789,"Essex County",25009,515,"Asthma",3,"Both",27,"Age-standardized",1995,"Rate",1.97650744895401,1.74254595138195,2.21984713630596
1,"Deaths",1789,"Essex County",25009,515,"Asthma",3,"Both",27,"Age-standardized",1996,"Rate",1.97596158633396,1.7485246770329,2.23612065210773
1,"Deaths",1789,"Essex County",25009,515,"Asthma",3,"Both",27,"Age-standardized",1997,"Rate",1.86510452075209,1.63141295038731,2.11990762661906
1,"Deaths",1789,"Essex County",25009,515,"Asthma",3,"Both",27,"Age-standardized",1998,"Rate",1.80165662127003,1.58426292801048,2.05508110257485
1,"Deaths",1789,"Essex County",25009,515,"Asthma",3,"Both",27,"Age-standardized",1999,"Rate",1.69011843748321,1.48370306741144,1.92066827225158
1,"Deaths",1789,"Essex County",25009,515,"Asthma",3,"Both",27,"Age-standardized",2000,"Rate",1.62419337030023,1.41759172623948,1.85953572629064
1,"Deaths",1789,"Essex County",25009,515,"Asthma",3,"Both",27,"Age-standardized",2001,"Rate",1.51233790124472,1.33642903537865,1.73878079336604
1,"Deaths",1789,"Essex County",25009,515,"Asthma",3,"Both",27,"Age-standardized",2002,"Rate",1.4686842208481,1.28202597194375,1.6768164572965
1,"Deaths",1789,"Essex County",25009,515,"Asthma",3,"Both",27,"Age-standardized",2003,"Rate",1.37297730662116,1.19726440699089,1.59562510085685
1,"Deaths",1789,"Essex County",25009,515,"Asthma",3,"Both",27,"Age-standardized",2004,"Rate",1.28361230940153,1.12305163758683,1.49290311292695
1,"Deaths",1789,"Essex County",25009,515,"Asthma",3,"Both",27,"Age-standardized",2005,"Rate",1.18584597531325,1.02411514552866,1.38691026403741
1,"Deaths",1789,"Essex County",25009,515,"Asthma",3,"Both",27,"Age-standardized",2006,"Rate",1.16620129769814,1.01387279511588,1.36179896580067
1,"Deaths",1789,"Essex County",25009,515,"Asthma",3,"Both",27,"Age-standardized",2007,"Rate",1.04561351529445,0.9056400355016,1.22624778875727
1,"Deaths",1789,"Essex County",25009,515,"Asthma",3,"Both",27,"Age-standardized",2008,"Rate",1.02263954114467,0.876246065762825,1.19942683921761
1,"Deaths",1789,"Essex County",25009,515,"Asthma",3,"Both",27,"Age-standardized",2009,"Rate",0.980419392211583,0.845519712548609,1.16491215583788
1,"Deaths",1789,"Essex County",25009,515,"Asthma",3,"Both",27,"Age-standardized",2010,"Rate",0.938764861778201,0.808457173615669,1.10297984327979
1,"Deaths",1789,"Essex County",25009,515,"Asthma",3,"Both",27,"Age-standardized",2011,"Rate",0.926229330804427,0.789355678650036,1.10790269451749
1,"Deaths",1789,"Essex County",25009,515,"Asthma",3,"Both",27,"Age-standardized",2012,"Rate",0.889716443579564,0.75333117318469,1.07112429234259
1,"Deaths",1789,"Essex County",25009,515,"Asthma",3,"Both",27,"Age-standardized",2013,"Rate",0.860125162684251,0.721720283312755,1.0335657191243
1,"Deaths",1789,"Essex County",25009,515,"Asthma",3,"Both",27,"Age-standardized",2014,"Rate",0.855617095581249,0.719666735316686,1.0440504247931
1,"Deaths",1791,"Franklin County",25011,515,"Asthma",1,"Male",27,"Age-standardized",1980,"Rate",1.91978679418201,1.28478792939762,2.80162163174405
1,"Deaths",1791,"Franklin County",25011,515,"Asthma",1,"Male",27,"Age-standardized",1981,"Rate",1.82532935357871,1.22917580822781,2.65385089464211
1,"Deaths",1791,"Franklin County",25011,515,"Asthma",1,"Male",27,"Age-standardized",1982,"Rate",1.80267923571315,1.26549373380184,2.60706328441487
1,"Deaths",1791,"Franklin County",25011,515,"Asthma",1,"Male",27,"Age-standardized",1983,"Rate",1.75779061232255,1.18253199709597,2.51978566086459
1,"Deaths",1791,"Franklin County",25011,515,"Asthma",1,"Male",27,"Age-standardized",1984,"Rate",1.65200536246767,1.13714760030146,2.36063451570307
1,"Deaths",1791,"Franklin County",25011,515,"Asthma",1,"Male",27,"Age-standardized",1985,"Rate",1.68510916748292,1.17042815130553,2.40347434757666
1,"Deaths",1791,"Franklin County",25011,515,"Asthma",1,"Male",27,"Age-standardized",1986,"Rate",1.66468676369455,1.16972652455072,2.42322751855692
1,"Deaths",1791,"Franklin County",25011,515,"Asthma",1,"Male",27,"Age-standardized",1987,"Rate",1.64191484308413,1.15165639309799,2.31824291150519
1,"Deaths",1791,"Franklin County",25011,515,"Asthma",1,"Male",27,"Age-standardized",1988,"Rate",1.65062172501331,1.14501596506622,2.36250037489926
1,"Deaths",1791,"Franklin County",25011,515,"Asthma",1,"Male",27,"Age-standardized",1989,"Rate",1.63371715958779,1.12655845301348,2.36890673165034
1,"Deaths",1791,"Franklin County",25011,515,"Asthma",1,"Male",27,"Age-standardized",1990,"Rate",1.59777187963048,1.11732946388256,2.23808240286346
1,"Deaths",1791,"Franklin County",25011,515,"Asthma",1,"Male",27,"Age-standardized",1991,"Rate",1.56821539151474,1.10174627767105,2.20508990805745
1,"Deaths",1791,"Franklin County",25011,515,"Asthma",1,"Male",27,"Age-standardized",1992,"Rate",1.55882756259193,1.09523269894424,2.20994814424356
1,"Deaths",1791,"Franklin County",25011,515,"Asthma",1,"Male",27,"Age-standardized",1993,"Rate",1.54638153668736,1.09486603554734,2.21865770272184
1,"Deaths",1791,"Franklin County",25011,515,"Asthma",1,"Male",27,"Age-standardized",1994,"Rate",1.55607244802366,1.10128167123936,2.23188671696376
1,"Deaths",1791,"Franklin County",25011,515,"Asthma",1,"Male",27,"Age-standardized",1995,"Rate",1.55342896549718,1.09952604092101,2.227554435783
1,"Deaths",1791,"Franklin County",25011,515,"Asthma",1,"Male",27,"Age-standardized",1996,"Rate",1.48327602890692,1.05856115533349,2.0971310558883
1,"Deaths",1791,"Franklin County",25011,515,"Asthma",1,"Male",27,"Age-standardized",1997,"Rate",1.39144727021274,0.984455455132229,1.96876120115212
1,"Deaths",1791,"Franklin County",25011,515,"Asthma",1,"Male",27,"Age-standardized",1998,"Rate",1.35366329551701,0.936321030514941,1.92394801569478
1,"Deaths",1791,"Franklin County",25011,515,"Asthma",1,"Male",27,"Age-standardized",1999,"Rate",1.27662852578967,0.901846578367516,1.7801426805037
1,"Deaths",1791,"Franklin County",25011,515,"Asthma",1,"Male",27,"Age-standardized",2000,"Rate",1.19834373223179,0.865276851669891,1.68068397804071
1,"Deaths",1791,"Franklin County",25011,515,"Asthma",1,"Male",27,"Age-standardized",2001,"Rate",1.1379094125919,0.796975515767035,1.62853206621284
1,"Deaths",1791,"Franklin County",25011,515,"Asthma",1,"Male",27,"Age-standardized",2002,"Rate",1.12940311302824,0.788001552161014,1.61328445053852
1,"Deaths",1791,"Franklin County",25011,515,"Asthma",1,"Male",27,"Age-standardized",2003,"Rate",1.03059010928792,0.725509168694298,1.48180770016797
1,"Deaths",1791,"Franklin County",25011,515,"Asthma",1,"Male",27,"Age-standardized",2004,"Rate",0.992278514325263,0.700738961934922,1.41895047528296
1,"Deaths",1791,"Franklin County",25011,515,"Asthma",1,"Male",27,"Age-standardized",2005,"Rate",0.951971414143225,0.654906417765653,1.39059019991752
1,"Deaths",1791,"Franklin County",25011,515,"Asthma",1,"Male",27,"Age-standardized",2006,"Rate",0.902184722733776,0.647499327981973,1.28250551823644
1,"Deaths",1791,"Franklin County",25011,515,"Asthma",1,"Male",27,"Age-standardized",2007,"Rate",0.888563524524452,0.602035226340724,1.290883526842
1,"Deaths",1791,"Franklin County",25011,515,"Asthma",1,"Male",27,"Age-standardized",2008,"Rate",0.852189503221921,0.589892885230774,1.21634929880816
1,"Deaths",1791,"Franklin County",25011,515,"Asthma",1,"Male",27,"Age-standardized",2009,"Rate",0.840064864500399,0.580787904659421,1.22513395047909
1,"Deaths",1791,"Franklin County",25011,515,"Asthma",1,"Male",27,"Age-standardized",2010,"Rate",0.789918154756204,0.538123323259177,1.16488905908689
1,"Deaths",1791,"Franklin County",25011,515,"Asthma",1,"Male",27,"Age-standardized",2011,"Rate",0.788947976189444,0.536822676195543,1.16091004916414
1,"Deaths",1791,"Franklin County",25011,515,"Asthma",1,"Male",27,"Age-standardized",2012,"Rate",0.782210599113203,0.527959790598795,1.14273390727667
1,"Deaths",1791,"Franklin County",25011,515,"Asthma",1,"Male",27,"Age-standardized",2013,"Rate",0.773049418538505,0.506748914283086,1.13442435507607
1,"Deaths",1791,"Franklin County",25011,515,"Asthma",1,"Male",27,"Age-standardized",2014,"Rate",0.738298156102211,0.499962363398885,1.08076718605139
1,"Deaths",1791,"Franklin County",25011,515,"Asthma",2,"Female",27,"Age-standardized",1980,"Rate",1.81909109638655,1.33520973180537,2.37596867216011
1,"Deaths",1791,"Franklin County",25011,515,"Asthma",2,"Female",27,"Age-standardized",1981,"Rate",1.76762881299276,1.30427680105982,2.2834981121531
1,"Deaths",1791,"Franklin County",25011,515,"Asthma",2,"Female",27,"Age-standardized",1982,"Rate",1.73632053848883,1.30783556383936,2.25968117085335
1,"Deaths",1791,"Franklin County",25011,515,"Asthma",2,"Female",27,"Age-standardized",1983,"Rate",1.81020606208033,1.36490057126651,2.33590516476475
1,"Deaths",1791,"Franklin County",25011,515,"Asthma",2,"Female",27,"Age-standardized",1984,"Rate",1.81171262134434,1.34095625015171,2.34432358456006
1,"Deaths",1791,"Franklin County",25011,515,"Asthma",2,"Female",27,"Age-standardized",1985,"Rate",1.83727467861692,1.37318973080764,2.37504941501115
1,"Deaths",1791,"Franklin County",25011,515,"Asthma",2,"Female",27,"Age-standardized",1986,"Rate",1.92845617587949,1.45947107267815,2.4991922395832
1,"Deaths",1791,"Franklin County",25011,515,"Asthma",2,"Female",27,"Age-standardized",1987,"Rate",1.96322799981439,1.47622600252348,2.5035801318182
1,"Deaths",1791,"Franklin County",25011,515,"Asthma",2,"Female",27,"Age-standardized",1988,"Rate",1.97960253535389,1.50822626970499,2.5231653801701
1,"Deaths",1791,"Franklin County",25011,515,"Asthma",2,"Female",27,"Age-standardized",1989,"Rate",2.03982628490774,1.56732444476387,2.61204759964469
1,"Deaths",1791,"Franklin County",25011,515,"Asthma",2,"Female",27,"Age-standardized",1990,"Rate",1.99105826303497,1.51379269683509,2.52281379875729
1,"Deaths",1791,"Franklin County",25011,515,"Asthma",2,"Female",27,"Age-standardized",1991,"Rate",2.04984554850255,1.57599798522824,2.63164868341733
1,"Deaths",1791,"Franklin County",25011,515,"Asthma",2,"Female",27,"Age-standardized",1992,"Rate",2.04146509102757,1.58508807444877,2.61044274256767
1,"Deaths",1791,"Franklin County",25011,515,"Asthma",2,"Female",27,"Age-standardized",1993,"Rate",2.12098471021694,1.64692052134658,2.66224856138199
1,"Deaths",1791,"Franklin County",25011,515,"Asthma",2,"Female",27,"Age-standardized",1994,"Rate",2.13848012073936,1.66872656096746,2.72969684683696
1,"Deaths",1791,"Franklin County",25011,515,"Asthma",2,"Female",27,"Age-standardized",1995,"Rate",2.21200537354229,1.68564990860605,2.83586948796269
1,"Deaths",1791,"Franklin County",25011,515,"Asthma",2,"Female",27,"Age-standardized",1996,"Rate",2.1686209299566,1.67292754153348,2.79946457985304
1,"Deaths",1791,"Franklin County",25011,515,"Asthma",2,"Female",27,"Age-standardized",1997,"Rate",2.11670270285305,1.63243250417251,2.71528099866213
1,"Deaths",1791,"Franklin County",25011,515,"Asthma",2,"Female",27,"Age-standardized",1998,"Rate",2.04387564621669,1.55218726344923,2.615547780761
1,"Deaths",1791,"Franklin County",25011,515,"Asthma",2,"Female",27,"Age-standardized",1999,"Rate",2.00434197964495,1.54406334416208,2.66240917876886
1,"Deaths",1791,"Franklin County",25011,515,"Asthma",2,"Female",27,"Age-standardized",2000,"Rate",1.92901667225136,1.47758881087084,2.54083402484685
1,"Deaths",1791,"Franklin County",25011,515,"Asthma",2,"Female",27,"Age-standardized",2001,"Rate",1.86017764942084,1.40813865633026,2.44235954265186
1,"Deaths",1791,"Franklin County",25011,515,"Asthma",2,"Female",27,"Age-standardized",2002,"Rate",1.78458849526291,1.34129162178564,2.34443938102478
1,"Deaths",1791,"Franklin County",25011,515,"Asthma",2,"Female",27,"Age-standardized",2003,"Rate",1.7341360272342,1.30207162491154,2.29904952959834
1,"Deaths",1791,"Franklin County",25011,515,"Asthma",2,"Female",27,"Age-standardized",2004,"Rate",1.62143541140793,1.21197562853179,2.18579552246067
1,"Deaths",1791,"Franklin County",25011,515,"Asthma",2,"Female",27,"Age-standardized",2005,"Rate",1.56002172797731,1.13941640395361,2.07670016581405
1,"Deaths",1791,"Franklin County",25011,515,"Asthma",2,"Female",27,"Age-standardized",2006,"Rate",1.50753918568601,1.11940908544958,2.0122795005677
1,"Deaths",1791,"Franklin County",25011,515,"Asthma",2,"Female",27,"Age-standardized",2007,"Rate",1.44414306598187,1.05684237581201,1.96040736053371
1,"Deaths",1791,"Franklin County",25011,515,"Asthma",2,"Female",27,"Age-standardized",2008,"Rate",1.41623978197822,1.02521079350948,1.93705818851029
1,"Deaths",1791,"Franklin County",25011,515,"Asthma",2,"Female",27,"Age-standardized",2009,"Rate",1.37102073815798,0.992907266445365,1.87878458492389
1,"Deaths",1791,"Franklin County",25011,515,"Asthma",2,"Female",27,"Age-standardized",2010,"Rate",1.31984379767709,0.925269018067546,1.83332481470083
1,"Deaths",1791,"Franklin County",25011,515,"Asthma",2,"Female",27,"Age-standardized",2011,"Rate",1.2931982734938,0.913585700263461,1.82756405695417
1,"Deaths",1791,"Franklin County",25011,515,"Asthma",2,"Female",27,"Age-standardized",2012,"Rate",1.28967969875909,0.909327385261985,1.78628833072983
1,"Deaths",1791,"Franklin County",25011,515,"Asthma",2,"Female",27,"Age-standardized",2013,"Rate",1.29571096023155,0.91250311314232,1.82275010614158
1,"Deaths",1791,"Franklin County",25011,515,"Asthma",2,"Female",27,"Age-standardized",2014,"Rate",1.31690576378059,0.891269041230935,1.90711089018984
1,"Deaths",1791,"Franklin County",25011,515,"Asthma",3,"Both",27,"Age-standardized",1980,"Rate",1.84356935294869,1.43672192062276,2.33609489369806
1,"Deaths",1791,"Franklin County",25011,515,"Asthma",3,"Both",27,"Age-standardized",1981,"Rate",1.77454954092736,1.38697859581162,2.21252627088771
1,"Deaths",1791,"Franklin County",25011,515,"Asthma",3,"Both",27,"Age-standardized",1982,"Rate",1.74913284930475,1.37857085758082,2.19458160325365
1,"Deaths",1791,"Franklin County",25011,515,"Asthma",3,"Both",27,"Age-standardized",1983,"Rate",1.77265883677228,1.40628166827142,2.20024557312709
1,"Deaths",1791,"Franklin County",25011,515,"Asthma",3,"Both",27,"Age-standardized",1984,"Rate",1.72947501500195,1.36790624496348,2.1394471494796
1,"Deaths",1791,"Franklin County",25011,515,"Asthma",3,"Both",27,"Age-standardized",1985,"Rate",1.76042012622803,1.39264592649367,2.16168666820903
1,"Deaths",1791,"Franklin County",25011,515,"Asthma",3,"Both",27,"Age-standardized",1986,"Rate",1.80685573171014,1.43212857129889,2.2312085142571
1,"Deaths",1791,"Franklin County",25011,515,"Asthma",3,"Both",27,"Age-standardized",1987,"Rate",1.81751402381502,1.45249650132751,2.22550832437435
1,"Deaths",1791,"Franklin County",25011,515,"Asthma",3,"Both",27,"Age-standardized",1988,"Rate",1.83205674477205,1.46776893845328,2.25434110346827
1,"Deaths",1791,"Franklin County",25011,515,"Asthma",3,"Both",27,"Age-standardized",1989,"Rate",1.86008513693878,1.46887200164794,2.2931721738539
1,"Deaths",1791,"Franklin County",25011,515,"Asthma",3,"Both",27,"Age-standardized",1990,"Rate",1.81670536536215,1.47749278801743,2.21404821950972
1,"Deaths",1791,"Franklin County",25011,515,"Asthma",3,"Both",27,"Age-standardized",1991,"Rate",1.83994919423606,1.47993842089414,2.24305079097142
1,"Deaths",1791,"Franklin County",25011,515,"Asthma",3,"Both",27,"Age-standardized",1992,"Rate",1.8294649889798,1.47497513965007,2.23987886019814
1,"Deaths",1791,"Franklin County",25011,515,"Asthma",3,"Both",27,"Age-standardized",1993,"Rate",1.87346860229178,1.52226673856557,2.29475294469573
1,"Deaths",1791,"Franklin County",25011,515,"Asthma",3,"Both",27,"Age-standardized",1994,"Rate",1.88833850424044,1.52091374601262,2.32704412131412
1,"Deaths",1791,"Franklin County",25011,515,"Asthma",3,"Both",27,"Age-standardized",1995,"Rate",1.92956168521162,1.55780303045011,2.4009356943584
1,"Deaths",1791,"Franklin County",25011,515,"Asthma",3,"Both",27,"Age-standardized",1996,"Rate",1.87566608279287,1.51043979992621,2.32333397960304
1,"Deaths",1791,"Franklin County",25011,515,"Asthma",3,"Both",27,"Age-standardized",1997,"Rate",1.80683538954611,1.45379861529888,2.24396940905173
1,"Deaths",1791,"Franklin County",25011,515,"Asthma",3,"Both",27,"Age-standardized",1998,"Rate",1.7520022637555,1.41564809020434,2.20085483076208
1,"Deaths",1791,"Franklin County",25011,515,"Asthma",3,"Both",27,"Age-standardized",1999,"Rate",1.69863390202363,1.36843388245823,2.12355534441937
1,"Deaths",1791,"Franklin County",25011,515,"Asthma",3,"Both",27,"Age-standardized",2000,"Rate",1.62059300202037,1.28628602158343,2.0207455621233
1,"Deaths",1791,"Franklin County",25011,515,"Asthma",3,"Both",27,"Age-standardized",2001,"Rate",1.55410104528686,1.23104926251539,1.94197811092181
1,"Deaths",1791,"Franklin County",25011,515,"Asthma",3,"Both",27,"Age-standardized",2002,"Rate",1.50593721179778,1.19388403005156,1.90547902408189
1,"Deaths",1791,"Franklin County",25011,515,"Asthma",3,"Both",27,"Age-standardized",2003,"Rate",1.4320634343612,1.14251980715069,1.82088902560427
1,"Deaths",1791,"Franklin County",25011,515,"Asthma",3,"Both",27,"Age-standardized",2004,"Rate",1.35231169948828,1.07841872192593,1.71922236575747
1,"Deaths",1791,"Franklin County",25011,515,"Asthma",3,"Both",27,"Age-standardized",2005,"Rate",1.30061857785931,1.02259207730624,1.63990589778676
1,"Deaths",1791,"Franklin County",25011,515,"Asthma",3,"Both",27,"Age-standardized",2006,"Rate",1.24831492610095,0.972829393694464,1.60534991800337
1,"Deaths",1791,"Franklin County",25011,515,"Asthma",3,"Both",27,"Age-standardized",2007,"Rate",1.20718654465388,0.940391690950242,1.54121574529909
1,"Deaths",1791,"Franklin County",25011,515,"Asthma",3,"Both",27,"Age-standardized",2008,"Rate",1.17370006123741,0.911893297233491,1.50991055833911
1,"Deaths",1791,"Franklin County",25011,515,"Asthma",3,"Both",27,"Age-standardized",2009,"Rate",1.14150080657507,0.88355026556947,1.46126695678272
1,"Deaths",1791,"Franklin County",25011,515,"Asthma",3,"Both",27,"Age-standardized",2010,"Rate",1.09004306871726,0.836869520534292,1.41849104741044
1,"Deaths",1791,"Franklin County",25011,515,"Asthma",3,"Both",27,"Age-standardized",2011,"Rate",1.07447725271768,0.825729889653582,1.40580100132995
1,"Deaths",1791,"Franklin County",25011,515,"Asthma",3,"Both",27,"Age-standardized",2012,"Rate",1.0689623665495,0.805136590680337,1.3889458439315
1,"Deaths",1791,"Franklin County",25011,515,"Asthma",3,"Both",27,"Age-standardized",2013,"Rate",1.0675284636067,0.80926556074223,1.3907052144599
1,"Deaths",1791,"Franklin County",25011,515,"Asthma",3,"Both",27,"Age-standardized",2014,"Rate",1.06433181096182,0.796023823977226,1.39923320095237
1,"Deaths",1796,"Hampden County",25013,515,"Asthma",1,"Male",27,"Age-standardized",1980,"Rate",2.40310385476604,1.84807027926247,3.1071155030275
1,"Deaths",1796,"Hampden County",25013,515,"Asthma",1,"Male",27,"Age-standardized",1981,"Rate",2.25088685748292,1.71496987381195,2.9390348258227
1,"Deaths",1796,"Hampden County",25013,515,"Asthma",1,"Male",27,"Age-standardized",1982,"Rate",2.14869032113493,1.67190515350712,2.75944145952005
1,"Deaths",1796,"Hampden County",25013,515,"Asthma",1,"Male",27,"Age-standardized",1983,"Rate",2.14556072409325,1.63718031624319,2.77688703462768
1,"Deaths",1796,"Hampden County",25013,515,"Asthma",1,"Male",27,"Age-standardized",1984,"Rate",2.10582731978508,1.62033647470341,2.69455913979244
1,"Deaths",1796,"Hampden County",25013,515,"Asthma",1,"Male",27,"Age-standardized",1985,"Rate",2.09126174159074,1.65039858717173,2.64271841661908
1,"Deaths",1796,"Hampden County",25013,515,"Asthma",1,"Male",27,"Age-standardized",1986,"Rate",2.04198852225084,1.5878684820839,2.56684937849604
1,"Deaths",1796,"Hampden County",25013,515,"Asthma",1,"Male",27,"Age-standardized",1987,"Rate",2.01996686592642,1.58700721202049,2.51986033899875
1,"Deaths",1796,"Hampden County",25013,515,"Asthma",1,"Male",27,"Age-standardized",1988,"Rate",2.05056062534395,1.58089888335306,2.58251844423486
1,"Deaths",1796,"Hampden County",25013,515,"Asthma",1,"Male",27,"Age-standardized",1989,"Rate",2.06789890820815,1.62880233621383,2.6199172672699
1,"Deaths",1796,"Hampden County",25013,515,"Asthma",1,"Male",27,"Age-standardized",1990,"Rate",2.01188802381653,1.59923414039145,2.54205661494938
1,"Deaths",1796,"Hampden County",25013,515,"Asthma",1,"Male",27,"Age-standardized",1991,"Rate",2.0399633547531,1.58600798251019,2.55370198234751
1,"Deaths",1796,"Hampden County",25013,515,"Asthma",1,"Male",27,"Age-standardized",1992,"Rate",1.99467357017835,1.57782815516776,2.47810138830022
1,"Deaths",1796,"Hampden County",25013,515,"Asthma",1,"Male",27,"Age-standardized",1993,"Rate",1.9690862041174,1.56068192714012,2.45608885073512
1,"Deaths",1796,"Hampden County",25013,515,"Asthma",1,"Male",27,"Age-standardized",1994,"Rate",2.04742422668086,1.63659635074014,2.51294557589601
1,"Deaths",1796,"Hampden County",25013,515,"Asthma",1,"Male",27,"Age-standardized",1995,"Rate",1.96753086418184,1.54931345137037,2.43358824761446
1,"Deaths",1796,"Hampden County",25013,515,"Asthma",1,"Male",27,"Age-standardized",1996,"Rate",1.98577803668201,1.5785183163796,2.44512208965413
1,"Deaths",1796,"Hampden County",25013,515,"Asthma",1,"Male",27,"Age-standardized",1997,"Rate",1.91191395115011,1.51636330034665,2.36222231759559
1,"Deaths",1796,"Hampden County",25013,515,"Asthma",1,"Male",27,"Age-standardized",1998,"Rate",1.92292089017849,1.50462700327432,2.37235405506299
1,"Deaths",1796,"Hampden County",25013,515,"Asthma",1,"Male",27,"Age-standardized",1999,"Rate",1.74361673339125,1.3845144569519,2.15919766768442
1,"Deaths",1796,"Hampden County",25013,515,"Asthma",1,"Male",27,"Age-standardized",2000,"Rate",1.74322580767288,1.38556877399607,2.1627225347402
1,"Deaths",1796,"Hampden County",25013,515,"Asthma",1,"Male",27,"Age-standardized",2001,"Rate",1.53293114199468,1.1990895892744,1.8945813602027
1,"Deaths",1796,"Hampden County",25013,515,"Asthma",1,"Male",27,"Age-standardized",2002,"Rate",1.54576561029339,1.22285728481871,1.93025754310609
1,"Deaths",1796,"Hampden County",25013,515,"Asthma",1,"Male",27,"Age-standardized",2003,"Rate",1.43499384207653,1.13833974964143,1.77441892532783
1,"Deaths",1796,"Hampden County",25013,515,"Asthma",1,"Male",27,"Age-standardized",2004,"Rate",1.36865874489003,1.08945865286255,1.7189771785925
1,"Deaths",1796,"Hampden County",25013,515,"Asthma",1,"Male",27,"Age-standardized",2005,"Rate",1.26089968518042,0.993931883017465,1.59607263841257
1,"Deaths",1796,"Hampden County",25013,515,"Asthma",1,"Male",27,"Age-standardized",2006,"Rate",1.27536047589412,1.00512107014302,1.59600219974611
1,"Deaths",1796,"Hampden County",25013,515,"Asthma",1,"Male",27,"Age-standardized",2007,"Rate",1.20369146398599,0.935119651576674,1.51324129720478
1,"Deaths",1796,"Hampden County",25013,515,"Asthma",1,"Male",27,"Age-standardized",2008,"Rate",1.13617657209333,0.88810196409727,1.42265700432248
1,"Deaths",1796,"Hampden County",25013,515,"Asthma",1,"Male",27,"Age-standardized",2009,"Rate",1.09759700881527,0.855894376652261,1.37951931810307
1,"Deaths",1796,"Hampden County",25013,515,"Asthma",1,"Male",27,"Age-standardized",2010,"Rate",1.08850967188549,0.842566001560878,1.36693775880772
1,"Deaths",1796,"Hampden County",25013,515,"Asthma",1,"Male",27,"Age-standardized",2011,"Rate",1.04622827245963,0.814679652212203,1.346364333346
1,"Deaths",1796,"Hampden County",25013,515,"Asthma",1,"Male",27,"Age-standardized",2012,"Rate",1.07650487619868,0.824737657620349,1.38044261209931
1,"Deaths",1796,"Hampden County",25013,515,"Asthma",1,"Male",27,"Age-standardized",2013,"Rate",1.03716895687036,0.782274536175139,1.33503348746264
1,"Deaths",1796,"Hampden County",25013,515,"Asthma",1,"Male",27,"Age-standardized",2014,"Rate",1.04125259491939,0.798422949444015,1.33181292348882
1,"Deaths",1796,"Hampden County",25013,515,"Asthma",2,"Female",27,"Age-standardized",1980,"Rate",2.23819101793623,1.79537031862501,2.67177812541451
1,"Deaths",1796,"Hampden County",25013,515,"Asthma",2,"Female",27,"Age-standardized",1981,"Rate",2.17823103729533,1.73322882997216,2.58292049780543
1,"Deaths",1796,"Hampden County",25013,515,"Asthma",2,"Female",27,"Age-standardized",1982,"Rate",2.1173493465257,1.74759038495963,2.51142136997026
1,"Deaths",1796,"Hampden County",25013,515,"Asthma",2,"Female",27,"Age-standardized",1983,"Rate",2.15360113842755,1.78253629655863,2.54433834268458
1,"Deaths",1796,"Hampden County",25013,515,"Asthma",2,"Female",27,"Age-standardized",1984,"Rate",2.27099481226078,1.87250249999092,2.63741984110689
1,"Deaths",1796,"Hampden County",25013,515,"Asthma",2,"Female",27,"Age-standardized",1985,"Rate",2.24561156482612,1.85631375989689,2.64130396862581
1,"Deaths",1796,"Hampden County",25013,515,"Asthma",2,"Female",27,"Age-standardized",1986,"Rate",2.34357477086754,1.97191187556466,2.73677128066023
1,"Deaths",1796,"Hampden County",25013,515,"Asthma",2,"Female",27,"Age-standardized",1987,"Rate",2.4192178910801,2.04004644546406,2.80461634677538
1,"Deaths",1796,"Hampden County",25013,515,"Asthma",2,"Female",27,"Age-standardized",1988,"Rate",2.45692743496797,2.04126926580466,2.85032437039335
1,"Deaths",1796,"Hampden County",25013,515,"Asthma",2,"Female",27,"Age-standardized",1989,"Rate",2.40730733132781,2.05554736828498,2.7960998599829
1,"Deaths",1796,"Hampden County",25013,515,"Asthma",2,"Female",27,"Age-standardized",1990,"Rate",2.38610094719157,2.03556691164187,2.77488264326753
1,"Deaths",1796,"Hampden County",25013,515,"Asthma",2,"Female",27,"Age-standardized",1991,"Rate",2.47609642402556,2.12280399369526,2.88578664252012
1,"Deaths",1796,"Hampden County",25013,515,"Asthma",2,"Female",27,"Age-standardized",1992,"Rate",2.52926138394273,2.17307942894609,2.95359220662397
1,"Deaths",1796,"Hampden County",25013,515,"Asthma",2,"Female",27,"Age-standardized",1993,"Rate",2.62308344452835,2.25567621330357,3.05063320320243
1,"Deaths",1796,"Hampden County",25013,515,"Asthma",2,"Female",27,"Age-standardized",1994,"Rate",2.64160231176551,2.25904369211956,3.07578236504449
1,"Deaths",1796,"Hampden County",25013,515,"Asthma",2,"Female",27,"Age-standardized",1995,"Rate",2.76181534349381,2.38155660455766,3.22552095110288
1,"Deaths",1796,"Hampden County",25013,515,"Asthma",2,"Female",27,"Age-standardized",1996,"Rate",2.65825187473991,2.27896363804851,3.08210374498227
1,"Deaths",1796,"Hampden County",25013,515,"Asthma",2,"Female",27,"Age-standardized",1997,"Rate",2.66717738057906,2.28362695836965,3.0944028966167
1,"Deaths",1796,"Hampden County",25013,515,"Asthma",2,"Female",27,"Age-standardized",1998,"Rate",2.63510769506722,2.26000210546233,3.0603788905323
1,"Deaths",1796,"Hampden County",25013,515,"Asthma",2,"Female",27,"Age-standardized",1999,"Rate",2.538300972915,2.16667559918376,2.98589744546085
1,"Deaths",1796,"Hampden County",25013,515,"Asthma",2,"Female",27,"Age-standardized",2000,"Rate",2.50125346911662,2.13488950920431,2.9732606937612
1,"Deaths",1796,"Hampden County",25013,515,"Asthma",2,"Female",27,"Age-standardized",2001,"Rate",2.36812768922002,2.01736236407879,2.74696208653938
1,"Deaths",1796,"Hampden County",25013,515,"Asthma",2,"Female",27,"Age-standardized",2002,"Rate",2.29622631943823,1.95491436296944,2.70506474451976
1,"Deaths",1796,"Hampden County",25013,515,"Asthma",2,"Female",27,"Age-standardized",2003,"Rate",2.20645460399604,1.88270514369379,2.6488365148594
1,"Deaths",1796,"Hampden County",25013,515,"Asthma",2,"Female",27,"Age-standardized",2004,"Rate",2.04126129998704,1.74246241003699,2.40229854630055
1,"Deaths",1796,"Hampden County",25013,515,"Asthma",2,"Female",27,"Age-standardized",2005,"Rate",1.98127042955127,1.66835599606402,2.40356200578952
1,"Deaths",1796,"Hampden County",25013,515,"Asthma",2,"Female",27,"Age-standardized",2006,"Rate",1.92419344180483,1.63341392708791,2.32102199399388
1,"Deaths",1796,"Hampden County",25013,515,"Asthma",2,"Female",27,"Age-standardized",2007,"Rate",1.80775100468434,1.51932164284771,2.16308605641914
1,"Deaths",1796,"Hampden County",25013,515,"Asthma",2,"Female",27,"Age-standardized",2008,"Rate",1.71908930093176,1.43154929178381,2.07511478109158
1,"Deaths",1796,"Hampden County",25013,515,"Asthma",2,"Female",27,"Age-standardized",2009,"Rate",1.67117274016375,1.39394206971967,2.03408874707587
1,"Deaths",1796,"Hampden County",25013,515,"Asthma",2,"Female",27,"Age-standardized",2010,"Rate",1.6140189102626,1.33762515512256,1.97172432089789
1,"Deaths",1796,"Hampden County",25013,515,"Asthma",2,"Female",27,"Age-standardized",2011,"Rate",1.62064732125207,1.34271583184359,2.00109582984344
1,"Deaths",1796,"Hampden County",25013,515,"Asthma",2,"Female",27,"Age-standardized",2012,"Rate",1.58641290857304,1.28792726869679,1.99018313744096
1,"Deaths",1796,"Hampden County",25013,515,"Asthma",2,"Female",27,"Age-standardized",2013,"Rate",1.59986723224065,1.3067881319157,1.96311482847585
1,"Deaths",1796,"Hampden County",25013,515,"Asthma",2,"Female",27,"Age-standardized",2014,"Rate",1.62050236566314,1.31194545056275,2.0086710713812
1,"Deaths",1796,"Hampden County",25013,515,"Asthma",3,"Both",27,"Age-standardized",1980,"Rate",2.27145609155412,1.89458014248011,2.64837777266948
1,"Deaths",1796,"Hampden County",25013,515,"Asthma",3,"Both",27,"Age-standardized",1981,"Rate",2.1740557497546,1.80142104628386,2.5565875178226
1,"Deaths",1796,"Hampden County",25013,515,"Asthma",3,"Both",27,"Age-standardized",1982,"Rate",2.09922416044619,1.77467409946204,2.44596529849149
1,"Deaths",1796,"Hampden County",25013,515,"Asthma",3,"Both",27,"Age-standardized",1983,"Rate",2.11864576572837,1.78246083201431,2.47943750193663
1,"Deaths",1796,"Hampden County",25013,515,"Asthma",3,"Both",27,"Age-standardized",1984,"Rate",2.17384665136678,1.85446366778022,2.4931022828221
1,"Deaths",1796,"Hampden County",25013,515,"Asthma",3,"Both",27,"Age-standardized",1985,"Rate",2.15402598349743,1.83973754480857,2.49518631012937
1,"Deaths",1796,"Hampden County",25013,515,"Asthma",3,"Both",27,"Age-standardized",1986,"Rate",2.19234947339924,1.88656980554088,2.51480426684892
1,"Deaths",1796,"Hampden County",25013,515,"Asthma",3,"Both",27,"Age-standardized",1987,"Rate",2.22981000826771,1.93170243956792,2.55649739780164
1,"Deaths",1796,"Hampden County",25013,515,"Asthma",3,"Both",27,"Age-standardized",1988,"Rate",2.26461818495788,1.95666376421395,2.59319455368245
1,"Deaths",1796,"Hampden County",25013,515,"Asthma",3,"Both",27,"Age-standardized",1989,"Rate",2.2463056579054,1.95212407115555,2.5744931531102
1,"Deaths",1796,"Hampden County",25013,515,"Asthma",3,"Both",27,"Age-standardized",1990,"Rate",2.20568089323634,1.90539924615857,2.53256565056377
1,"Deaths",1796,"Hampden County",25013,515,"Asthma",3,"Both",27,"Age-standardized",1991,"Rate",2.27444683292504,1.98489148017794,2.59892653841782
1,"Deaths",1796,"Hampden County",25013,515,"Asthma",3,"Both",27,"Age-standardized",1992,"Rate",2.28630989312667,2.00361058237075,2.58682223790564
1,"Deaths",1796,"Hampden County",25013,515,"Asthma",3,"Both",27,"Age-standardized",1993,"Rate",2.33245762194286,2.03607129662234,2.66487981679661
1,"Deaths",1796,"Hampden County",25013,515,"Asthma",3,"Both",27,"Age-standardized",1994,"Rate",2.37625391724775,2.08081932645395,2.70236877896423
1,"Deaths",1796,"Hampden County",25013,515,"Asthma",3,"Both",27,"Age-standardized",1995,"Rate",2.41309890005678,2.10597528136569,2.76792719777796
1,"Deaths",1796,"Hampden County",25013,515,"Asthma",3,"Both",27,"Age-standardized",1996,"Rate",2.36224292326005,2.06767290400084,2.69309092985746
1,"Deaths",1796,"Hampden County",25013,515,"Asthma",3,"Both",27,"Age-standardized",1997,"Rate",2.33944460034161,2.03997042407762,2.68383979231351
1,"Deaths",1796,"Hampden County",25013,515,"Asthma",3,"Both",27,"Age-standardized",1998,"Rate",2.32756631802739,2.03248203840076,2.66048394428497
1,"Deaths",1796,"Hampden County",25013,515,"Asthma",3,"Both",27,"Age-standardized",1999,"Rate",2.1958309267865,1.91884600742425,2.52452841558967
1,"Deaths",1796,"Hampden County",25013,515,"Asthma",3,"Both",27,"Age-standardized",2000,"Rate",2.17350292031713,1.91289080184994,2.51531828102535
1,"Deaths",1796,"Hampden County",25013,515,"Asthma",3,"Both",27,"Age-standardized",2001,"Rate",2.00473454655474,1.74934426899815,2.30344234689828
1,"Deaths",1796,"Hampden County",25013,515,"Asthma",3,"Both",27,"Age-standardized",2002,"Rate",1.97522691401535,1.73775508205016,2.28537243920016
1,"Deaths",1796,"Hampden County",25013,515,"Asthma",3,"Both",27,"Age-standardized",2003,"Rate",1.87333435891327,1.64190777220335,2.16814918044747
1,"Deaths",1796,"Hampden County",25013,515,"Asthma",3,"Both",27,"Age-standardized",2004,"Rate",1.75185954333878,1.52862786022074,2.05593384200874
1,"Deaths",1796,"Hampden County",25013,515,"Asthma",3,"Both",27,"Age-standardized",2005,"Rate",1.67052386619528,1.45205927528546,1.96938974893626
1,"Deaths",1796,"Hampden County",25013,515,"Asthma",3,"Both",27,"Age-standardized",2006,"Rate",1.64389819505774,1.42554321232437,1.91149268604662
1,"Deaths",1796,"Hampden County",25013,515,"Asthma",3,"Both",27,"Age-standardized",2007,"Rate",1.54687405292142,1.34001714442834,1.81397110640139
1,"Deaths",1796,"Hampden County",25013,515,"Asthma",3,"Both",27,"Age-standardized",2008,"Rate",1.46572270540493,1.26722450157079,1.71264535386549
1,"Deaths",1796,"Hampden County",25013,515,"Asthma",3,"Both",27,"Age-standardized",2009,"Rate",1.42205606740628,1.22578402205425,1.67291074245426
1,"Deaths",1796,"Hampden County",25013,515,"Asthma",3,"Both",27,"Age-standardized",2010,"Rate",1.38612022922828,1.18678191283987,1.6423683870006
1,"Deaths",1796,"Hampden County",25013,515,"Asthma",3,"Both",27,"Age-standardized",2011,"Rate",1.37068832288106,1.17806335225347,1.64719201343612
1,"Deaths",1796,"Hampden County",25013,515,"Asthma",3,"Both",27,"Age-standardized",2012,"Rate",1.36442491930514,1.15431601176638,1.66012266740313
1,"Deaths",1796,"Hampden County",25013,515,"Asthma",3,"Both",27,"Age-standardized",2013,"Rate",1.35383385711736,1.14879084381957,1.62162123347451
1,"Deaths",1796,"Hampden County",25013,515,"Asthma",3,"Both",27,"Age-standardized",2014,"Rate",1.36865239418448,1.15407505923376,1.63915951448396
1,"Deaths",1794,"Hampshire County",25015,515,"Asthma",1,"Male",27,"Age-standardized",1980,"Rate",2.49709211359967,1.70868311467317,3.51303495076803
1,"Deaths",1794,"Hampshire County",25015,515,"Asthma",1,"Male",27,"Age-standardized",1981,"Rate",2.40664136864079,1.63358714509106,3.41937416268256
1,"Deaths",1794,"Hampshire County",25015,515,"Asthma",1,"Male",27,"Age-standardized",1982,"Rate",2.2798871526331,1.56926841332091,3.25675383567177
1,"Deaths",1794,"Hampshire County",25015,515,"Asthma",1,"Male",27,"Age-standardized",1983,"Rate",2.23660792880615,1.5188668542592,3.15560045530901
1,"Deaths",1794,"Hampshire County",25015,515,"Asthma",1,"Male",27,"Age-standardized",1984,"Rate",2.18062955211399,1.47593077328369,3.05835681970191
1,"Deaths",1794,"Hampshire County",25015,515,"Asthma",1,"Male",27,"Age-standardized",1985,"Rate",2.07041073915806,1.47584322523247,2.9371567328448
1,"Deaths",1794,"Hampshire County",25015,515,"Asthma",1,"Male",27,"Age-standardized",1986,"Rate",2.05044738245499,1.43215850578852,2.86249680258912
1,"Deaths",1794,"Hampshire County",25015,515,"Asthma",1,"Male",27,"Age-standardized",1987,"Rate",2.01577828505975,1.4112252560189,2.84809474724063
1,"Deaths",1794,"Hampshire County",25015,515,"Asthma",1,"Male",27,"Age-standardized",1988,"Rate",2.02243927605101,1.41871531751731,2.79886458194439
1,"Deaths",1794,"Hampshire County",25015,515,"Asthma",1,"Male",27,"Age-standardized",1989,"Rate",1.96349374793987,1.41275452296805,2.72426126634143
1,"Deaths",1794,"Hampshire County",25015,515,"Asthma",1,"Male",27,"Age-standardized",1990,"Rate",1.936442448336,1.35081428501498,2.71066696691073
1,"Deaths",1794,"Hampshire County",25015,515,"Asthma",1,"Male",27,"Age-standardized",1991,"Rate",1.94191050531404,1.41120599457805,2.68686988343004
1,"Deaths",1794,"Hampshire County",25015,515,"Asthma",1,"Male",27,"Age-standardized",1992,"Rate",1.87407039929499,1.33037448197081,2.58410239133216
1,"Deaths",1794,"Hampshire County",25015,515,"Asthma",1,"Male",27,"Age-standardized",1993,"Rate",1.86932724846288,1.32510302000538,2.55810059652665
1,"Deaths",1794,"Hampshire County",25015,515,"Asthma",1,"Male",27,"Age-standardized",1994,"Rate",1.8490554416535,1.30994241014169,2.57516590153874
1,"Deaths",1794,"Hampshire County",25015,515,"Asthma",1,"Male",27,"Age-standardized",1995,"Rate",1.85195099253999,1.31828090510394,2.53341954918076
1,"Deaths",1794,"Hampshire County",25015,515,"Asthma",1,"Male",27,"Age-standardized",1996,"Rate",1.72900120424236,1.24144187240431,2.34241198793173
1,"Deaths",1794,"Hampshire County",25015,515,"Asthma",1,"Male",27,"Age-standardized",1997,"Rate",1.64809369274782,1.18603790006507,2.26666301160271
1,"Deaths",1794,"Hampshire County",25015,515,"Asthma",1,"Male",27,"Age-standardized",1998,"Rate",1.52626469516006,1.05779012545195,2.10881584204898
1,"Deaths",1794,"Hampshire County",25015,515,"Asthma",1,"Male",27,"Age-standardized",1999,"Rate",1.45164224210377,1.03490423981421,2.00565167755775
1,"Deaths",1794,"Hampshire County",25015,515,"Asthma",1,"Male",27,"Age-standardized",2000,"Rate",1.37903187840384,0.976049595861964,1.91630908285203
1,"Deaths",1794,"Hampshire County",25015,515,"Asthma",1,"Male",27,"Age-standardized",2001,"Rate",1.29195175635246,0.920857234921026,1.76458450141425
1,"Deaths",1794,"Hampshire County",25015,515,"Asthma",1,"Male",27,"Age-standardized",2002,"Rate",1.26569034095588,0.917526981636608,1.7418447862627
1,"Deaths",1794,"Hampshire County",25015,515,"Asthma",1,"Male",27,"Age-standardized",2003,"Rate",1.21703188295073,0.83733678282383,1.67989558012859
1,"Deaths",1794,"Hampshire County",25015,515,"Asthma",1,"Male",27,"Age-standardized",2004,"Rate",1.09998041080495,0.774760244111301,1.51313114590317
1,"Deaths",1794,"Hampshire County",25015,515,"Asthma",1,"Male",27,"Age-standardized",2005,"Rate",1.07889267413959,0.75000028407299,1.47643206248878
1,"Deaths",1794,"Hampshire County",25015,515,"Asthma",1,"Male",27,"Age-standardized",2006,"Rate",1.00577216574607,0.70116795768038,1.39900722197075
1,"Deaths",1794,"Hampshire County",25015,515,"Asthma",1,"Male",27,"Age-standardized",2007,"Rate",0.958601854850178,0.66535658710799,1.32881921941555
1,"Deaths",1794,"Hampshire County",25015,515,"Asthma",1,"Male",27,"Age-standardized",2008,"Rate",0.889506941838315,0.606128914788247,1.24544746363645
1,"Deaths",1794,"Hampshire County",25015,515,"Asthma",1,"Male",27,"Age-standardized",2009,"Rate",0.882932694350829,0.603269829256441,1.24234244324425
1,"Deaths",1794,"Hampshire County",25015,515,"Asthma",1,"Male",27,"Age-standardized",2010,"Rate",0.82763655386823,0.551857032791889,1.16181137900855
1,"Deaths",1794,"Hampshire County",25015,515,"Asthma",1,"Male",27,"Age-standardized",2011,"Rate",0.807838703030117,0.536617423582971,1.16723752101308
1,"Deaths",1794,"Hampshire County",25015,515,"Asthma",1,"Male",27,"Age-standardized",2012,"Rate",0.800812902356346,0.537234975716089,1.14821407583051
1,"Deaths",1794,"Hampshire County",25015,515,"Asthma",1,"Male",27,"Age-standardized",2013,"Rate",0.780981255033429,0.529374475302743,1.1231793066342
1,"Deaths",1794,"Hampshire County",25015,515,"Asthma",1,"Male",27,"Age-standardized",2014,"Rate",0.800295173112972,0.534872965249582,1.18175307164643
1,"Deaths",1794,"Hampshire County",25015,515,"Asthma",2,"Female",27,"Age-standardized",1980,"Rate",2.28148442199476,1.69685323239405,2.89472644788128
1,"Deaths",1794,"Hampshire County",25015,515,"Asthma",2,"Female",27,"Age-standardized",1981,"Rate",2.1928536652249,1.6313152486741,2.76264338872964
1,"Deaths",1794,"Hampshire County",25015,515,"Asthma",2,"Female",27,"Age-standardized",1982,"Rate",2.19670403714682,1.62908466842988,2.75937261591236
1,"Deaths",1794,"Hampshire County",25015,515,"Asthma",2,"Female",27,"Age-standardized",1983,"Rate",2.21126566094965,1.68620451516832,2.73614414073783
1,"Deaths",1794,"Hampshire County",25015,515,"Asthma",2,"Female",27,"Age-standardized",1984,"Rate",2.25061412369754,1.72148632958787,2.83416976096558
1,"Deaths",1794,"Hampshire County",25015,515,"Asthma",2,"Female",27,"Age-standardized",1985,"Rate",2.2909080253765,1.78644239113774,2.86711275788562
1,"Deaths",1794,"Hampshire County",25015,515,"Asthma",2,"Female",27,"Age-standardized",1986,"Rate",2.33333442950414,1.82682715516721,2.8798154622279
1,"Deaths",1794,"Hampshire County",25015,515,"Asthma",2,"Female",27,"Age-standardized",1987,"Rate",2.38716522945665,1.87999044247553,2.95524234100151
1,"Deaths",1794,"Hampshire County",25015,515,"Asthma",2,"Female",27,"Age-standardized",1988,"Rate",2.42001859539175,1.89226293574542,3.00418168772031
1,"Deaths",1794,"Hampshire County",25015,515,"Asthma",2,"Female",27,"Age-standardized",1989,"Rate",2.50244652777846,1.98271905325195,3.1256216364733
1,"Deaths",1794,"Hampshire County",25015,515,"Asthma",2,"Female",27,"Age-standardized",1990,"Rate",2.46214745771185,1.95086162466123,3.04093079788957
1,"Deaths",1794,"Hampshire County",25015,515,"Asthma",2,"Female",27,"Age-standardized",1991,"Rate",2.50462488980177,2.00688436163931,3.07269332116594
1,"Deaths",1794,"Hampshire County",25015,515,"Asthma",2,"Female",27,"Age-standardized",1992,"Rate",2.58282211015631,2.0774161746734,3.19796414195091
1,"Deaths",1794,"Hampshire County",25015,515,"Asthma",2,"Female",27,"Age-standardized",1993,"Rate",2.62567471191253,2.07409015530912,3.24379403361926
1,"Deaths",1794,"Hampshire County",25015,515,"Asthma",2,"Female",27,"Age-standardized",1994,"Rate",2.61738053774104,2.09702602531155,3.1975914085798
1,"Deaths",1794,"Hampshire County",25015,515,"Asthma",2,"Female",27,"Age-standardized",1995,"Rate",2.73407893464806,2.18488869497136,3.3756344756939
1,"Deaths",1794,"Hampshire County",25015,515,"Asthma",2,"Female",27,"Age-standardized",1996,"Rate",2.67834001218347,2.16341474682709,3.34520385041971
1,"Deaths",1794,"Hampshire County",25015,515,"Asthma",2,"Female",27,"Age-standardized",1997,"Rate",2.59648480359314,2.06465652940594,3.2537841151904
1,"Deaths",1794,"Hampshire County",25015,515,"Asthma",2,"Female",27,"Age-standardized",1998,"Rate",2.4380524377269,1.90958987107993,3.05533285681788
1,"Deaths",1794,"Hampshire County",25015,515,"Asthma",2,"Female",27,"Age-standardized",1999,"Rate",2.45121494847788,1.94745760368645,3.08094720009349
1,"Deaths",1794,"Hampshire County",25015,515,"Asthma",2,"Female",27,"Age-standardized",2000,"Rate",2.37963632908448,1.87471487726437,3.00844249847419
1,"Deaths",1794,"Hampshire County",25015,515,"Asthma",2,"Female",27,"Age-standardized",2001,"Rate",2.26804309703179,1.80940474573259,2.87489270050543
1,"Deaths",1794,"Hampshire County",25015,515,"Asthma",2,"Female",27,"Age-standardized",2002,"Rate",2.23188067204527,1.74618017666868,2.86641147581808
1,"Deaths",1794,"Hampshire County",25015,515,"Asthma",2,"Female",27,"Age-standardized",2003,"Rate",2.1530717501782,1.68498022021286,2.73240041382173
1,"Deaths",1794,"Hampshire County",25015,515,"Asthma",2,"Female",27,"Age-standardized",2004,"Rate",1.99315623067157,1.53181705848046,2.59315955564231
1,"Deaths",1794,"Hampshire County",25015,515,"Asthma",2,"Female",27,"Age-standardized",2005,"Rate",1.97500093808571,1.53061346339279,2.62630531100801
1,"Deaths",1794,"Hampshire County",25015,515,"Asthma",2,"Female",27,"Age-standardized",2006,"Rate",1.86504821175206,1.43240359372513,2.49705356147837
1,"Deaths",1794,"Hampshire County",25015,515,"Asthma",2,"Female",27,"Age-standardized",2007,"Rate",1.77435227111899,1.35271391624579,2.37409611200094
1,"Deaths",1794,"Hampshire County",25015,515,"Asthma",2,"Female",27,"Age-standardized",2008,"Rate",1.67050772977073,1.27466124792384,2.19886630145536
1,"Deaths",1794,"Hampshire County",25015,515,"Asthma",2,"Female",27,"Age-standardized",2009,"Rate",1.64474354184447,1.26655525019064,2.1818770705283
1,"Deaths",1794,"Hampshire County",25015,515,"Asthma",2,"Female",27,"Age-standardized",2010,"Rate",1.59229585281181,1.18703340884447,2.15981983951161
1,"Deaths",1794,"Hampshire County",25015,515,"Asthma",2,"Female",27,"Age-standardized",2011,"Rate",1.61644452315813,1.20051938357566,2.22691070702006
1,"Deaths",1794,"Hampshire County",25015,515,"Asthma",2,"Female",27,"Age-standardized",2012,"Rate",1.58028747614037,1.16145311727847,2.14328356616357
1,"Deaths",1794,"Hampshire County",25015,515,"Asthma",2,"Female",27,"Age-standardized",2013,"Rate",1.52732872580377,1.11432820173837,2.13029868076792
1,"Deaths",1794,"Hampshire County",25015,515,"Asthma",2,"Female",27,"Age-standardized",2014,"Rate",1.60403129221233,1.16165330014926,2.26436749049007
1,"Deaths",1794,"Hampshire County",25015,515,"Asthma",3,"Both",27,"Age-standardized",1980,"Rate",2.35592383292665,1.82624514517919,2.91284584753404
1,"Deaths",1794,"Hampshire County",25015,515,"Asthma",3,"Both",27,"Age-standardized",1981,"Rate",2.268925810399,1.80224786336213,2.76635529990281
1,"Deaths",1794,"Hampshire County",25015,515,"Asthma",3,"Both",27,"Age-standardized",1982,"Rate",2.22292097899967,1.78613303742374,2.71737089833921
1,"Deaths",1794,"Hampshire County",25015,515,"Asthma",3,"Both",27,"Age-standardized",1983,"Rate",2.21263483198129,1.7912238336654,2.69170729843779
1,"Deaths",1794,"Hampshire County",25015,515,"Asthma",3,"Both",27,"Age-standardized",1984,"Rate",2.21794633539679,1.79820115356918,2.7120201412869
1,"Deaths",1794,"Hampshire County",25015,515,"Asthma",3,"Both",27,"Age-standardized",1985,"Rate",2.19788862248247,1.78323264823045,2.67945800711356
1,"Deaths",1794,"Hampshire County",25015,515,"Asthma",3,"Both",27,"Age-standardized",1986,"Rate",2.21829113195993,1.81040192784891,2.68125725415871
1,"Deaths",1794,"Hampshire County",25015,515,"Asthma",3,"Both",27,"Age-standardized",1987,"Rate",2.23761624327152,1.84483867011797,2.71134619747616
1,"Deaths",1794,"Hampshire County",25015,515,"Asthma",3,"Both",27,"Age-standardized",1988,"Rate",2.2618992511613,1.83651238523924,2.67156631420493
1,"Deaths",1794,"Hampshire County",25015,515,"Asthma",3,"Both",27,"Age-standardized",1989,"Rate",2.28788127134788,1.87567468495241,2.75106149090014
1,"Deaths",1794,"Hampshire County",25015,515,"Asthma",3,"Both",27,"Age-standardized",1990,"Rate",2.25083131185876,1.86019905113378,2.7081190791994
1,"Deaths",1794,"Hampshire County",25015,515,"Asthma",3,"Both",27,"Age-standardized",1991,"Rate",2.27924919618116,1.86533556269899,2.69855493274579
1,"Deaths",1794,"Hampshire County",25015,515,"Asthma",3,"Both",27,"Age-standardized",1992,"Rate",2.29812956209619,1.91841074710225,2.75117362164041
1,"Deaths",1794,"Hampshire County",25015,515,"Asthma",3,"Both",27,"Age-standardized",1993,"Rate",2.32340038341063,1.90884166403211,2.8017295769116
1,"Deaths",1794,"Hampshire County",25015,515,"Asthma",3,"Both",27,"Age-standardized",1994,"Rate",2.31130547009282,1.91637600522055,2.76939112912224
1,"Deaths",1794,"Hampshire County",25015,515,"Asthma",3,"Both",27,"Age-standardized",1995,"Rate",2.38057433500173,1.97497965386582,2.83515910157518
1,"Deaths",1794,"Hampshire County",25015,515,"Asthma",3,"Both",27,"Age-standardized",1996,"Rate",2.30035759504091,1.9095019882462,2.78871668495096
1,"Deaths",1794,"Hampshire County",25015,515,"Asthma",3,"Both",27,"Age-standardized",1997,"Rate",2.21803459748258,1.84996083391245,2.66927090685851
1,"Deaths",1794,"Hampshire County",25015,515,"Asthma",3,"Both",27,"Age-standardized",1998,"Rate",2.07606033031302,1.70620227959029,2.51569077721592
1,"Deaths",1794,"Hampshire County",25015,515,"Asthma",3,"Both",27,"Age-standardized",1999,"Rate",2.05276643727405,1.68922369597921,2.46850951085069
1,"Deaths",1794,"Hampshire County",25015,515,"Asthma",3,"Both",27,"Age-standardized",2000,"Rate",1.97809993714687,1.61635474298443,2.40908425274959
1,"Deaths",1794,"Hampshire County",25015,515,"Asthma",3,"Both",27,"Age-standardized",2001,"Rate",1.87766954025446,1.54472525676639,2.29717881629567
1,"Deaths",1794,"Hampshire County",25015,515,"Asthma",3,"Both",27,"Age-standardized",2002,"Rate",1.84542591944178,1.51808278555861,2.26710726256362
1,"Deaths",1794,"Hampshire County",25015,515,"Asthma",3,"Both",27,"Age-standardized",2003,"Rate",1.77749085586148,1.44722966545493,2.17883724195004
1,"Deaths",1794,"Hampshire County",25015,515,"Asthma",3,"Both",27,"Age-standardized",2004,"Rate",1.63194348419248,1.31159838058596,2.01800050737031
1,"Deaths",1794,"Hampshire County",25015,515,"Asthma",3,"Both",27,"Age-standardized",2005,"Rate",1.61579280716576,1.31665635483079,2.01902009630249
1,"Deaths",1794,"Hampshire County",25015,515,"Asthma",3,"Both",27,"Age-standardized",2006,"Rate",1.51546414165536,1.22126852546523,1.91737826171594
1,"Deaths",1794,"Hampshire County",25015,515,"Asthma",3,"Both",27,"Age-standardized",2007,"Rate",1.44239987004554,1.17127093827299,1.84602161083841
1,"Deaths",1794,"Hampshire County",25015,515,"Asthma",3,"Both",27,"Age-standardized",2008,"Rate",1.35201286165832,1.10020350084439,1.69037379630387
1,"Deaths",1794,"Hampshire County",25015,515,"Asthma",3,"Both",27,"Age-standardized",2009,"Rate",1.33588134756401,1.07435374787512,1.68911549835383
1,"Deaths",1794,"Hampshire County",25015,515,"Asthma",3,"Both",27,"Age-standardized",2010,"Rate",1.27766269918956,1.01817118192775,1.63525587765643
1,"Deaths",1794,"Hampshire County",25015,515,"Asthma",3,"Both",27,"Age-standardized",2011,"Rate",1.28226778535238,1.0227689591743,1.65381779447843
1,"Deaths",1794,"Hampshire County",25015,515,"Asthma",3,"Both",27,"Age-standardized",2012,"Rate",1.25801676753507,0.990821439709925,1.60372654558505
1,"Deaths",1794,"Hampshire County",25015,515,"Asthma",3,"Both",27,"Age-standardized",2013,"Rate",1.21707467285682,0.946833043918173,1.59477405616617
1,"Deaths",1794,"Hampshire County",25015,515,"Asthma",3,"Both",27,"Age-standardized",2014,"Rate",1.27209324950824,0.985885984807274,1.6704370904983
1,"Deaths",1792,"Middlesex County",25017,515,"Asthma",1,"Male",27,"Age-standardized",1980,"Rate",2.46370192564505,1.9322729421843,3.1125175591946
1,"Deaths",1792,"Middlesex County",25017,515,"Asthma",1,"Male",27,"Age-standardized",1981,"Rate",2.25993649778158,1.79406399096648,2.84197561835787
1,"Deaths",1792,"Middlesex County",25017,515,"Asthma",1,"Male",27,"Age-standardized",1982,"Rate",2.05422612761565,1.63324941366886,2.52694669273028
1,"Deaths",1792,"Middlesex County",25017,515,"Asthma",1,"Male",27,"Age-standardized",1983,"Rate",2.01190558627121,1.6219551274149,2.49331251129686
1,"Deaths",1792,"Middlesex County",25017,515,"Asthma",1,"Male",27,"Age-standardized",1984,"Rate",2.06317587913395,1.65564564722282,2.55460119342973
1,"Deaths",1792,"Middlesex County",25017,515,"Asthma",1,"Male",27,"Age-standardized",1985,"Rate",1.88304699522531,1.50505653783748,2.29763540721465
1,"Deaths",1792,"Middlesex County",25017,515,"Asthma",1,"Male",27,"Age-standardized",1986,"Rate",1.91879598871701,1.55937945398107,2.33713394192492
1,"Deaths",1792,"Middlesex County",25017,515,"Asthma",1,"Male",27,"Age-standardized",1987,"Rate",1.82158332261595,1.48311198701581,2.22854560521049
1,"Deaths",1792,"Middlesex County",25017,515,"Asthma",1,"Male",27,"Age-standardized",1988,"Rate",1.77952174926179,1.43862278165585,2.15135262911254
1,"Deaths",1792,"Middlesex County",25017,515,"Asthma",1,"Male",27,"Age-standardized",1989,"Rate",1.74375210661332,1.41520652145582,2.10578700291287
1,"Deaths",1792,"Middlesex County",25017,515,"Asthma",1,"Male",27,"Age-standardized",1990,"Rate",1.78679218933928,1.45489937494736,2.14230898302773
1,"Deaths",1792,"Middlesex County",25017,515,"Asthma",1,"Male",27,"Age-standardized",1991,"Rate",1.74873552218244,1.41946833470909,2.13485646528334
1,"Deaths",1792,"Middlesex County",25017,515,"Asthma",1,"Male",27,"Age-standardized",1992,"Rate",1.68737146477459,1.37572867089794,2.08082538258033
1,"Deaths",1792,"Middlesex County",25017,515,"Asthma",1,"Male",27,"Age-standardized",1993,"Rate",1.63285351074344,1.33853928918023,1.97595044433562
1,"Deaths",1792,"Middlesex County",25017,515,"Asthma",1,"Male",27,"Age-standardized",1994,"Rate",1.64951194229972,1.36415455597576,1.98717557953804
1,"Deaths",1792,"Middlesex County",25017,515,"Asthma",1,"Male",27,"Age-standardized",1995,"Rate",1.60748972030336,1.32472713860051,1.92205924853666
1,"Deaths",1792,"Middlesex County",25017,515,"Asthma",1,"Male",27,"Age-standardized",1996,"Rate",1.49538540376329,1.22466826605241,1.80398727684173
1,"Deaths",1792,"Middlesex County",25017,515,"Asthma",1,"Male",27,"Age-standardized",1997,"Rate",1.47500882348195,1.22395665347487,1.75935822868957
1,"Deaths",1792,"Middlesex County",25017,515,"Asthma",1,"Male",27,"Age-standardized",1998,"Rate",1.3667948416612,1.12861656193958,1.65879507866651
1,"Deaths",1792,"Middlesex County",25017,515,"Asthma",1,"Male",27,"Age-standardized",1999,"Rate",1.26315264713768,1.04025365170813,1.52008025691606
1,"Deaths",1792,"Middlesex County",25017,515,"Asthma",1,"Male",27,"Age-standardized",2000,"Rate",1.18499904690406,0.971757853686516,1.43549675592645
1,"Deaths",1792,"Middlesex County",25017,515,"Asthma",1,"Male",27,"Age-standardized",2001,"Rate",1.12812887786254,0.929661220555883,1.36037238666108
1,"Deaths",1792,"Middlesex County",25017,515,"Asthma",1,"Male",27,"Age-standardized",2002,"Rate",1.0134873529741,0.817456876777618,1.2365324072503
1,"Deaths",1792,"Middlesex County",25017,515,"Asthma",1,"Male",27,"Age-standardized",2003,"Rate",0.950112004739592,0.7816310794084,1.14590399892252
1,"Deaths",1792,"Middlesex County",25017,515,"Asthma",1,"Male",27,"Age-standardized",2004,"Rate",0.939074654246862,0.762502410554171,1.13169735819766
1,"Deaths",1792,"Middlesex County",25017,515,"Asthma",1,"Male",27,"Age-standardized",2005,"Rate",0.872251876569239,0.705215630125126,1.07111166949163
1,"Deaths",1792,"Middlesex County",25017,515,"Asthma",1,"Male",27,"Age-standardized",2006,"Rate",0.780531273111737,0.633478268811849,0.948752619252743
1,"Deaths",1792,"Middlesex County",25017,515,"Asthma",1,"Male",27,"Age-standardized",2007,"Rate",0.761292321793901,0.612289229266582,0.942472508998495
1,"Deaths",1792,"Middlesex County",25017,515,"Asthma",1,"Male",27,"Age-standardized",2008,"Rate",0.717994555647498,0.58646748635572,0.880395549494492
1,"Deaths",1792,"Middlesex County",25017,515,"Asthma",1,"Male",27,"Age-standardized",2009,"Rate",0.687482956280863,0.556309242573382,0.851659292197
1,"Deaths",1792,"Middlesex County",25017,515,"Asthma",1,"Male",27,"Age-standardized",2010,"Rate",0.64187750489196,0.510244441766291,0.793707382868422
1,"Deaths",1792,"Middlesex County",25017,515,"Asthma",1,"Male",27,"Age-standardized",2011,"Rate",0.663556853010626,0.531084441510867,0.822844321446791
1,"Deaths",1792,"Middlesex County",25017,515,"Asthma",1,"Male",27,"Age-standardized",2012,"Rate",0.634215531587049,0.506778080226688,0.799392532683604
1,"Deaths",1792,"Middlesex County",25017,515,"Asthma",1,"Male",27,"Age-standardized",2013,"Rate",0.592444029109297,0.466847001601206,0.75896843467378
1,"Deaths",1792,"Middlesex County",25017,515,"Asthma",1,"Male",27,"Age-standardized",2014,"Rate",0.582790662900675,0.456462122151522,0.743339637828086
1,"Deaths",1792,"Middlesex County",25017,515,"Asthma",2,"Female",27,"Age-standardized",1980,"Rate",1.95566072623646,1.56073557026657,2.31261196817946
1,"Deaths",1792,"Middlesex County",25017,515,"Asthma",2,"Female",27,"Age-standardized",1981,"Rate",1.8821713347766,1.52833961596293,2.20262710882875
1,"Deaths",1792,"Middlesex County",25017,515,"Asthma",2,"Female",27,"Age-standardized",1982,"Rate",1.794299064101,1.47147838526532,2.10407121681468
1,"Deaths",1792,"Middlesex County",25017,515,"Asthma",2,"Female",27,"Age-standardized",1983,"Rate",1.80805712249159,1.47685812903736,2.10801649399126
1,"Deaths",1792,"Middlesex County",25017,515,"Asthma",2,"Female",27,"Age-standardized",1984,"Rate",1.87391338575274,1.57818485633491,2.17052906143138
1,"Deaths",1792,"Middlesex County",25017,515,"Asthma",2,"Female",27,"Age-standardized",1985,"Rate",1.87861593106308,1.59494190117856,2.16575411403969
1,"Deaths",1792,"Middlesex County",25017,515,"Asthma",2,"Female",27,"Age-standardized",1986,"Rate",1.91955017092617,1.62430439486927,2.19939051069653
1,"Deaths",1792,"Middlesex County",25017,515,"Asthma",2,"Female",27,"Age-standardized",1987,"Rate",1.88919597072503,1.60363906208929,2.16798186856823
1,"Deaths",1792,"Middlesex County",25017,515,"Asthma",2,"Female",27,"Age-standardized",1988,"Rate",1.90760012676176,1.63322155707729,2.17414169598526
1,"Deaths",1792,"Middlesex County",25017,515,"Asthma",2,"Female",27,"Age-standardized",1989,"Rate",1.87075351214754,1.61369406221018,2.13662443976904
1,"Deaths",1792,"Middlesex County",25017,515,"Asthma",2,"Female",27,"Age-standardized",1990,"Rate",1.85921328063983,1.60812339068393,2.131636004962
1,"Deaths",1792,"Middlesex County",25017,515,"Asthma",2,"Female",27,"Age-standardized",1991,"Rate",1.9141360286107,1.66483860800256,2.1834915373667
1,"Deaths",1792,"Middlesex County",25017,515,"Asthma",2,"Female",27,"Age-standardized",1992,"Rate",1.8774685616592,1.63109958175248,2.14915166372963
1,"Deaths",1792,"Middlesex County",25017,515,"Asthma",2,"Female",27,"Age-standardized",1993,"Rate",1.96520550898454,1.70303210755059,2.24416014904992
1,"Deaths",1792,"Middlesex County",25017,515,"Asthma",2,"Female",27,"Age-standardized",1994,"Rate",1.90583862177831,1.66267380224236,2.16901792325998
1,"Deaths",1792,"Middlesex County",25017,515,"Asthma",2,"Female",27,"Age-standardized",1995,"Rate",1.9700611376536,1.72409301642267,2.24980714287937
1,"Deaths",1792,"Middlesex County",25017,515,"Asthma",2,"Female",27,"Age-standardized",1996,"Rate",1.86713687655741,1.62355486468283,2.15426603349588
1,"Deaths",1792,"Middlesex County",25017,515,"Asthma",2,"Female",27,"Age-standardized",1997,"Rate",1.78178467472541,1.54635417760588,2.05379836072031
1,"Deaths",1792,"Middlesex County",25017,515,"Asthma",2,"Female",27,"Age-standardized",1998,"Rate",1.78176933759521,1.5507276390404,2.0569029038812
1,"Deaths",1792,"Middlesex County",25017,515,"Asthma",2,"Female",27,"Age-standardized",1999,"Rate",1.65515671540251,1.43607771821626,1.9254329546535
1,"Deaths",1792,"Middlesex County",25017,515,"Asthma",2,"Female",27,"Age-standardized",2000,"Rate",1.59292217103676,1.392446652541,1.84900057981679
1,"Deaths",1792,"Middlesex County",25017,515,"Asthma",2,"Female",27,"Age-standardized",2001,"Rate",1.43857202892174,1.23815100176976,1.68072601422906
1,"Deaths",1792,"Middlesex County",25017,515,"Asthma",2,"Female",27,"Age-standardized",2002,"Rate",1.37976122995529,1.19507187631512,1.63730844746019
1,"Deaths",1792,"Middlesex County",25017,515,"Asthma",2,"Female",27,"Age-standardized",2003,"Rate",1.29563922827633,1.11020000721214,1.51107949464196
1,"Deaths",1792,"Middlesex County",25017,515,"Asthma",2,"Female",27,"Age-standardized",2004,"Rate",1.22269712738922,1.03348880930343,1.43884982855369
1,"Deaths",1792,"Middlesex County",25017,515,"Asthma",2,"Female",27,"Age-standardized",2005,"Rate",1.16179096839054,0.98698752229071,1.39028090065375
1,"Deaths",1792,"Middlesex County",25017,515,"Asthma",2,"Female",27,"Age-standardized",2006,"Rate",1.07838466574333,0.911495242690398,1.28042618831161
1,"Deaths",1792,"Middlesex County",25017,515,"Asthma",2,"Female",27,"Age-standardized",2007,"Rate",0.992752691538988,0.837654865619798,1.19204852018576
1,"Deaths",1792,"Middlesex County",25017,515,"Asthma",2,"Female",27,"Age-standardized",2008,"Rate",0.94818511644126,0.800631521769857,1.12717345464727
1,"Deaths",1792,"Middlesex County",25017,515,"Asthma",2,"Female",27,"Age-standardized",2009,"Rate",0.897032449561695,0.746046901343473,1.08823643427559
1,"Deaths",1792,"Middlesex County",25017,515,"Asthma",2,"Female",27,"Age-standardized",2010,"Rate",0.870649261492388,0.720111022706766,1.06604119258984
1,"Deaths",1792,"Middlesex County",25017,515,"Asthma",2,"Female",27,"Age-standardized",2011,"Rate",0.865014728561075,0.711397466697424,1.05068770759109
1,"Deaths",1792,"Middlesex County",25017,515,"Asthma",2,"Female",27,"Age-standardized",2012,"Rate",0.823091720516035,0.671397401758116,1.02679127624954
1,"Deaths",1792,"Middlesex County",25017,515,"Asthma",2,"Female",27,"Age-standardized",2013,"Rate",0.80525501268872,0.65221532625961,0.9972802598919
1,"Deaths",1792,"Middlesex County",25017,515,"Asthma",2,"Female",27,"Age-standardized",2014,"Rate",0.803329706036066,0.650270126300833,1.00968286903243
1,"Deaths",1792,"Middlesex County",25017,515,"Asthma",3,"Both",27,"Age-standardized",1980,"Rate",2.13629248165467,1.81210817449849,2.44579980967639
1,"Deaths",1792,"Middlesex County",25017,515,"Asthma",3,"Both",27,"Age-standardized",1981,"Rate",2.01234005583002,1.70892154373706,2.3158509735765
1,"Deaths",1792,"Middlesex County",25017,515,"Asthma",3,"Both",27,"Age-standardized",1982,"Rate",1.88195518511352,1.59552494522271,2.14635504244756
1,"Deaths",1792,"Middlesex County",25017,515,"Asthma",3,"Both",27,"Age-standardized",1983,"Rate",1.87758179743226,1.61201807837176,2.13671362445042
1,"Deaths",1792,"Middlesex County",25017,515,"Asthma",3,"Both",27,"Age-standardized",1984,"Rate",1.93880928352003,1.67177657781155,2.18516266515456
1,"Deaths",1792,"Middlesex County",25017,515,"Asthma",3,"Both",27,"Age-standardized",1985,"Rate",1.87267151651609,1.62605634480669,2.11952091525532
1,"Deaths",1792,"Middlesex County",25017,515,"Asthma",3,"Both",27,"Age-standardized",1986,"Rate",1.91403705098404,1.68091056782653,2.14604852367239
1,"Deaths",1792,"Middlesex County",25017,515,"Asthma",3,"Both",27,"Age-standardized",1987,"Rate",1.86009197001102,1.62354242981339,2.09806975818993
1,"Deaths",1792,"Middlesex County",25017,515,"Asthma",3,"Both",27,"Age-standardized",1988,"Rate",1.85529644409168,1.637168825504,2.0823420242127
1,"Deaths",1792,"Middlesex County",25017,515,"Asthma",3,"Both",27,"Age-standardized",1989,"Rate",1.8214648175407,1.60334629468636,2.02055145195786
1,"Deaths",1792,"Middlesex County",25017,515,"Asthma",3,"Both",27,"Age-standardized",1990,"Rate",1.82889966119325,1.61972458323709,2.04748826044185
1,"Deaths",1792,"Middlesex County",25017,515,"Asthma",3,"Both",27,"Age-standardized",1991,"Rate",1.85116293614926,1.64464335733725,2.06584140845449
1,"Deaths",1792,"Middlesex County",25017,515,"Asthma",3,"Both",27,"Age-standardized",1992,"Rate",1.80557960847652,1.62071354308704,2.01151276421653
1,"Deaths",1792,"Middlesex County",25017,515,"Asthma",3,"Both",27,"Age-standardized",1993,"Rate",1.84136160321005,1.63942886117127,2.05735558187631
1,"Deaths",1792,"Middlesex County",25017,515,"Asthma",3,"Both",27,"Age-standardized",1994,"Rate",1.81119996696745,1.62109032153442,2.03243148764579
1,"Deaths",1792,"Middlesex County",25017,515,"Asthma",3,"Both",27,"Age-standardized",1995,"Rate",1.83324646540338,1.62651426397014,2.06279424605138
1,"Deaths",1792,"Middlesex County",25017,515,"Asthma",3,"Both",27,"Age-standardized",1996,"Rate",1.72689205463335,1.54013831523694,1.9388381164694
1,"Deaths",1792,"Middlesex County",25017,515,"Asthma",3,"Both",27,"Age-standardized",1997,"Rate",1.67004419807997,1.49745861355596,1.86719999577812
1,"Deaths",1792,"Middlesex County",25017,515,"Asthma",3,"Both",27,"Age-standardized",1998,"Rate",1.62658901324151,1.45258697275054,1.8232072069841
1,"Deaths",1792,"Middlesex County",25017,515,"Asthma",3,"Both",27,"Age-standardized",1999,"Rate",1.5088561482191,1.34838912265929,1.69611173337823
1,"Deaths",1792,"Middlesex County",25017,515,"Asthma",3,"Both",27,"Age-standardized",2000,"Rate",1.43963534348888,1.27899308909042,1.62849497302226
1,"Deaths",1792,"Middlesex County",25017,515,"Asthma",3,"Both",27,"Age-standardized",2001,"Rate",1.32353642203358,1.17117193398986,1.49611052876484
1,"Deaths",1792,"Middlesex County",25017,515,"Asthma",3,"Both",27,"Age-standardized",2002,"Rate",1.23969476877167,1.09102700727856,1.42202459237961
1,"Deaths",1792,"Middlesex County",25017,515,"Asthma",3,"Both",27,"Age-standardized",2003,"Rate",1.16347482666443,1.02871485867796,1.3259516408653
1,"Deaths",1792,"Middlesex County",25017,515,"Asthma",3,"Both",27,"Age-standardized",2004,"Rate",1.11631881828696,0.98110826998807,1.28669884148284
1,"Deaths",1792,"Middlesex County",25017,515,"Asthma",3,"Both",27,"Age-standardized",2005,"Rate",1.05246887075853,0.919874802762739,1.20512125370391
1,"Deaths",1792,"Middlesex County",25017,515,"Asthma",3,"Both",27,"Age-standardized",2006,"Rate",0.96439753488903,0.841145185612286,1.1145880274832
1,"Deaths",1792,"Middlesex County",25017,515,"Asthma",3,"Both",27,"Age-standardized",2007,"Rate",0.90445113680247,0.792653416826685,1.04497985559726
1,"Deaths",1792,"Middlesex County",25017,515,"Asthma",3,"Both",27,"Age-standardized",2008,"Rate",0.860002739565802,0.755279609426956,0.994994431067856
1,"Deaths",1792,"Middlesex County",25017,515,"Asthma",3,"Both",27,"Age-standardized",2009,"Rate",0.815604062123692,0.706238382241226,0.94563405441882
1,"Deaths",1792,"Middlesex County",25017,515,"Asthma",3,"Both",27,"Age-standardized",2010,"Rate",0.780830668044811,0.679788847736982,0.915340783044948
1,"Deaths",1792,"Middlesex County",25017,515,"Asthma",3,"Both",27,"Age-standardized",2011,"Rate",0.786706137128485,0.680291089878912,0.937621191616357
1,"Deaths",1792,"Middlesex County",25017,515,"Asthma",3,"Both",27,"Age-standardized",2012,"Rate",0.750623717030908,0.643752226548956,0.887789012977006
1,"Deaths",1792,"Middlesex County",25017,515,"Asthma",3,"Both",27,"Age-standardized",2013,"Rate",0.721187215767897,0.611745893203013,0.859710165892976
1,"Deaths",1792,"Middlesex County",25017,515,"Asthma",3,"Both",27,"Age-standardized",2014,"Rate",0.714911576022226,0.609723838646197,0.864157743675479
1,"Deaths",1802,"Nantucket County",25019,515,"Asthma",1,"Male",27,"Age-standardized",1980,"Rate",1.9015507508221,0.714164217919872,4.12838833536627
1,"Deaths",1802,"Nantucket County",25019,515,"Asthma",1,"Male",27,"Age-standardized",1981,"Rate",1.7855030843811,0.646046905147139,3.8639622292465
1,"Deaths",1802,"Nantucket County",25019,515,"Asthma",1,"Male",27,"Age-standardized",1982,"Rate",1.6705002038918,0.588284728452792,3.79344759409617
1,"Deaths",1802,"Nantucket County",25019,515,"Asthma",1,"Male",27,"Age-standardized",1983,"Rate",1.62657352122738,0.588600169445217,3.57473023727029
1,"Deaths",1802,"Nantucket County",25019,515,"Asthma",1,"Male",27,"Age-standardized",1984,"Rate",1.51541789558441,0.56164011513196,3.45943238249025
1,"Deaths",1802,"Nantucket County",25019,515,"Asthma",1,"Male",27,"Age-standardized",1985,"Rate",1.47905032451662,0.557752284937601,3.32394514292215
1,"Deaths",1802,"Nantucket County",25019,515,"Asthma",1,"Male",27,"Age-standardized",1986,"Rate",1.43323285981814,0.52254985141448,3.18273612222101
1,"Deaths",1802,"Nantucket County",25019,515,"Asthma",1,"Male",27,"Age-standardized",1987,"Rate",1.39250796883098,0.529703046472782,3.0833492681944
1,"Deaths",1802,"Nantucket County",25019,515,"Asthma",1,"Male",27,"Age-standardized",1988,"Rate",1.36189062224953,0.496311824241674,2.99331835607896
1,"Deaths",1802,"Nantucket County",25019,515,"Asthma",1,"Male",27,"Age-standardized",1989,"Rate",1.32033342314357,0.50373257421127,2.91355442672315
1,"Deaths",1802,"Nantucket County",25019,515,"Asthma",1,"Male",27,"Age-standardized",1990,"Rate",1.28534132167563,0.465683817654173,2.84232348412197
1,"Deaths",1802,"Nantucket County",25019,515,"Asthma",1,"Male",27,"Age-standardized",1991,"Rate",1.25712811230328,0.458259079167898,2.82539765128891
1,"Deaths",1802,"Nantucket County",25019,515,"Asthma",1,"Male",27,"Age-standardized",1992,"Rate",1.22679380470479,0.455945445676283,2.79839394397108
1,"Deaths",1802,"Nantucket County",25019,515,"Asthma",1,"Male",27,"Age-standardized",1993,"Rate",1.22370840412792,0.450437482580405,2.72790180398178
1,"Deaths",1802,"Nantucket County",25019,515,"Asthma",1,"Male",27,"Age-standardized",1994,"Rate",1.20842066691007,0.4454919223957,2.68133388249323
1,"Deaths",1802,"Nantucket County",25019,515,"Asthma",1,"Male",27,"Age-standardized",1995,"Rate",1.1808240716285,0.421152694364657,2.59177606107215
1,"Deaths",1802,"Nantucket County",25019,515,"Asthma",1,"Male",27,"Age-standardized",1996,"Rate",1.12162105642262,0.417998082195514,2.47217242680052
1,"Deaths",1802,"Nantucket County",25019,515,"Asthma",1,"Male",27,"Age-standardized",1997,"Rate",1.08734706726397,0.404678163208985,2.41205538155551
1,"Deaths",1802,"Nantucket County",25019,515,"Asthma",1,"Male",27,"Age-standardized",1998,"Rate",1.02301565534382,0.364748442941987,2.36089592545915
1,"Deaths",1802,"Nantucket County",25019,515,"Asthma",1,"Male",27,"Age-standardized",1999,"Rate",0.950630321276349,0.321801980793992,2.16675017992213
1,"Deaths",1802,"Nantucket County",25019,515,"Asthma",1,"Male",27,"Age-standardized",2000,"Rate",0.904829331574211,0.32924633262537,2.01174698205033
1,"Deaths",1802,"Nantucket County",25019,515,"Asthma",1,"Male",27,"Age-standardized",2001,"Rate",0.838591274172242,0.29568199907069,1.88097866422251
1,"Deaths",1802,"Nantucket County",25019,515,"Asthma",1,"Male",27,"Age-standardized",2002,"Rate",0.804784921137633,0.266179872015834,1.8369311501006
1,"Deaths",1802,"Nantucket County",25019,515,"Asthma",1,"Male",27,"Age-standardized",2003,"Rate",0.759558548799957,0.254255961034118,1.82412960967042
1,"Deaths",1802,"Nantucket County",25019,515,"Asthma",1,"Male",27,"Age-standardized",2004,"Rate",0.673003766910571,0.236458851950667,1.57707686588014
1,"Deaths",1802,"Nantucket County",25019,515,"Asthma",1,"Male",27,"Age-standardized",2005,"Rate",0.631273944691473,0.212714749345062,1.41906475205951
1,"Deaths",1802,"Nantucket County",25019,515,"Asthma",1,"Male",27,"Age-standardized",2006,"Rate",0.591176161244205,0.192696352289696,1.3411306957478
1,"Deaths",1802,"Nantucket County",25019,515,"Asthma",1,"Male",27,"Age-standardized",2007,"Rate",0.559239674278706,0.179262510642332,1.29460610659692
1,"Deaths",1802,"Nantucket County",25019,515,"Asthma",1,"Male",27,"Age-standardized",2008,"Rate",0.542537198134566,0.171818342864251,1.3195332654255
1,"Deaths",1802,"Nantucket County",25019,515,"Asthma",1,"Male",27,"Age-standardized",2009,"Rate",0.513589859217312,0.156600844233503,1.25259155294348
1,"Deaths",1802,"Nantucket County",25019,515,"Asthma",1,"Male",27,"Age-standardized",2010,"Rate",0.491894087209698,0.151462490407667,1.23849231374541
1,"Deaths",1802,"Nantucket County",25019,515,"Asthma",1,"Male",27,"Age-standardized",2011,"Rate",0.476305083987147,0.142605477615436,1.13828857671405
1,"Deaths",1802,"Nantucket County",25019,515,"Asthma",1,"Male",27,"Age-standardized",2012,"Rate",0.464201019003279,0.137023908931737,1.1677768863541
1,"Deaths",1802,"Nantucket County",25019,515,"Asthma",1,"Male",27,"Age-standardized",2013,"Rate",0.459440428811185,0.132765952835453,1.17635353098901
1,"Deaths",1802,"Nantucket County",25019,515,"Asthma",1,"Male",27,"Age-standardized",2014,"Rate",0.431227675706699,0.123458608646538,1.10027605297982
1,"Deaths",1802,"Nantucket County",25019,515,"Asthma",2,"Female",27,"Age-standardized",1980,"Rate",1.30978799142029,0.554020236201525,2.56276324970136
1,"Deaths",1802,"Nantucket County",25019,515,"Asthma",2,"Female",27,"Age-standardized",1981,"Rate",1.26628553638609,0.551004770005091,2.43627781061603
1,"Deaths",1802,"Nantucket County",25019,515,"Asthma",2,"Female",27,"Age-standardized",1982,"Rate",1.22111684925833,0.533633818246906,2.3572894677937
1,"Deaths",1802,"Nantucket County",25019,515,"Asthma",2,"Female",27,"Age-standardized",1983,"Rate",1.22268066722985,0.525916029289385,2.39612614413943
1,"Deaths",1802,"Nantucket County",25019,515,"Asthma",2,"Female",27,"Age-standardized",1984,"Rate",1.20773604089431,0.538749661296511,2.28638936118629
1,"Deaths",1802,"Nantucket County",25019,515,"Asthma",2,"Female",27,"Age-standardized",1985,"Rate",1.21403709013843,0.541652004367131,2.32421633284137
1,"Deaths",1802,"Nantucket County",25019,515,"Asthma",2,"Female",27,"Age-standardized",1986,"Rate",1.20934650019517,0.534622544008397,2.30396705277732
1,"Deaths",1802,"Nantucket County",25019,515,"Asthma",2,"Female",27,"Age-standardized",1987,"Rate",1.21560012594322,0.540415645050132,2.25090681113025
1,"Deaths",1802,"Nantucket County",25019,515,"Asthma",2,"Female",27,"Age-standardized",1988,"Rate",1.22620408174198,0.539037286462785,2.34370204589624
1,"Deaths",1802,"Nantucket County",25019,515,"Asthma",2,"Female",27,"Age-standardized",1989,"Rate",1.2152485501291,0.542684626603004,2.34833591943484
1,"Deaths",1802,"Nantucket County",25019,515,"Asthma",2,"Female",27,"Age-standardized",1990,"Rate",1.1899750955518,0.533062350326648,2.23111017806235
1,"Deaths",1802,"Nantucket County",25019,515,"Asthma",2,"Female",27,"Age-standardized",1991,"Rate",1.21203765367902,0.526047070665056,2.26890502746002
1,"Deaths",1802,"Nantucket County",25019,515,"Asthma",2,"Female",27,"Age-standardized",1992,"Rate",1.20941206259794,0.53000167625944,2.33710131071878
1,"Deaths",1802,"Nantucket County",25019,515,"Asthma",2,"Female",27,"Age-standardized",1993,"Rate",1.23691371817695,0.539696586594782,2.34287957796453
1,"Deaths",1802,"Nantucket County",25019,515,"Asthma",2,"Female",27,"Age-standardized",1994,"Rate",1.24557593061903,0.539166877102905,2.39999901191019
1,"Deaths",1802,"Nantucket County",25019,515,"Asthma",2,"Female",27,"Age-standardized",1995,"Rate",1.26385065947283,0.553146935495282,2.45845609336939
1,"Deaths",1802,"Nantucket County",25019,515,"Asthma",2,"Female",27,"Age-standardized",1996,"Rate",1.24210749843628,0.529159977653538,2.40802032082789
1,"Deaths",1802,"Nantucket County",25019,515,"Asthma",2,"Female",27,"Age-standardized",1997,"Rate",1.21976033847671,0.509140357537829,2.38526390433867
1,"Deaths",1802,"Nantucket County",25019,515,"Asthma",2,"Female",27,"Age-standardized",1998,"Rate",1.18242605277276,0.508762629508139,2.33552068494668
1,"Deaths",1802,"Nantucket County",25019,515,"Asthma",2,"Female",27,"Age-standardized",1999,"Rate",1.13418518116085,0.479601413588442,2.20747840614224
1,"Deaths",1802,"Nantucket County",25019,515,"Asthma",2,"Female",27,"Age-standardized",2000,"Rate",1.08823960717498,0.459168532379102,2.14097018356577
1,"Deaths",1802,"Nantucket County",25019,515,"Asthma",2,"Female",27,"Age-standardized",2001,"Rate",1.01552191953833,0.415865810293955,2.05297034504326
1,"Deaths",1802,"Nantucket County",25019,515,"Asthma",2,"Female",27,"Age-standardized",2002,"Rate",0.955036533749648,0.382407374572568,1.98807372353917
1,"Deaths",1802,"Nantucket County",25019,515,"Asthma",2,"Female",27,"Age-standardized",2003,"Rate",0.914289469016095,0.358596063706978,1.91265912523933
1,"Deaths",1802,"Nantucket County",25019,515,"Asthma",2,"Female",27,"Age-standardized",2004,"Rate",0.831498067162738,0.317268201973336,1.76826644747484
1,"Deaths",1802,"Nantucket County",25019,515,"Asthma",2,"Female",27,"Age-standardized",2005,"Rate",0.781733493899002,0.299043371468885,1.63648311422373
1,"Deaths",1802,"Nantucket County",25019,515,"Asthma",2,"Female",27,"Age-standardized",2006,"Rate",0.749737768445813,0.278364818587406,1.60838689715665
1,"Deaths",1802,"Nantucket County",25019,515,"Asthma",2,"Female",27,"Age-standardized",2007,"Rate",0.690970402234768,0.265690806345237,1.46756012127706
1,"Deaths",1802,"Nantucket County",25019,515,"Asthma",2,"Female",27,"Age-standardized",2008,"Rate",0.65908740961916,0.243442241848334,1.40518080378374
1,"Deaths",1802,"Nantucket County",25019,515,"Asthma",2,"Female",27,"Age-standardized",2009,"Rate",0.636583577437496,0.228023576590608,1.3942704749492
1,"Deaths",1802,"Nantucket County",25019,515,"Asthma",2,"Female",27,"Age-standardized",2010,"Rate",0.619950720882955,0.21373301577466,1.35306618856904
1,"Deaths",1802,"Nantucket County",25019,515,"Asthma",2,"Female",27,"Age-standardized",2011,"Rate",0.615842128045081,0.211268368598541,1.3723339550223
1,"Deaths",1802,"Nantucket County",25019,515,"Asthma",2,"Female",27,"Age-standardized",2012,"Rate",0.599905857589612,0.203201664173541,1.3020651093269
1,"Deaths",1802,"Nantucket County",25019,515,"Asthma",2,"Female",27,"Age-standardized",2013,"Rate",0.595789722929707,0.197669171020073,1.35391302924844
1,"Deaths",1802,"Nantucket County",25019,515,"Asthma",2,"Female",27,"Age-standardized",2014,"Rate",0.571464045708854,0.184338621612514,1.31075674692658
1,"Deaths",1802,"Nantucket County",25019,515,"Asthma",3,"Both",27,"Age-standardized",1980,"Rate",1.52867773293231,0.799574678474791,2.65569246710997
1,"Deaths",1802,"Nantucket County",25019,515,"Asthma",3,"Both",27,"Age-standardized",1981,"Rate",1.4595097221475,0.742492935024321,2.54733890478169
1,"Deaths",1802,"Nantucket County",25019,515,"Asthma",3,"Both",27,"Age-standardized",1982,"Rate",1.38825113822685,0.728950971273167,2.40039546924958
1,"Deaths",1802,"Nantucket County",25019,515,"Asthma",3,"Both",27,"Age-standardized",1983,"Rate",1.37061304632249,0.729955965587608,2.41031918485714
1,"Deaths",1802,"Nantucket County",25019,515,"Asthma",3,"Both",27,"Age-standardized",1984,"Rate",1.3208337398749,0.695737352476691,2.25223831834091
1,"Deaths",1802,"Nantucket County",25019,515,"Asthma",3,"Both",27,"Age-standardized",1985,"Rate",1.3100116033583,0.68449168656168,2.25590509509556
1,"Deaths",1802,"Nantucket County",25019,515,"Asthma",3,"Both",27,"Age-standardized",1986,"Rate",1.29010348077826,0.675393626908008,2.2250352020891
1,"Deaths",1802,"Nantucket County",25019,515,"Asthma",3,"Both",27,"Age-standardized",1987,"Rate",1.27928677043342,0.679841924945206,2.20263002194276
1,"Deaths",1802,"Nantucket County",25019,515,"Asthma",3,"Both",27,"Age-standardized",1988,"Rate",1.27438198303825,0.663848700671368,2.15453250055067
1,"Deaths",1802,"Nantucket County",25019,515,"Asthma",3,"Both",27,"Age-standardized",1989,"Rate",1.25127581989736,0.659646896138729,2.15600574772696
1,"Deaths",1802,"Nantucket County",25019,515,"Asthma",3,"Both",27,"Age-standardized",1990,"Rate",1.22113396279187,0.638759181122547,2.13239296346319
1,"Deaths",1802,"Nantucket County",25019,515,"Asthma",3,"Both",27,"Age-standardized",1991,"Rate",1.22337415836798,0.638674971493249,2.14857172068241
1,"Deaths",1802,"Nantucket County",25019,515,"Asthma",3,"Both",27,"Age-standardized",1992,"Rate",1.21028072127062,0.628574107186239,2.07093271989478
1,"Deaths",1802,"Nantucket County",25019,515,"Asthma",3,"Both",27,"Age-standardized",1993,"Rate",1.22585743041222,0.625497451569236,2.15716548172672
1,"Deaths",1802,"Nantucket County",25019,515,"Asthma",3,"Both",27,"Age-standardized",1994,"Rate",1.22557296187642,0.630591344961785,2.14894127267256
1,"Deaths",1802,"Nantucket County",25019,515,"Asthma",3,"Both",27,"Age-standardized",1995,"Rate",1.22368796129476,0.629108411107863,2.08746491466941
1,"Deaths",1802,"Nantucket County",25019,515,"Asthma",3,"Both",27,"Age-standardized",1996,"Rate",1.18773165849179,0.607367433392919,2.11543324370284
1,"Deaths",1802,"Nantucket County",25019,515,"Asthma",3,"Both",27,"Age-standardized",1997,"Rate",1.1619905445883,0.593540570134237,1.98757440878272
1,"Deaths",1802,"Nantucket County",25019,515,"Asthma",3,"Both",27,"Age-standardized",1998,"Rate",1.11451255793329,0.564523279822902,1.96376889118488
1,"Deaths",1802,"Nantucket County",25019,515,"Asthma",3,"Both",27,"Age-standardized",1999,"Rate",1.05643311982171,0.530232300796418,1.88690734681996
1,"Deaths",1802,"Nantucket County",25019,515,"Asthma",3,"Both",27,"Age-standardized",2000,"Rate",1.01193846249604,0.515496201149335,1.79653308070316
1,"Deaths",1802,"Nantucket County",25019,515,"Asthma",3,"Both",27,"Age-standardized",2001,"Rate",0.939640379543495,0.46476070183229,1.68256735682732
1,"Deaths",1802,"Nantucket County",25019,515,"Asthma",3,"Both",27,"Age-standardized",2002,"Rate",0.891902546742077,0.449259200224464,1.61070757711018
1,"Deaths",1802,"Nantucket County",25019,515,"Asthma",3,"Both",27,"Age-standardized",2003,"Rate",0.848686334782846,0.410789465767958,1.55995444645416
1,"Deaths",1802,"Nantucket County",25019,515,"Asthma",3,"Both",27,"Age-standardized",2004,"Rate",0.766782280130535,0.367386061687182,1.39543058221339
1,"Deaths",1802,"Nantucket County",25019,515,"Asthma",3,"Both",27,"Age-standardized",2005,"Rate",0.720178556206326,0.347873921711626,1.33637689336802
1,"Deaths",1802,"Nantucket County",25019,515,"Asthma",3,"Both",27,"Age-standardized",2006,"Rate",0.686164575469245,0.326276527045166,1.28511197345598
1,"Deaths",1802,"Nantucket County",25019,515,"Asthma",3,"Both",27,"Age-standardized",2007,"Rate",0.637322954831471,0.298072254655512,1.20803393069872
1,"Deaths",1802,"Nantucket County",25019,515,"Asthma",3,"Both",27,"Age-standardized",2008,"Rate",0.609774626130096,0.279176433970767,1.14355532993962
1,"Deaths",1802,"Nantucket County",25019,515,"Asthma",3,"Both",27,"Age-standardized",2009,"Rate",0.583967645573461,0.267744051568559,1.11594731992136
1,"Deaths",1802,"Nantucket County",25019,515,"Asthma",3,"Both",27,"Age-standardized",2010,"Rate",0.564900457156905,0.253824622525322,1.10018178478119
1,"Deaths",1802,"Nantucket County",25019,515,"Asthma",3,"Both",27,"Age-standardized",2011,"Rate",0.557729860516305,0.243788092998687,1.05348369845298
1,"Deaths",1802,"Nantucket County",25019,515,"Asthma",3,"Both",27,"Age-standardized",2012,"Rate",0.542403630478748,0.242586290544948,1.03154298242313
1,"Deaths",1802,"Nantucket County",25019,515,"Asthma",3,"Both",27,"Age-standardized",2013,"Rate",0.537835628895944,0.234803836744719,1.05292244899213
1,"Deaths",1802,"Nantucket County",25019,515,"Asthma",3,"Both",27,"Age-standardized",2014,"Rate",0.512756921152396,0.218179112961418,1.01373658089202
1,"Deaths",1798,"Norfolk County",25021,515,"Asthma",1,"Male",27,"Age-standardized",1980,"Rate",1.67989588870657,1.27738178708106,2.19113721889288
1,"Deaths",1798,"Norfolk County",25021,515,"Asthma",1,"Male",27,"Age-standardized",1981,"Rate",1.61751321783818,1.24573698460245,2.05664197705738
1,"Deaths",1798,"Norfolk County",25021,515,"Asthma",1,"Male",27,"Age-standardized",1982,"Rate",1.53017485645695,1.19030495025108,1.97047759365212
1,"Deaths",1798,"Norfolk County",25021,515,"Asthma",1,"Male",27,"Age-standardized",1983,"Rate",1.45540480921282,1.12182384583244,1.8503476393855
1,"Deaths",1798,"Norfolk County",25021,515,"Asthma",1,"Male",27,"Age-standardized",1984,"Rate",1.41871002441001,1.11258596077582,1.77006979592351
1,"Deaths",1798,"Norfolk County",25021,515,"Asthma",1,"Male",27,"Age-standardized",1985,"Rate",1.4048385111776,1.09159472762708,1.7707093026338
1,"Deaths",1798,"Norfolk County",25021,515,"Asthma",1,"Male",27,"Age-standardized",1986,"Rate",1.38482290532293,1.06872440275862,1.75415653158379
1,"Deaths",1798,"Norfolk County",25021,515,"Asthma",1,"Male",27,"Age-standardized",1987,"Rate",1.38422053180417,1.08376685063675,1.72883914925345
1,"Deaths",1798,"Norfolk County",25021,515,"Asthma",1,"Male",27,"Age-standardized",1988,"Rate",1.31150352190219,1.05556569506758,1.63754071159871
1,"Deaths",1798,"Norfolk County",25021,515,"Asthma",1,"Male",27,"Age-standardized",1989,"Rate",1.31311083230807,1.0417658714594,1.66606743163012
1,"Deaths",1798,"Norfolk County",25021,515,"Asthma",1,"Male",27,"Age-standardized",1990,"Rate",1.31931664414552,1.0407875890528,1.65232935490443
1,"Deaths",1798,"Norfolk County",25021,515,"Asthma",1,"Male",27,"Age-standardized",1991,"Rate",1.30013680497645,1.02224370103396,1.60575257194554
1,"Deaths",1798,"Norfolk County",25021,515,"Asthma",1,"Male",27,"Age-standardized",1992,"Rate",1.26235386180749,0.991889526791909,1.55792327448236
1,"Deaths",1798,"Norfolk County",25021,515,"Asthma",1,"Male",27,"Age-standardized",1993,"Rate",1.24391966906953,1.0012316854484,1.55015527429423
1,"Deaths",1798,"Norfolk County",25021,515,"Asthma",1,"Male",27,"Age-standardized",1994,"Rate",1.22753741674489,0.968775413463362,1.5463314507922
1,"Deaths",1798,"Norfolk County",25021,515,"Asthma",1,"Male",27,"Age-standardized",1995,"Rate",1.24370052067439,0.990473350170019,1.55773795357556
1,"Deaths",1798,"Norfolk County",25021,515,"Asthma",1,"Male",27,"Age-standardized",1996,"Rate",1.23956175768883,0.993518331675854,1.5388022540548
1,"Deaths",1798,"Norfolk County",25021,515,"Asthma",1,"Male",27,"Age-standardized",1997,"Rate",1.11313958349718,0.887741501412699,1.38192563042715
1,"Deaths",1798,"Norfolk County",25021,515,"Asthma",1,"Male",27,"Age-standardized",1998,"Rate",1.04041179278221,0.825115083489076,1.29605526160448
1,"Deaths",1798,"Norfolk County",25021,515,"Asthma",1,"Male",27,"Age-standardized",1999,"Rate",0.970284410219508,0.773336452816051,1.19974756051432
1,"Deaths",1798,"Norfolk County",25021,515,"Asthma",1,"Male",27,"Age-standardized",2000,"Rate",0.953505972383124,0.762126110897895,1.20472335443976
1,"Deaths",1798,"Norfolk County",25021,515,"Asthma",1,"Male",27,"Age-standardized",2001,"Rate",0.880895382170394,0.692802014800037,1.10271385381107
1,"Deaths",1798,"Norfolk County",25021,515,"Asthma",1,"Male",27,"Age-standardized",2002,"Rate",0.852832126266615,0.674580277935831,1.07323527238385
1,"Deaths",1798,"Norfolk County",25021,515,"Asthma",1,"Male",27,"Age-standardized",2003,"Rate",0.821965795984591,0.649969532850484,1.02229749706495
1,"Deaths",1798,"Norfolk County",25021,515,"Asthma",1,"Male",27,"Age-standardized",2004,"Rate",0.756183301401278,0.587453337464447,0.94512606013167
1,"Deaths",1798,"Norfolk County",25021,515,"Asthma",1,"Male",27,"Age-standardized",2005,"Rate",0.691761285695538,0.540196615340039,0.868803669995492
1,"Deaths",1798,"Norfolk County",25021,515,"Asthma",1,"Male",27,"Age-standardized",2006,"Rate",0.689488881648919,0.536009545752781,0.874886014277269
1,"Deaths",1798,"Norfolk County",25021,515,"Asthma",1,"Male",27,"Age-standardized",2007,"Rate",0.650904340826821,0.504886816474601,0.814523700463777
1,"Deaths",1798,"Norfolk County",25021,515,"Asthma",1,"Male",27,"Age-standardized",2008,"Rate",0.601688946399113,0.462222499631331,0.764018534726623
1,"Deaths",1798,"Norfolk County",25021,515,"Asthma",1,"Male",27,"Age-standardized",2009,"Rate",0.602705499235111,0.457386812047168,0.770123119892178
1,"Deaths",1798,"Norfolk County",25021,515,"Asthma",1,"Male",27,"Age-standardized",2010,"Rate",0.56976228906778,0.438412277915,0.73037487668532
1,"Deaths",1798,"Norfolk County",25021,515,"Asthma",1,"Male",27,"Age-standardized",2011,"Rate",0.56296021132941,0.422026702561444,0.721762413353894
1,"Deaths",1798,"Norfolk County",25021,515,"Asthma",1,"Male",27,"Age-standardized",2012,"Rate",0.543845399608492,0.415344271745575,0.704526440151483
1,"Deaths",1798,"Norfolk County",25021,515,"Asthma",1,"Male",27,"Age-standardized",2013,"Rate",0.521446446424154,0.394855817980792,0.684012145994143
1,"Deaths",1798,"Norfolk County",25021,515,"Asthma",1,"Male",27,"Age-standardized",2014,"Rate",0.522705966768711,0.392244254662802,0.682722655256207
1,"Deaths",1798,"Norfolk County",25021,515,"Asthma",2,"Female",27,"Age-standardized",1980,"Rate",1.82107102381999,1.45064754557583,2.21370896047529
1,"Deaths",1798,"Norfolk County",25021,515,"Asthma",2,"Female",27,"Age-standardized",1981,"Rate",1.68568599442455,1.32417150024427,2.0293296002903
1,"Deaths",1798,"Norfolk County",25021,515,"Asthma",2,"Female",27,"Age-standardized",1982,"Rate",1.65463675495815,1.29514007799315,1.99418477925983
1,"Deaths",1798,"Norfolk County",25021,515,"Asthma",2,"Female",27,"Age-standardized",1983,"Rate",1.70198004858543,1.37114496538453,2.02775986000414
1,"Deaths",1798,"Norfolk County",25021,515,"Asthma",2,"Female",27,"Age-standardized",1984,"Rate",1.65463484719348,1.33776130805625,1.95601538472295
1,"Deaths",1798,"Norfolk County",25021,515,"Asthma",2,"Female",27,"Age-standardized",1985,"Rate",1.71306722166056,1.38853726964085,2.0105092984263
1,"Deaths",1798,"Norfolk County",25021,515,"Asthma",2,"Female",27,"Age-standardized",1986,"Rate",1.70735693874125,1.41539454160484,2.01104866608658
1,"Deaths",1798,"Norfolk County",25021,515,"Asthma",2,"Female",27,"Age-standardized",1987,"Rate",1.73994957626288,1.45561790505928,2.03334636011246
1,"Deaths",1798,"Norfolk County",25021,515,"Asthma",2,"Female",27,"Age-standardized",1988,"Rate",1.72841911782197,1.45627438112097,2.02013761449579
1,"Deaths",1798,"Norfolk County",25021,515,"Asthma",2,"Female",27,"Age-standardized",1989,"Rate",1.72054332786414,1.44427875047721,2.03957933679654
1,"Deaths",1798,"Norfolk County",25021,515,"Asthma",2,"Female",27,"Age-standardized",1990,"Rate",1.73359128882632,1.47712308938367,2.02974687646149
1,"Deaths",1798,"Norfolk County",25021,515,"Asthma",2,"Female",27,"Age-standardized",1991,"Rate",1.7546013904047,1.49386466755444,2.04666310454837
1,"Deaths",1798,"Norfolk County",25021,515,"Asthma",2,"Female",27,"Age-standardized",1992,"Rate",1.73429343894116,1.46068792381771,2.03337311793225
1,"Deaths",1798,"Norfolk County",25021,515,"Asthma",2,"Female",27,"Age-standardized",1993,"Rate",1.72358498262512,1.46907494273303,2.00478257167251
1,"Deaths",1798,"Norfolk County",25021,515,"Asthma",2,"Female",27,"Age-standardized",1994,"Rate",1.76815182602834,1.50330979151185,2.07818938046623
1,"Deaths",1798,"Norfolk County",25021,515,"Asthma",2,"Female",27,"Age-standardized",1995,"Rate",1.8157340031128,1.53569291109395,2.11117669819875
1,"Deaths",1798,"Norfolk County",25021,515,"Asthma",2,"Female",27,"Age-standardized",1996,"Rate",1.71407337130972,1.4667376652831,2.00714929916373
1,"Deaths",1798,"Norfolk County",25021,515,"Asthma",2,"Female",27,"Age-standardized",1997,"Rate",1.68444238944606,1.42824421849663,1.97915332262098
1,"Deaths",1798,"Norfolk County",25021,515,"Asthma",2,"Female",27,"Age-standardized",1998,"Rate",1.68895547785093,1.43859925543875,1.98511593887809
1,"Deaths",1798,"Norfolk County",25021,515,"Asthma",2,"Female",27,"Age-standardized",1999,"Rate",1.53032924137773,1.29260621885495,1.80802258269322
1,"Deaths",1798,"Norfolk County",25021,515,"Asthma",2,"Female",27,"Age-standardized",2000,"Rate",1.49170780622646,1.26642517278116,1.78423352796416
1,"Deaths",1798,"Norfolk County",25021,515,"Asthma",2,"Female",27,"Age-standardized",2001,"Rate",1.36536437680062,1.14976851665192,1.63309090798301
1,"Deaths",1798,"Norfolk County",25021,515,"Asthma",2,"Female",27,"Age-standardized",2002,"Rate",1.34136182969869,1.13469962599827,1.61273295210926
1,"Deaths",1798,"Norfolk County",25021,515,"Asthma",2,"Female",27,"Age-standardized",2003,"Rate",1.23565945226994,1.04057211279356,1.49649279838761
1,"Deaths",1798,"Norfolk County",25021,515,"Asthma",2,"Female",27,"Age-standardized",2004,"Rate",1.1723050020389,0.992626385763997,1.43251344557052
1,"Deaths",1798,"Norfolk County",25021,515,"Asthma",2,"Female",27,"Age-standardized",2005,"Rate",1.07125916961562,0.903390406626368,1.3017958302136
1,"Deaths",1798,"Norfolk County",25021,515,"Asthma",2,"Female",27,"Age-standardized",2006,"Rate",1.0537919123132,0.867702500327168,1.29698292082789
1,"Deaths",1798,"Norfolk County",25021,515,"Asthma",2,"Female",27,"Age-standardized",2007,"Rate",0.975313112908425,0.804155366057969,1.19610778283819
1,"Deaths",1798,"Norfolk County",25021,515,"Asthma",2,"Female",27,"Age-standardized",2008,"Rate",0.920474995138031,0.752864523867678,1.13618908493227
1,"Deaths",1798,"Norfolk County",25021,515,"Asthma",2,"Female",27,"Age-standardized",2009,"Rate",0.888928556777978,0.729697461277317,1.12309275470669
1,"Deaths",1798,"Norfolk County",25021,515,"Asthma",2,"Female",27,"Age-standardized",2010,"Rate",0.848821259875998,0.696181576342303,1.0595868817148
1,"Deaths",1798,"Norfolk County",25021,515,"Asthma",2,"Female",27,"Age-standardized",2011,"Rate",0.841672785862129,0.67855648973234,1.05754940687712
1,"Deaths",1798,"Norfolk County",25021,515,"Asthma",2,"Female",27,"Age-standardized",2012,"Rate",0.814967778265612,0.654644593993309,1.03947354735561
1,"Deaths",1798,"Norfolk County",25021,515,"Asthma",2,"Female",27,"Age-standardized",2013,"Rate",0.789798082646908,0.629671959602271,1.00585265506738
1,"Deaths",1798,"Norfolk County",25021,515,"Asthma",2,"Female",27,"Age-standardized",2014,"Rate",0.774536378933384,0.608758304422082,1.00656638614659
1,"Deaths",1798,"Norfolk County",25021,515,"Asthma",3,"Both",27,"Age-standardized",1980,"Rate",1.76364004172643,1.47176188253356,2.064612784999
1,"Deaths",1798,"Norfolk County",25021,515,"Asthma",3,"Both",27,"Age-standardized",1981,"Rate",1.65705576165938,1.37701104018049,1.92378223964419
1,"Deaths",1798,"Norfolk County",25021,515,"Asthma",3,"Both",27,"Age-standardized",1982,"Rate",1.60607237873371,1.32980323011704,1.8659750927136
1,"Deaths",1798,"Norfolk County",25021,515,"Asthma",3,"Both",27,"Age-standardized",1983,"Rate",1.60638851321478,1.35332852725162,1.86665389275366
1,"Deaths",1798,"Norfolk County",25021,515,"Asthma",3,"Both",27,"Age-standardized",1984,"Rate",1.56379234472311,1.33935083670959,1.78965040312513
1,"Deaths",1798,"Norfolk County",25021,515,"Asthma",3,"Both",27,"Age-standardized",1985,"Rate",1.59387453584127,1.34086642298873,1.83071011051456
1,"Deaths",1798,"Norfolk County",25021,515,"Asthma",3,"Both",27,"Age-standardized",1986,"Rate",1.58806056977595,1.37177665682297,1.82295030285537
1,"Deaths",1798,"Norfolk County",25021,515,"Asthma",3,"Both",27,"Age-standardized",1987,"Rate",1.60775151650725,1.39224694666139,1.82879903230558
1,"Deaths",1798,"Norfolk County",25021,515,"Asthma",3,"Both",27,"Age-standardized",1988,"Rate",1.57383248920842,1.37003769347512,1.79867738746614
1,"Deaths",1798,"Norfolk County",25021,515,"Asthma",3,"Both",27,"Age-standardized",1989,"Rate",1.56942783386764,1.3608755683802,1.78578838219825
1,"Deaths",1798,"Norfolk County",25021,515,"Asthma",3,"Both",27,"Age-standardized",1990,"Rate",1.57729591233435,1.37331690096399,1.78138165610352
1,"Deaths",1798,"Norfolk County",25021,515,"Asthma",3,"Both",27,"Age-standardized",1991,"Rate",1.58560092347758,1.38265220111794,1.80380761701199
1,"Deaths",1798,"Norfolk County",25021,515,"Asthma",3,"Both",27,"Age-standardized",1992,"Rate",1.55783818535309,1.35310491487019,1.78227967156676
1,"Deaths",1798,"Norfolk County",25021,515,"Asthma",3,"Both",27,"Age-standardized",1993,"Rate",1.54691952101406,1.3544924589269,1.76272201127539
1,"Deaths",1798,"Norfolk County",25021,515,"Asthma",3,"Both",27,"Age-standardized",1994,"Rate",1.56338016689953,1.35981629412938,1.78673438999653
1,"Deaths",1798,"Norfolk County",25021,515,"Asthma",3,"Both",27,"Age-standardized",1995,"Rate",1.59846492904566,1.39136847722334,1.83007260826234
1,"Deaths",1798,"Norfolk County",25021,515,"Asthma",3,"Both",27,"Age-standardized",1996,"Rate",1.53939886215791,1.3522952936545,1.74281221937361
1,"Deaths",1798,"Norfolk County",25021,515,"Asthma",3,"Both",27,"Age-standardized",1997,"Rate",1.46637197477014,1.27968543319655,1.67909709972943
1,"Deaths",1798,"Norfolk County",25021,515,"Asthma",3,"Both",27,"Age-standardized",1998,"Rate",1.44064464675221,1.26191021915282,1.62791764917049
1,"Deaths",1798,"Norfolk County",25021,515,"Asthma",3,"Both",27,"Age-standardized",1999,"Rate",1.31663388375327,1.15160441943114,1.52599752949945
1,"Deaths",1798,"Norfolk County",25021,515,"Asthma",3,"Both",27,"Age-standardized",2000,"Rate",1.28600629685792,1.12720494345856,1.49021267389747
1,"Deaths",1798,"Norfolk County",25021,515,"Asthma",3,"Both",27,"Age-standardized",2001,"Rate",1.1772590858034,1.03296260047229,1.35768006635292
1,"Deaths",1798,"Norfolk County",25021,515,"Asthma",3,"Both",27,"Age-standardized",2002,"Rate",1.15047369017856,0.996865155097429,1.34105837496994
1,"Deaths",1798,"Norfolk County",25021,515,"Asthma",3,"Both",27,"Age-standardized",2003,"Rate",1.07708986162012,0.930912637527922,1.25733912328452
1,"Deaths",1798,"Norfolk County",25021,515,"Asthma",3,"Both",27,"Age-standardized",2004,"Rate",1.0109566616108,0.879461629840651,1.1809488595902
1,"Deaths",1798,"Norfolk County",25021,515,"Asthma",3,"Both",27,"Age-standardized",2005,"Rate",0.924162330180808,0.804369246940516,1.07920091989121
1,"Deaths",1798,"Norfolk County",25021,515,"Asthma",3,"Both",27,"Age-standardized",2006,"Rate",0.913048541153548,0.793819550646499,1.06986758209174
1,"Deaths",1798,"Norfolk County",25021,515,"Asthma",3,"Both",27,"Age-standardized",2007,"Rate",0.850394572589929,0.727705327984219,1.00720407474935
1,"Deaths",1798,"Norfolk County",25021,515,"Asthma",3,"Both",27,"Age-standardized",2008,"Rate",0.796112545489828,0.677053779178462,0.939123530871955
1,"Deaths",1798,"Norfolk County",25021,515,"Asthma",3,"Both",27,"Age-standardized",2009,"Rate",0.777042100757355,0.662976652611556,0.930935720333607
1,"Deaths",1798,"Norfolk County",25021,515,"Asthma",3,"Both",27,"Age-standardized",2010,"Rate",0.738609070262335,0.625119479510264,0.888007717801542
1,"Deaths",1798,"Norfolk County",25021,515,"Asthma",3,"Both",27,"Age-standardized",2011,"Rate",0.731322935155679,0.616481416696326,0.871189137940954
1,"Deaths",1798,"Norfolk County",25021,515,"Asthma",3,"Both",27,"Age-standardized",2012,"Rate",0.707959489656752,0.598015289463401,0.866613331432785
1,"Deaths",1798,"Norfolk County",25021,515,"Asthma",3,"Both",27,"Age-standardized",2013,"Rate",0.682412194073557,0.574028040588736,0.828002131513945
1,"Deaths",1798,"Norfolk County",25021,515,"Asthma",3,"Both",27,"Age-standardized",2014,"Rate",0.674722300259806,0.55580765404103,0.840312067489038
1,"Deaths",1797,"Plymouth County",25023,515,"Asthma",1,"Male",27,"Age-standardized",1980,"Rate",2.01734623340084,1.45425760808212,2.70150290006857
1,"Deaths",1797,"Plymouth County",25023,515,"Asthma",1,"Male",27,"Age-standardized",1981,"Rate",1.84554007323258,1.35173501042206,2.4368309830909
1,"Deaths",1797,"Plymouth County",25023,515,"Asthma",1,"Male",27,"Age-standardized",1982,"Rate",1.75818696214506,1.30223406250668,2.31691636929761
1,"Deaths",1797,"Plymouth County",25023,515,"Asthma",1,"Male",27,"Age-standardized",1983,"Rate",1.76185287209508,1.2974201018973,2.27404390272669
1,"Deaths",1797,"Plymouth County",25023,515,"Asthma",1,"Male",27,"Age-standardized",1984,"Rate",1.75123438810827,1.32136857561541,2.24072933187356
1,"Deaths",1797,"Plymouth County",25023,515,"Asthma",1,"Male",27,"Age-standardized",1985,"Rate",1.6467722568606,1.23883321924997,2.14351456892161
1,"Deaths",1797,"Plymouth County",25023,515,"Asthma",1,"Male",27,"Age-standardized",1986,"Rate",1.60958942439903,1.24167147118254,2.04600774943855
1,"Deaths",1797,"Plymouth County",25023,515,"Asthma",1,"Male",27,"Age-standardized",1987,"Rate",1.5893670704792,1.21379828809257,2.05445641566152
1,"Deaths",1797,"Plymouth County",25023,515,"Asthma",1,"Male",27,"Age-standardized",1988,"Rate",1.50275520251608,1.16381406648948,1.90489337020159
1,"Deaths",1797,"Plymouth County",25023,515,"Asthma",1,"Male",27,"Age-standardized",1989,"Rate",1.4991870863027,1.15387300920543,1.91609577963632
1,"Deaths",1797,"Plymouth County",25023,515,"Asthma",1,"Male",27,"Age-standardized",1990,"Rate",1.43505961900186,1.10840813801054,1.85443773699532
1,"Deaths",1797,"Plymouth County",25023,515,"Asthma",1,"Male",27,"Age-standardized",1991,"Rate",1.46815438909493,1.13886570362551,1.88055394493823
1,"Deaths",1797,"Plymouth County",25023,515,"Asthma",1,"Male",27,"Age-standardized",1992,"Rate",1.40595765147645,1.09080131754392,1.79773843136194
1,"Deaths",1797,"Plymouth County",25023,515,"Asthma",1,"Male",27,"Age-standardized",1993,"Rate",1.43718837861003,1.09693169772553,1.81800976713212
1,"Deaths",1797,"Plymouth County",25023,515,"Asthma",1,"Male",27,"Age-standardized",1994,"Rate",1.40071901455131,1.09614719407541,1.78421689744338
1,"Deaths",1797,"Plymouth County",25023,515,"Asthma",1,"Male",27,"Age-standardized",1995,"Rate",1.35126239095282,1.04447394926824,1.71542224639065
1,"Deaths",1797,"Plymouth County",25023,515,"Asthma",1,"Male",27,"Age-standardized",1996,"Rate",1.36522499574935,1.07456823224242,1.73521491890172
1,"Deaths",1797,"Plymouth County",25023,515,"Asthma",1,"Male",27,"Age-standardized",1997,"Rate",1.28866066575905,1.00983643327234,1.66214469314869
1,"Deaths",1797,"Plymouth County",25023,515,"Asthma",1,"Male",27,"Age-standardized",1998,"Rate",1.23773224692445,0.964691798606009,1.56957280614131
1,"Deaths",1797,"Plymouth County",25023,515,"Asthma",1,"Male",27,"Age-standardized",1999,"Rate",1.09308643348224,0.851457652273238,1.40013186510996
1,"Deaths",1797,"Plymouth County",25023,515,"Asthma",1,"Male",27,"Age-standardized",2000,"Rate",1.05283230073749,0.811826235623944,1.32537343492857
1,"Deaths",1797,"Plymouth County",25023,515,"Asthma",1,"Male",27,"Age-standardized",2001,"Rate",1.0081159749333,0.781672851609823,1.29964109148109
1,"Deaths",1797,"Plymouth County",25023,515,"Asthma",1,"Male",27,"Age-standardized",2002,"Rate",0.932969672767431,0.717310791015206,1.19954719244188
1,"Deaths",1797,"Plymouth County",25023,515,"Asthma",1,"Male",27,"Age-standardized",2003,"Rate",0.910803914562693,0.698740033725129,1.16951348024552
1,"Deaths",1797,"Plymouth County",25023,515,"Asthma",1,"Male",27,"Age-standardized",2004,"Rate",0.825057097857675,0.645689819517101,1.0721851004757
1,"Deaths",1797,"Plymouth County",25023,515,"Asthma",1,"Male",27,"Age-standardized",2005,"Rate",0.726031396836303,0.556475828115812,0.935973150397035
1,"Deaths",1797,"Plymouth County",25023,515,"Asthma",1,"Male",27,"Age-standardized",2006,"Rate",0.734070088276839,0.567101794684805,0.950712151189115
1,"Deaths",1797,"Plymouth County",25023,515,"Asthma",1,"Male",27,"Age-standardized",2007,"Rate",0.668161987828065,0.519157161054501,0.861242101881229
1,"Deaths",1797,"Plymouth County",25023,515,"Asthma",1,"Male",27,"Age-standardized",2008,"Rate",0.625444769447182,0.473706119432909,0.821413997854871
1,"Deaths",1797,"Plymouth County",25023,515,"Asthma",1,"Male",27,"Age-standardized",2009,"Rate",0.598488079712702,0.450655539741332,0.779196105585435
1,"Deaths",1797,"Plymouth County",25023,515,"Asthma",1,"Male",27,"Age-standardized",2010,"Rate",0.595312844831096,0.439899858626958,0.791120329927864
1,"Deaths",1797,"Plymouth County",25023,515,"Asthma",1,"Male",27,"Age-standardized",2011,"Rate",0.578135549116057,0.424565344938963,0.760354172237398
1,"Deaths",1797,"Plymouth County",25023,515,"Asthma",1,"Male",27,"Age-standardized",2012,"Rate",0.519709159385237,0.381026409430286,0.697998972326696
1,"Deaths",1797,"Plymouth County",25023,515,"Asthma",1,"Male",27,"Age-standardized",2013,"Rate",0.527223260802773,0.386499482970141,0.711855928993482
1,"Deaths",1797,"Plymouth County",25023,515,"Asthma",1,"Male",27,"Age-standardized",2014,"Rate",0.534828777010918,0.389429701451064,0.725825132137582
1,"Deaths",1797,"Plymouth County",25023,515,"Asthma",2,"Female",27,"Age-standardized",1980,"Rate",1.84178351589873,1.41574193654829,2.263876038426
1,"Deaths",1797,"Plymouth County",25023,515,"Asthma",2,"Female",27,"Age-standardized",1981,"Rate",1.79676746148994,1.41258294952224,2.19698744383167
1,"Deaths",1797,"Plymouth County",25023,515,"Asthma",2,"Female",27,"Age-standardized",1982,"Rate",1.75587734103721,1.37021328136674,2.1371248778223
1,"Deaths",1797,"Plymouth County",25023,515,"Asthma",2,"Female",27,"Age-standardized",1983,"Rate",1.80148641792133,1.42746566519716,2.18732550813086
1,"Deaths",1797,"Plymouth County",25023,515,"Asthma",2,"Female",27,"Age-standardized",1984,"Rate",1.83243918172777,1.44818689974947,2.21991772004156
1,"Deaths",1797,"Plymouth County",25023,515,"Asthma",2,"Female",27,"Age-standardized",1985,"Rate",1.82590275714054,1.47570559684062,2.21880762178127
1,"Deaths",1797,"Plymouth County",25023,515,"Asthma",2,"Female",27,"Age-standardized",1986,"Rate",1.91158158068122,1.54122602246837,2.31079050718262
1,"Deaths",1797,"Plymouth County",25023,515,"Asthma",2,"Female",27,"Age-standardized",1987,"Rate",1.91088377893558,1.56473110170044,2.26551117567252
1,"Deaths",1797,"Plymouth County",25023,515,"Asthma",2,"Female",27,"Age-standardized",1988,"Rate",1.94372275515069,1.60484911562093,2.32516256797134
1,"Deaths",1797,"Plymouth County",25023,515,"Asthma",2,"Female",27,"Age-standardized",1989,"Rate",1.94933613758233,1.60431617798202,2.32704884494035
1,"Deaths",1797,"Plymouth County",25023,515,"Asthma",2,"Female",27,"Age-standardized",1990,"Rate",1.92305683759033,1.60218767280839,2.27968715273931
1,"Deaths",1797,"Plymouth County",25023,515,"Asthma",2,"Female",27,"Age-standardized",1991,"Rate",1.97442501644675,1.6434530193511,2.3240423061884
1,"Deaths",1797,"Plymouth County",25023,515,"Asthma",2,"Female",27,"Age-standardized",1992,"Rate",2.02157464893416,1.68656164357539,2.39597633649851
1,"Deaths",1797,"Plymouth County",25023,515,"Asthma",2,"Female",27,"Age-standardized",1993,"Rate",2.02864667340421,1.69213262755519,2.40034319417632
1,"Deaths",1797,"Plymouth County",25023,515,"Asthma",2,"Female",27,"Age-standardized",1994,"Rate",2.05580749322178,1.70524781100979,2.44665250268818
1,"Deaths",1797,"Plymouth County",25023,515,"Asthma",2,"Female",27,"Age-standardized",1995,"Rate",2.04991644440126,1.71899895666776,2.45101558835008
1,"Deaths",1797,"Plymouth County",25023,515,"Asthma",2,"Female",27,"Age-standardized",1996,"Rate",2.06208635288373,1.72029253073517,2.46900549100017
1,"Deaths",1797,"Plymouth County",25023,515,"Asthma",2,"Female",27,"Age-standardized",1997,"Rate",1.98608385010468,1.64314696719322,2.3903387454985
1,"Deaths",1797,"Plymouth County",25023,515,"Asthma",2,"Female",27,"Age-standardized",1998,"Rate",1.92397637413415,1.61447247316724,2.29662163554623
1,"Deaths",1797,"Plymouth County",25023,515,"Asthma",2,"Female",27,"Age-standardized",1999,"Rate",1.80236498382899,1.4912340942611,2.16252332527101
1,"Deaths",1797,"Plymouth County",25023,515,"Asthma",2,"Female",27,"Age-standardized",2000,"Rate",1.75414483623527,1.4475857005624,2.10307933903323
1,"Deaths",1797,"Plymouth County",25023,515,"Asthma",2,"Female",27,"Age-standardized",2001,"Rate",1.76031184435091,1.4533870020628,2.13838984909288
1,"Deaths",1797,"Plymouth County",25023,515,"Asthma",2,"Female",27,"Age-standardized",2002,"Rate",1.70122245382748,1.40419231907433,2.07921620839214
1,"Deaths",1797,"Plymouth County",25023,515,"Asthma",2,"Female",27,"Age-standardized",2003,"Rate",1.57861390316919,1.29410964072437,1.93638754005115
1,"Deaths",1797,"Plymouth County",25023,515,"Asthma",2,"Female",27,"Age-standardized",2004,"Rate",1.44377820648624,1.17919069269066,1.78110869049548
1,"Deaths",1797,"Plymouth County",25023,515,"Asthma",2,"Female",27,"Age-standardized",2005,"Rate",1.36969135945359,1.12501263223568,1.70594496224656
1,"Deaths",1797,"Plymouth County",25023,515,"Asthma",2,"Female",27,"Age-standardized",2006,"Rate",1.32410288817364,1.06009513572993,1.6480515844728
1,"Deaths",1797,"Plymouth County",25023,515,"Asthma",2,"Female",27,"Age-standardized",2007,"Rate",1.2351617818456,1.00257056716395,1.53490292437608
1,"Deaths",1797,"Plymouth County",25023,515,"Asthma",2,"Female",27,"Age-standardized",2008,"Rate",1.1921705377661,0.95759702412273,1.49816373497333
1,"Deaths",1797,"Plymouth County",25023,515,"Asthma",2,"Female",27,"Age-standardized",2009,"Rate",1.16772784189378,0.932232448668065,1.48158318429962
1,"Deaths",1797,"Plymouth County",25023,515,"Asthma",2,"Female",27,"Age-standardized",2010,"Rate",1.10570769429355,0.874924403015924,1.40267307576389
1,"Deaths",1797,"Plymouth County",25023,515,"Asthma",2,"Female",27,"Age-standardized",2011,"Rate",1.11816620507811,0.874080787372747,1.42648221465109
1,"Deaths",1797,"Plymouth County",25023,515,"Asthma",2,"Female",27,"Age-standardized",2012,"Rate",1.05255727865485,0.814724629420569,1.33159584090139
1,"Deaths",1797,"Plymouth County",25023,515,"Asthma",2,"Female",27,"Age-standardized",2013,"Rate",1.07253756852705,0.826328989647124,1.37195494142633
1,"Deaths",1797,"Plymouth County",25023,515,"Asthma",2,"Female",27,"Age-standardized",2014,"Rate",1.04657801280896,0.813033420268992,1.33994360756665
1,"Deaths",1797,"Plymouth County",25023,515,"Asthma",3,"Both",27,"Age-standardized",1980,"Rate",1.89642092253411,1.53403346020255,2.29659013573451
1,"Deaths",1797,"Plymouth County",25023,515,"Asthma",3,"Both",27,"Age-standardized",1981,"Rate",1.79844038547178,1.47166921108421,2.15367086230947
1,"Deaths",1797,"Plymouth County",25023,515,"Asthma",3,"Both",27,"Age-standardized",1982,"Rate",1.74221834683778,1.41243570344049,2.05925493567171
1,"Deaths",1797,"Plymouth County",25023,515,"Asthma",3,"Both",27,"Age-standardized",1983,"Rate",1.76894188784842,1.44150701880014,2.09304974941765
1,"Deaths",1797,"Plymouth County",25023,515,"Asthma",3,"Both",27,"Age-standardized",1984,"Rate",1.78442843777146,1.47175236501447,2.10757140301324
1,"Deaths",1797,"Plymouth County",25023,515,"Asthma",3,"Both",27,"Age-standardized",1985,"Rate",1.74078283698101,1.43325270760249,2.05538073050136
1,"Deaths",1797,"Plymouth County",25023,515,"Asthma",3,"Both",27,"Age-standardized",1986,"Rate",1.77853790004194,1.50118204398683,2.0866857337248
1,"Deaths",1797,"Plymouth County",25023,515,"Asthma",3,"Both",27,"Age-standardized",1987,"Rate",1.7714538742499,1.49965061294748,2.05506354431068
1,"Deaths",1797,"Plymouth County",25023,515,"Asthma",3,"Both",27,"Age-standardized",1988,"Rate",1.75406393139207,1.49622438154432,2.04570887793144
1,"Deaths",1797,"Plymouth County",25023,515,"Asthma",3,"Both",27,"Age-standardized",1989,"Rate",1.75856316922907,1.49198867436605,2.04965295411833
1,"Deaths",1797,"Plymouth County",25023,515,"Asthma",3,"Both",27,"Age-standardized",1990,"Rate",1.71309496763279,1.46323147376814,1.99483656739688
1,"Deaths",1797,"Plymouth County",25023,515,"Asthma",3,"Both",27,"Age-standardized",1991,"Rate",1.75970393004919,1.49617818041181,2.03389599016724
1,"Deaths",1797,"Plymouth County",25023,515,"Asthma",3,"Both",27,"Age-standardized",1992,"Rate",1.75876698254366,1.49904467139924,2.01566841565281
1,"Deaths",1797,"Plymouth County",25023,515,"Asthma",3,"Both",27,"Age-standardized",1993,"Rate",1.77849114258366,1.52269098494125,2.06395255100262
1,"Deaths",1797,"Plymouth County",25023,515,"Asthma",3,"Both",27,"Age-standardized",1994,"Rate",1.77769553438894,1.52206544913089,2.06745701867293
1,"Deaths",1797,"Plymouth County",25023,515,"Asthma",3,"Both",27,"Age-standardized",1995,"Rate",1.7545478506382,1.50687203961794,2.06894907269599
1,"Deaths",1797,"Plymouth County",25023,515,"Asthma",3,"Both",27,"Age-standardized",1996,"Rate",1.76838293542167,1.5281402552049,2.05699118127305
1,"Deaths",1797,"Plymouth County",25023,515,"Asthma",3,"Both",27,"Age-standardized",1997,"Rate",1.69404887082912,1.44137818338604,1.99424017633084
1,"Deaths",1797,"Plymouth County",25023,515,"Asthma",3,"Both",27,"Age-standardized",1998,"Rate",1.63722134100103,1.40441575705406,1.92584269291574
1,"Deaths",1797,"Plymouth County",25023,515,"Asthma",3,"Both",27,"Age-standardized",1999,"Rate",1.50578798367194,1.27014726261631,1.76213455413843
1,"Deaths",1797,"Plymouth County",25023,515,"Asthma",3,"Both",27,"Age-standardized",2000,"Rate",1.46155001840131,1.24163645592837,1.7182357304385
1,"Deaths",1797,"Plymouth County",25023,515,"Asthma",3,"Both",27,"Age-standardized",2001,"Rate",1.44393070398855,1.23252339296554,1.70780722211891
1,"Deaths",1797,"Plymouth County",25023,515,"Asthma",3,"Both",27,"Age-standardized",2002,"Rate",1.37316101596924,1.15903989880274,1.62684262210163
1,"Deaths",1797,"Plymouth County",25023,515,"Asthma",3,"Both",27,"Age-standardized",2003,"Rate",1.29647488384863,1.09941444805847,1.54599367541886
1,"Deaths",1797,"Plymouth County",25023,515,"Asthma",3,"Both",27,"Age-standardized",2004,"Rate",1.18246219922795,0.997375011279105,1.41477376317045
1,"Deaths",1797,"Plymouth County",25023,515,"Asthma",3,"Both",27,"Age-standardized",2005,"Rate",1.09524348573769,0.923324171107729,1.31151993331027
1,"Deaths",1797,"Plymouth County",25023,515,"Asthma",3,"Both",27,"Age-standardized",2006,"Rate",1.07481848170722,0.907881705274851,1.28266365813802
1,"Deaths",1797,"Plymouth County",25023,515,"Asthma",3,"Both",27,"Age-standardized",2007,"Rate",0.995028176102619,0.839474733812662,1.17660609190467
1,"Deaths",1797,"Plymouth County",25023,515,"Asthma",3,"Both",27,"Age-standardized",2008,"Rate",0.950462725713084,0.789034561134014,1.15846600279625
1,"Deaths",1797,"Plymouth County",25023,515,"Asthma",3,"Both",27,"Age-standardized",2009,"Rate",0.923440087755816,0.765634026423657,1.12740926218846
1,"Deaths",1797,"Plymouth County",25023,515,"Asthma",3,"Both",27,"Age-standardized",2010,"Rate",0.887317780753301,0.733321587614358,1.09314428390075
1,"Deaths",1797,"Plymouth County",25023,515,"Asthma",3,"Both",27,"Age-standardized",2011,"Rate",0.885312588986704,0.723249514431893,1.07650421583403
1,"Deaths",1797,"Plymouth County",25023,515,"Asthma",3,"Both",27,"Age-standardized",2012,"Rate",0.822678930133742,0.666424627709601,1.01016532369682
1,"Deaths",1797,"Plymouth County",25023,515,"Asthma",3,"Both",27,"Age-standardized",2013,"Rate",0.835775050316288,0.673484855867038,1.02803943386796
1,"Deaths",1797,"Plymouth County",25023,515,"Asthma",3,"Both",27,"Age-standardized",2014,"Rate",0.825154192274482,0.671089925284882,1.01893677871366
1,"Deaths",1795,"Suffolk County",25025,515,"Asthma",1,"Male",27,"Age-standardized",1980,"Rate",3.01363127050709,2.34851090598966,3.79711929739526
1,"Deaths",1795,"Suffolk County",25025,515,"Asthma",1,"Male",27,"Age-standardized",1981,"Rate",2.83944531238755,2.19600063109264,3.56222896544989
1,"Deaths",1795,"Suffolk County",25025,515,"Asthma",1,"Male",27,"Age-standardized",1982,"Rate",2.6668933882861,2.08395556062835,3.33856703903443
1,"Deaths",1795,"Suffolk County",25025,515,"Asthma",1,"Male",27,"Age-standardized",1983,"Rate",2.76002528054542,2.16027487732631,3.43805031298555
1,"Deaths",1795,"Suffolk County",25025,515,"Asthma",1,"Male",27,"Age-standardized",1984,"Rate",2.66096509539983,2.1079715801207,3.39108912049277
1,"Deaths",1795,"Suffolk County",25025,515,"Asthma",1,"Male",27,"Age-standardized",1985,"Rate",2.4277787252499,1.93873391655239,3.06357482468268
1,"Deaths",1795,"Suffolk County",25025,515,"Asthma",1,"Male",27,"Age-standardized",1986,"Rate",2.50185922469608,1.98368994351989,3.1111130206167
1,"Deaths",1795,"Suffolk County",25025,515,"Asthma",1,"Male",27,"Age-standardized",1987,"Rate",2.49145367423039,2.01528958955833,3.08887160712425
1,"Deaths",1795,"Suffolk County",25025,515,"Asthma",1,"Male",27,"Age-standardized",1988,"Rate",2.39033314755503,1.93594745907129,2.94656026455103
1,"Deaths",1795,"Suffolk County",25025,515,"Asthma",1,"Male",27,"Age-standardized",1989,"Rate",2.45729711959046,1.97268797195532,3.04051765735909
1,"Deaths",1795,"Suffolk County",25025,515,"Asthma",1,"Male",27,"Age-standardized",1990,"Rate",2.35622503564614,1.92304900531293,2.89892801675611
1,"Deaths",1795,"Suffolk County",25025,515,"Asthma",1,"Male",27,"Age-standardized",1991,"Rate",2.38370126722371,1.94606560945985,2.91118062476954
1,"Deaths",1795,"Suffolk County",25025,515,"Asthma",1,"Male",27,"Age-standardized",1992,"Rate",2.27289232026687,1.83822656895765,2.78980814579183
1,"Deaths",1795,"Suffolk County",25025,515,"Asthma",1,"Male",27,"Age-standardized",1993,"Rate",2.21871813799126,1.77281693510202,2.68649843886421
1,"Deaths",1795,"Suffolk County",25025,515,"Asthma",1,"Male",27,"Age-standardized",1994,"Rate",2.2339144600891,1.81822021857818,2.71585148079896
1,"Deaths",1795,"Suffolk County",25025,515,"Asthma",1,"Male",27,"Age-standardized",1995,"Rate",2.17809834344872,1.77634799240156,2.61636991450093
1,"Deaths",1795,"Suffolk County",25025,515,"Asthma",1,"Male",27,"Age-standardized",1996,"Rate",2.12419550687863,1.73221344061959,2.5926178115333
1,"Deaths",1795,"Suffolk County",25025,515,"Asthma",1,"Male",27,"Age-standardized",1997,"Rate",2.00868953606295,1.64560226110968,2.45098530061302
1,"Deaths",1795,"Suffolk County",25025,515,"Asthma",1,"Male",27,"Age-standardized",1998,"Rate",1.93016509794454,1.56843256439049,2.32820829170719
1,"Deaths",1795,"Suffolk County",25025,515,"Asthma",1,"Male",27,"Age-standardized",1999,"Rate",1.8107680142287,1.48990499313445,2.20734888443713
1,"Deaths",1795,"Suffolk County",25025,515,"Asthma",1,"Male",27,"Age-standardized",2000,"Rate",1.66506825125847,1.36923178025011,2.01122837805423
1,"Deaths",1795,"Suffolk County",25025,515,"Asthma",1,"Male",27,"Age-standardized",2001,"Rate",1.61342549527254,1.30744003474835,1.96044255275563
1,"Deaths",1795,"Suffolk County",25025,515,"Asthma",1,"Male",27,"Age-standardized",2002,"Rate",1.57692153113172,1.27858326394095,1.93042219576076
1,"Deaths",1795,"Suffolk County",25025,515,"Asthma",1,"Male",27,"Age-standardized",2003,"Rate",1.51869037130955,1.22193570932604,1.8534360249416
1,"Deaths",1795,"Suffolk County",25025,515,"Asthma",1,"Male",27,"Age-standardized",2004,"Rate",1.42384517199031,1.16882126751075,1.75304499214834
1,"Deaths",1795,"Suffolk County",25025,515,"Asthma",1,"Male",27,"Age-standardized",2005,"Rate",1.30776244357142,1.06521421734,1.60470957811995
1,"Deaths",1795,"Suffolk County",25025,515,"Asthma",1,"Male",27,"Age-standardized",2006,"Rate",1.19081113462483,0.956583197863744,1.45220557582146
1,"Deaths",1795,"Suffolk County",25025,515,"Asthma",1,"Male",27,"Age-standardized",2007,"Rate",1.10935273204635,0.892745518664505,1.36564685786212
1,"Deaths",1795,"Suffolk County",25025,515,"Asthma",1,"Male",27,"Age-standardized",2008,"Rate",1.10326320870092,0.890008023514274,1.35870112860419
1,"Deaths",1795,"Suffolk County",25025,515,"Asthma",1,"Male",27,"Age-standardized",2009,"Rate",0.998985048286926,0.804922850619242,1.23139044919951
1,"Deaths",1795,"Suffolk County",25025,515,"Asthma",1,"Male",27,"Age-standardized",2010,"Rate",0.998372637760822,0.787586205820668,1.2555805629228
1,"Deaths",1795,"Suffolk County",25025,515,"Asthma",1,"Male",27,"Age-standardized",2011,"Rate",0.973031681132755,0.767352590628871,1.2257836346808
1,"Deaths",1795,"Suffolk County",25025,515,"Asthma",1,"Male",27,"Age-standardized",2012,"Rate",0.991815197543456,0.788796059914886,1.23485179581917
1,"Deaths",1795,"Suffolk County",25025,515,"Asthma",1,"Male",27,"Age-standardized",2013,"Rate",0.923158618728614,0.729995317609929,1.16112243047018
1,"Deaths",1795,"Suffolk County",25025,515,"Asthma",1,"Male",27,"Age-standardized",2014,"Rate",0.924835015631213,0.716436326936877,1.15765627612833
1,"Deaths",1795,"Suffolk County",25025,515,"Asthma",2,"Female",27,"Age-standardized",1980,"Rate",2.78764205360489,2.27708927216346,3.2708290006578
1,"Deaths",1795,"Suffolk County",25025,515,"Asthma",2,"Female",27,"Age-standardized",1981,"Rate",2.71916516161665,2.17627147476982,3.15408253368394
1,"Deaths",1795,"Suffolk County",25025,515,"Asthma",2,"Female",27,"Age-standardized",1982,"Rate",2.68339529962447,2.19227445790612,3.10674122427068
1,"Deaths",1795,"Suffolk County",25025,515,"Asthma",2,"Female",27,"Age-standardized",1983,"Rate",2.7323279979107,2.26985869906237,3.15838049214824
1,"Deaths",1795,"Suffolk County",25025,515,"Asthma",2,"Female",27,"Age-standardized",1984,"Rate",2.70843087080826,2.31071718651537,3.10480411796783
1,"Deaths",1795,"Suffolk County",25025,515,"Asthma",2,"Female",27,"Age-standardized",1985,"Rate",2.74335289304771,2.28188395946509,3.14271056409108
1,"Deaths",1795,"Suffolk County",25025,515,"Asthma",2,"Female",27,"Age-standardized",1986,"Rate",2.82587663663352,2.41221685164549,3.22546613035205
1,"Deaths",1795,"Suffolk County",25025,515,"Asthma",2,"Female",27,"Age-standardized",1987,"Rate",2.86944699975417,2.46912625335469,3.26476129894141
1,"Deaths",1795,"Suffolk County",25025,515,"Asthma",2,"Female",27,"Age-standardized",1988,"Rate",3.01238783640989,2.58621642418689,3.46058607617534
1,"Deaths",1795,"Suffolk County",25025,515,"Asthma",2,"Female",27,"Age-standardized",1989,"Rate",2.91778228255417,2.50332476738735,3.32110370935029
1,"Deaths",1795,"Suffolk County",25025,515,"Asthma",2,"Female",27,"Age-standardized",1990,"Rate",2.96196812864611,2.58206970062123,3.36059041819158
1,"Deaths",1795,"Suffolk County",25025,515,"Asthma",2,"Female",27,"Age-standardized",1991,"Rate",2.94043593139473,2.54957960691531,3.3672198340225
1,"Deaths",1795,"Suffolk County",25025,515,"Asthma",2,"Female",27,"Age-standardized",1992,"Rate",3.06797858775975,2.66921490360534,3.48420503571587
1,"Deaths",1795,"Suffolk County",25025,515,"Asthma",2,"Female",27,"Age-standardized",1993,"Rate",3.02277097588012,2.63514066701569,3.44567989788001
1,"Deaths",1795,"Suffolk County",25025,515,"Asthma",2,"Female",27,"Age-standardized",1994,"Rate",3.00682150641049,2.62890907047388,3.46279569243077
1,"Deaths",1795,"Suffolk County",25025,515,"Asthma",2,"Female",27,"Age-standardized",1995,"Rate",3.06840056254133,2.67870254898348,3.5181672078703
1,"Deaths",1795,"Suffolk County",25025,515,"Asthma",2,"Female",27,"Age-standardized",1996,"Rate",2.92220820112678,2.54741879178747,3.33938469458665
1,"Deaths",1795,"Suffolk County",25025,515,"Asthma",2,"Female",27,"Age-standardized",1997,"Rate",2.91329522407949,2.53875935128699,3.37187980624487
1,"Deaths",1795,"Suffolk County",25025,515,"Asthma",2,"Female",27,"Age-standardized",1998,"Rate",2.76912871226291,2.40511961648839,3.18789845712498
1,"Deaths",1795,"Suffolk County",25025,515,"Asthma",2,"Female",27,"Age-standardized",1999,"Rate",2.6748106669773,2.33672203466312,3.1172466721113
1,"Deaths",1795,"Suffolk County",25025,515,"Asthma",2,"Female",27,"Age-standardized",2000,"Rate",2.53201333228323,2.16938065849677,2.95683961163196
1,"Deaths",1795,"Suffolk County",25025,515,"Asthma",2,"Female",27,"Age-standardized",2001,"Rate",2.48759305414319,2.14562814202733,2.89477854472752
1,"Deaths",1795,"Suffolk County",25025,515,"Asthma",2,"Female",27,"Age-standardized",2002,"Rate",2.3127250832865,2.00985678072181,2.71782060890299
1,"Deaths",1795,"Suffolk County",25025,515,"Asthma",2,"Female",27,"Age-standardized",2003,"Rate",2.22759356447176,1.91616617212633,2.6182500330555
1,"Deaths",1795,"Suffolk County",25025,515,"Asthma",2,"Female",27,"Age-standardized",2004,"Rate",2.12561795258636,1.84133439780137,2.49445553096591
1,"Deaths",1795,"Suffolk County",25025,515,"Asthma",2,"Female",27,"Age-standardized",2005,"Rate",2.05630646602913,1.74823442327452,2.43751799050913
1,"Deaths",1795,"Suffolk County",25025,515,"Asthma",2,"Female",27,"Age-standardized",2006,"Rate",1.84534945291237,1.5771491508518,2.17955712013954
1,"Deaths",1795,"Suffolk County",25025,515,"Asthma",2,"Female",27,"Age-standardized",2007,"Rate",1.75395233962434,1.47887862754023,2.0859307899084
1,"Deaths",1795,"Suffolk County",25025,515,"Asthma",2,"Female",27,"Age-standardized",2008,"Rate",1.68339241266805,1.4352628109637,2.01142351135127
1,"Deaths",1795,"Suffolk County",25025,515,"Asthma",2,"Female",27,"Age-standardized",2009,"Rate",1.57360096662468,1.32010205737263,1.9098606793552
1,"Deaths",1795,"Suffolk County",25025,515,"Asthma",2,"Female",27,"Age-standardized",2010,"Rate",1.52701602780238,1.27753328310487,1.87699970572329
1,"Deaths",1795,"Suffolk County",25025,515,"Asthma",2,"Female",27,"Age-standardized",2011,"Rate",1.51976528807201,1.26907257816239,1.85437215512433
1,"Deaths",1795,"Suffolk County",25025,515,"Asthma",2,"Female",27,"Age-standardized",2012,"Rate",1.49873361024155,1.23456090935691,1.84664473543826
1,"Deaths",1795,"Suffolk County",25025,515,"Asthma",2,"Female",27,"Age-standardized",2013,"Rate",1.49764113085047,1.22844036019262,1.86373251060647
1,"Deaths",1795,"Suffolk County",25025,515,"Asthma",2,"Female",27,"Age-standardized",2014,"Rate",1.43092647883616,1.16867927468935,1.79952733915062
1,"Deaths",1795,"Suffolk County",25025,515,"Asthma",3,"Both",27,"Age-standardized",1980,"Rate",2.86014381541683,2.44377622632151,3.28214120937487
1,"Deaths",1795,"Suffolk County",25025,515,"Asthma",3,"Both",27,"Age-standardized",1981,"Rate",2.75075627466413,2.34871302200671,3.13987709807086
1,"Deaths",1795,"Suffolk County",25025,515,"Asthma",3,"Both",27,"Age-standardized",1982,"Rate",2.66087543898862,2.29995693940233,3.02933114893831
1,"Deaths",1795,"Suffolk County",25025,515,"Asthma",3,"Both",27,"Age-standardized",1983,"Rate",2.72967732807498,2.36111601774957,3.10143266505208
1,"Deaths",1795,"Suffolk County",25025,515,"Asthma",3,"Both",27,"Age-standardized",1984,"Rate",2.67902951992441,2.32423650137745,3.03565817886353
1,"Deaths",1795,"Suffolk County",25025,515,"Asthma",3,"Both",27,"Age-standardized",1985,"Rate",2.60948031199889,2.26790038926158,2.93219405492392
1,"Deaths",1795,"Suffolk County",25025,515,"Asthma",3,"Both",27,"Age-standardized",1986,"Rate",2.68759977271661,2.36440708762238,3.02605161051161
1,"Deaths",1795,"Suffolk County",25025,515,"Asthma",3,"Both",27,"Age-standardized",1987,"Rate",2.71299579782535,2.39485485352574,3.0367825619592
1,"Deaths",1795,"Suffolk County",25025,515,"Asthma",3,"Both",27,"Age-standardized",1988,"Rate",2.75493757936972,2.4399702036212,3.0793020667282
1,"Deaths",1795,"Suffolk County",25025,515,"Asthma",3,"Both",27,"Age-standardized",1989,"Rate",2.72956866246103,2.41855161547386,3.04612244600763
1,"Deaths",1795,"Suffolk County",25025,515,"Asthma",3,"Both",27,"Age-standardized",1990,"Rate",2.70760662020293,2.40098969194155,3.03114069282021
1,"Deaths",1795,"Suffolk County",25025,515,"Asthma",3,"Both",27,"Age-standardized",1991,"Rate",2.7100497029564,2.42684878235499,3.05094599004616
1,"Deaths",1795,"Suffolk County",25025,515,"Asthma",3,"Both",27,"Age-standardized",1992,"Rate",2.74087691935785,2.42927841433185,3.07438217734231
1,"Deaths",1795,"Suffolk County",25025,515,"Asthma",3,"Both",27,"Age-standardized",1993,"Rate",2.68849766632274,2.37993517805974,3.00196697003458
1,"Deaths",1795,"Suffolk County",25025,515,"Asthma",3,"Both",27,"Age-standardized",1994,"Rate",2.68973494683123,2.40500819790541,3.03298244442585
1,"Deaths",1795,"Suffolk County",25025,515,"Asthma",3,"Both",27,"Age-standardized",1995,"Rate",2.70356389393114,2.40929887236103,3.02895684430694
1,"Deaths",1795,"Suffolk County",25025,515,"Asthma",3,"Both",27,"Age-standardized",1996,"Rate",2.60099844659394,2.32879005150107,2.92112868964268
1,"Deaths",1795,"Suffolk County",25025,515,"Asthma",3,"Both",27,"Age-standardized",1997,"Rate",2.5524292966373,2.29002903323008,2.88836935954139
1,"Deaths",1795,"Suffolk County",25025,515,"Asthma",3,"Both",27,"Age-standardized",1998,"Rate",2.43498565339965,2.17667540918162,2.72999478729883
1,"Deaths",1795,"Suffolk County",25025,515,"Asthma",3,"Both",27,"Age-standardized",1999,"Rate",2.32814106902956,2.08208650531347,2.62839846359807
1,"Deaths",1795,"Suffolk County",25025,515,"Asthma",3,"Both",27,"Age-standardized",2000,"Rate",2.18158386770321,1.94453956112314,2.48199873235431
1,"Deaths",1795,"Suffolk County",25025,515,"Asthma",3,"Both",27,"Age-standardized",2001,"Rate",2.13125894309762,1.8891912570467,2.41835916131838
1,"Deaths",1795,"Suffolk County",25025,515,"Asthma",3,"Both",27,"Age-standardized",2002,"Rate",2.01764406577524,1.78169368289225,2.30519733782756
1,"Deaths",1795,"Suffolk County",25025,515,"Asthma",3,"Both",27,"Age-standardized",2003,"Rate",1.94257982758625,1.7198172519776,2.22710641668003
1,"Deaths",1795,"Suffolk County",25025,515,"Asthma",3,"Both",27,"Age-standardized",2004,"Rate",1.84463850689366,1.64071463590573,2.12063741941685
1,"Deaths",1795,"Suffolk County",25025,515,"Asthma",3,"Both",27,"Age-standardized",2005,"Rate",1.75101824032328,1.55487831797861,2.00037879755433
1,"Deaths",1795,"Suffolk County",25025,515,"Asthma",3,"Both",27,"Age-standardized",2006,"Rate",1.57976780944106,1.39532603653365,1.82259992644445
1,"Deaths",1795,"Suffolk County",25025,515,"Asthma",3,"Both",27,"Age-standardized",2007,"Rate",1.48995660032007,1.31171052900233,1.71511224340356
1,"Deaths",1795,"Suffolk County",25025,515,"Asthma",3,"Both",27,"Age-standardized",2008,"Rate",1.44721607160736,1.26391381948002,1.68994553201234
1,"Deaths",1795,"Suffolk County",25025,515,"Asthma",3,"Both",27,"Age-standardized",2009,"Rate",1.33444820022908,1.16309725785874,1.56155827929131
1,"Deaths",1795,"Suffolk County",25025,515,"Asthma",3,"Both",27,"Age-standardized",2010,"Rate",1.3090485195815,1.13206883846796,1.5394930133473
1,"Deaths",1795,"Suffolk County",25025,515,"Asthma",3,"Both",27,"Age-standardized",2011,"Rate",1.29389155144575,1.12486345259071,1.52138998774254
1,"Deaths",1795,"Suffolk County",25025,515,"Asthma",3,"Both",27,"Age-standardized",2012,"Rate",1.29039038003455,1.11044361906307,1.52990919449994
1,"Deaths",1795,"Suffolk County",25025,515,"Asthma",3,"Both",27,"Age-standardized",2013,"Rate",1.25824256461187,1.08464521858423,1.48010120520157
1,"Deaths",1795,"Suffolk County",25025,515,"Asthma",3,"Both",27,"Age-standardized",2014,"Rate",1.22315994774638,1.04145910768552,1.47191226168744
1,"Deaths",1793,"Worcester County",25027,515,"Asthma",1,"Male",27,"Age-standardized",1980,"Rate",1.92877207675423,1.50980581112788,2.49980772087144
1,"Deaths",1793,"Worcester County",25027,515,"Asthma",1,"Male",27,"Age-standardized",1981,"Rate",1.82898179462472,1.43998882394368,2.3185534782576
1,"Deaths",1793,"Worcester County",25027,515,"Asthma",1,"Male",27,"Age-standardized",1982,"Rate",1.68473890753859,1.33857991687515,2.12914653625373
1,"Deaths",1793,"Worcester County",25027,515,"Asthma",1,"Male",27,"Age-standardized",1983,"Rate",1.68248722419213,1.33500114398501,2.09072687133834
1,"Deaths",1793,"Worcester County",25027,515,"Asthma",1,"Male",27,"Age-standardized",1984,"Rate",1.71137709614753,1.34726807653768,2.16249301819591
1,"Deaths",1793,"Worcester County",25027,515,"Asthma",1,"Male",27,"Age-standardized",1985,"Rate",1.5915117060454,1.24169900708766,1.98466360590674
1,"Deaths",1793,"Worcester County",25027,515,"Asthma",1,"Male",27,"Age-standardized",1986,"Rate",1.64827242916863,1.33115260645121,2.03981334881997
1,"Deaths",1793,"Worcester County",25027,515,"Asthma",1,"Male",27,"Age-standardized",1987,"Rate",1.59948440905388,1.25275176822337,1.96914056799512
1,"Deaths",1793,"Worcester County",25027,515,"Asthma",1,"Male",27,"Age-standardized",1988,"Rate",1.53216050075371,1.21678957506704,1.90326745050408
1,"Deaths",1793,"Worcester County",25027,515,"Asthma",1,"Male",27,"Age-standardized",1989,"Rate",1.48898150185589,1.17651225729578,1.85959523106615
1,"Deaths",1793,"Worcester County",25027,515,"Asthma",1,"Male",27,"Age-standardized",1990,"Rate",1.55003363947832,1.24071436290464,1.93094074203416
1,"Deaths",1793,"Worcester County",25027,515,"Asthma",1,"Male",27,"Age-standardized",1991,"Rate",1.52382780299592,1.23062476074278,1.85784216789251
1,"Deaths",1793,"Worcester County",25027,515,"Asthma",1,"Male",27,"Age-standardized",1992,"Rate",1.52324756292224,1.23340484955928,1.87036360353989
1,"Deaths",1793,"Worcester County",25027,515,"Asthma",1,"Male",27,"Age-standardized",1993,"Rate",1.49408604816297,1.21568261952765,1.8451366891632
1,"Deaths",1793,"Worcester County",25027,515,"Asthma",1,"Male",27,"Age-standardized",1994,"Rate",1.49605816598109,1.1943586196004,1.85428848232827
1,"Deaths",1793,"Worcester County",25027,515,"Asthma",1,"Male",27,"Age-standardized",1995,"Rate",1.54614976870953,1.25147268678537,1.89651460372479
1,"Deaths",1793,"Worcester County",25027,515,"Asthma",1,"Male",27,"Age-standardized",1996,"Rate",1.50085658918332,1.1845290847527,1.8602398237572
1,"Deaths",1793,"Worcester County",25027,515,"Asthma",1,"Male",27,"Age-standardized",1997,"Rate",1.3717394633282,1.1015705713757,1.67808214988082
1,"Deaths",1793,"Worcester County",25027,515,"Asthma",1,"Male",27,"Age-standardized",1998,"Rate",1.37445848491845,1.11233548850374,1.71077464544432
1,"Deaths",1793,"Worcester County",25027,515,"Asthma",1,"Male",27,"Age-standardized",1999,"Rate",1.2741096473638,1.03214172027508,1.56801094021053
1,"Deaths",1793,"Worcester County",25027,515,"Asthma",1,"Male",27,"Age-standardized",2000,"Rate",1.19586847214891,0.959463496374811,1.45087684353768
1,"Deaths",1793,"Worcester County",25027,515,"Asthma",1,"Male",27,"Age-standardized",2001,"Rate",1.12679472260464,0.912235897630262,1.40322181475633
1,"Deaths",1793,"Worcester County",25027,515,"Asthma",1,"Male",27,"Age-standardized",2002,"Rate",1.07542313694386,0.86027480134215,1.33149601855607
1,"Deaths",1793,"Worcester County",25027,515,"Asthma",1,"Male",27,"Age-standardized",2003,"Rate",1.04581746125503,0.837523859528457,1.27824837598671
1,"Deaths",1793,"Worcester County",25027,515,"Asthma",1,"Male",27,"Age-standardized",2004,"Rate",0.955039262353168,0.773980532974587,1.18024317590724
1,"Deaths",1793,"Worcester County",25027,515,"Asthma",1,"Male",27,"Age-standardized",2005,"Rate",0.896968995435019,0.728207176203942,1.10390549481979
1,"Deaths",1793,"Worcester County",25027,515,"Asthma",1,"Male",27,"Age-standardized",2006,"Rate",0.819429345140912,0.644562420191734,1.01490679888126
1,"Deaths",1793,"Worcester County",25027,515,"Asthma",1,"Male",27,"Age-standardized",2007,"Rate",0.806606437605269,0.64160116311877,0.997573503460826
1,"Deaths",1793,"Worcester County",25027,515,"Asthma",1,"Male",27,"Age-standardized",2008,"Rate",0.79491669463043,0.624363678646338,0.99749989502583
1,"Deaths",1793,"Worcester County",25027,515,"Asthma",1,"Male",27,"Age-standardized",2009,"Rate",0.750358850400903,0.595056493715847,0.93141812794745
1,"Deaths",1793,"Worcester County",25027,515,"Asthma",1,"Male",27,"Age-standardized",2010,"Rate",0.739846556647722,0.595861572673667,0.925623762513798
1,"Deaths",1793,"Worcester County",25027,515,"Asthma",1,"Male",27,"Age-standardized",2011,"Rate",0.727875541671366,0.572187024587589,0.925478898654322
1,"Deaths",1793,"Worcester County",25027,515,"Asthma",1,"Male",27,"Age-standardized",2012,"Rate",0.712352941765245,0.556249245984641,0.885041682158226
1,"Deaths",1793,"Worcester County",25027,515,"Asthma",1,"Male",27,"Age-standardized",2013,"Rate",0.73040201390824,0.570373117654164,0.920952755051025
1,"Deaths",1793,"Worcester County",25027,515,"Asthma",1,"Male",27,"Age-standardized",2014,"Rate",0.724620210405784,0.563860401424761,0.91463224425413
1,"Deaths",1793,"Worcester County",25027,515,"Asthma",2,"Female",27,"Age-standardized",1980,"Rate",1.89275691127665,1.52280808982732,2.27027420782009
1,"Deaths",1793,"Worcester County",25027,515,"Asthma",2,"Female",27,"Age-standardized",1981,"Rate",1.82827516273142,1.46115563670881,2.16312846407423
1,"Deaths",1793,"Worcester County",25027,515,"Asthma",2,"Female",27,"Age-standardized",1982,"Rate",1.74630644108224,1.41633167555238,2.03608715582913
1,"Deaths",1793,"Worcester County",25027,515,"Asthma",2,"Female",27,"Age-standardized",1983,"Rate",1.79195416748559,1.46713538833847,2.09626663059288
1,"Deaths",1793,"Worcester County",25027,515,"Asthma",2,"Female",27,"Age-standardized",1984,"Rate",1.81126896706436,1.50796725659463,2.12572023332796
1,"Deaths",1793,"Worcester County",25027,515,"Asthma",2,"Female",27,"Age-standardized",1985,"Rate",1.84990362677143,1.55782688675726,2.15822946771054
1,"Deaths",1793,"Worcester County",25027,515,"Asthma",2,"Female",27,"Age-standardized",1986,"Rate",1.86321671774711,1.57176334639603,2.17881086690031
1,"Deaths",1793,"Worcester County",25027,515,"Asthma",2,"Female",27,"Age-standardized",1987,"Rate",1.93912344634168,1.64667473429011,2.24602567347849
1,"Deaths",1793,"Worcester County",25027,515,"Asthma",2,"Female",27,"Age-standardized",1988,"Rate",1.95255722003509,1.64527928657982,2.25621085219384
1,"Deaths",1793,"Worcester County",25027,515,"Asthma",2,"Female",27,"Age-standardized",1989,"Rate",2.02683755761961,1.72584075791194,2.34340018770246
1,"Deaths",1793,"Worcester County",25027,515,"Asthma",2,"Female",27,"Age-standardized",1990,"Rate",1.94934263531562,1.67577289836873,2.25521980680284
1,"Deaths",1793,"Worcester County",25027,515,"Asthma",2,"Female",27,"Age-standardized",1991,"Rate",2.0072910503963,1.7085733796668,2.32202912288004
1,"Deaths",1793,"Worcester County",25027,515,"Asthma",2,"Female",27,"Age-standardized",1992,"Rate",1.97540728188726,1.70743167925919,2.25475767333488
1,"Deaths",1793,"Worcester County",25027,515,"Asthma",2,"Female",27,"Age-standardized",1993,"Rate",2.05124191586808,1.75932797584917,2.37868071372574
1,"Deaths",1793,"Worcester County",25027,515,"Asthma",2,"Female",27,"Age-standardized",1994,"Rate",2.07121601497396,1.80152294177717,2.3893542094878
1,"Deaths",1793,"Worcester County",25027,515,"Asthma",2,"Female",27,"Age-standardized",1995,"Rate",2.12806269017389,1.82525116912862,2.48395680578338
1,"Deaths",1793,"Worcester County",25027,515,"Asthma",2,"Female",27,"Age-standardized",1996,"Rate",2.06928984561398,1.79485495575456,2.38860432194551
1,"Deaths",1793,"Worcester County",25027,515,"Asthma",2,"Female",27,"Age-standardized",1997,"Rate",2.05552597525538,1.77129137415188,2.40144964719729
1,"Deaths",1793,"Worcester County",25027,515,"Asthma",2,"Female",27,"Age-standardized",1998,"Rate",2.02372494025984,1.7356140472955,2.3734619898276
1,"Deaths",1793,"Worcester County",25027,515,"Asthma",2,"Female",27,"Age-standardized",1999,"Rate",1.89338488313524,1.60367292202092,2.19737844068411
1,"Deaths",1793,"Worcester County",25027,515,"Asthma",2,"Female",27,"Age-standardized",2000,"Rate",1.8460142553773,1.57855426903046,2.1919322143256
1,"Deaths",1793,"Worcester County",25027,515,"Asthma",2,"Female",27,"Age-standardized",2001,"Rate",1.75137195952036,1.51074060550612,2.09283317376404
1,"Deaths",1793,"Worcester County",25027,515,"Asthma",2,"Female",27,"Age-standardized",2002,"Rate",1.66625643648179,1.41768942820265,1.95692799995844
1,"Deaths",1793,"Worcester County",25027,515,"Asthma",2,"Female",27,"Age-standardized",2003,"Rate",1.5400914764112,1.30650699768036,1.82343225161091
1,"Deaths",1793,"Worcester County",25027,515,"Asthma",2,"Female",27,"Age-standardized",2004,"Rate",1.46016130428491,1.22655230843922,1.80410643818783
1,"Deaths",1793,"Worcester County",25027,515,"Asthma",2,"Female",27,"Age-standardized",2005,"Rate",1.44283741131882,1.20474175743289,1.72681473501742
1,"Deaths",1793,"Worcester County",25027,515,"Asthma",2,"Female",27,"Age-standardized",2006,"Rate",1.33030028824386,1.11390594825121,1.60130421747966
1,"Deaths",1793,"Worcester County",25027,515,"Asthma",2,"Female",27,"Age-standardized",2007,"Rate",1.2573260151548,1.05797722419093,1.54901850630143
1,"Deaths",1793,"Worcester County",25027,515,"Asthma",2,"Female",27,"Age-standardized",2008,"Rate",1.22414247413351,1.02388688838654,1.50351423311416
1,"Deaths",1793,"Worcester County",25027,515,"Asthma",2,"Female",27,"Age-standardized",2009,"Rate",1.1925842770525,0.981457404020745,1.49408396583052
1,"Deaths",1793,"Worcester County",25027,515,"Asthma",2,"Female",27,"Age-standardized",2010,"Rate",1.10937724168157,0.921767090137836,1.37399016217456
1,"Deaths",1793,"Worcester County",25027,515,"Asthma",2,"Female",27,"Age-standardized",2011,"Rate",1.11651103923474,0.918630966735445,1.37361910621211
1,"Deaths",1793,"Worcester County",25027,515,"Asthma",2,"Female",27,"Age-standardized",2012,"Rate",1.10286402017114,0.907525537854886,1.37048090801276
1,"Deaths",1793,"Worcester County",25027,515,"Asthma",2,"Female",27,"Age-standardized",2013,"Rate",1.09428700404794,0.896192525145801,1.37555328705045
1,"Deaths",1793,"Worcester County",25027,515,"Asthma",2,"Female",27,"Age-standardized",2014,"Rate",1.08158081648573,0.889093770052144,1.36778995669525
1,"Deaths",1793,"Worcester County",25027,515,"Asthma",3,"Both",27,"Age-standardized",1980,"Rate",1.89430476484837,1.60149126650306,2.2132334403825
1,"Deaths",1793,"Worcester County",25027,515,"Asthma",3,"Both",27,"Age-standardized",1981,"Rate",1.81474256352889,1.52621816166327,2.07688253878828
1,"Deaths",1793,"Worcester County",25027,515,"Asthma",3,"Both",27,"Age-standardized",1982,"Rate",1.71037812489442,1.4581364600658,1.95346978530502
1,"Deaths",1793,"Worcester County",25027,515,"Asthma",3,"Both",27,"Age-standardized",1983,"Rate",1.73839592649181,1.47765287562159,2.00395738027839
1,"Deaths",1793,"Worcester County",25027,515,"Asthma",3,"Both",27,"Age-standardized",1984,"Rate",1.7630988379489,1.5200797007297,2.03137218344413
1,"Deaths",1793,"Worcester County",25027,515,"Asthma",3,"Both",27,"Age-standardized",1985,"Rate",1.73646375325812,1.49461857873737,1.97598861425643
1,"Deaths",1793,"Worcester County",25027,515,"Asthma",3,"Both",27,"Age-standardized",1986,"Rate",1.77116764672937,1.54344701611917,2.00325046664827
1,"Deaths",1793,"Worcester County",25027,515,"Asthma",3,"Both",27,"Age-standardized",1987,"Rate",1.79465148958382,1.57106419535202,2.03812927391526
1,"Deaths",1793,"Worcester County",25027,515,"Asthma",3,"Both",27,"Age-standardized",1988,"Rate",1.77718609682834,1.56600766572588,2.01503535950756
1,"Deaths",1793,"Worcester County",25027,515,"Asthma",3,"Both",27,"Age-standardized",1989,"Rate",1.80448197966015,1.58360369508737,2.05597154784155
1,"Deaths",1793,"Worcester County",25027,515,"Asthma",3,"Both",27,"Age-standardized",1990,"Rate",1.78141416042972,1.56756656871852,2.00033276578141
1,"Deaths",1793,"Worcester County",25027,515,"Asthma",3,"Both",27,"Age-standardized",1991,"Rate",1.80524284666892,1.58981500543565,2.04382995460135
1,"Deaths",1793,"Worcester County",25027,515,"Asthma",3,"Both",27,"Age-standardized",1992,"Rate",1.78678808868928,1.57815276224235,2.02900872789768
1,"Deaths",1793,"Worcester County",25027,515,"Asthma",3,"Both",27,"Age-standardized",1993,"Rate",1.81963110735047,1.61269328889418,2.05130255321386
1,"Deaths",1793,"Worcester County",25027,515,"Asthma",3,"Both",27,"Age-standardized",1994,"Rate",1.83346842880087,1.62244342052699,2.06937815790321
1,"Deaths",1793,"Worcester County",25027,515,"Asthma",3,"Both",27,"Age-standardized",1995,"Rate",1.88550153875518,1.66643124844644,2.14372289151681
1,"Deaths",1793,"Worcester County",25027,515,"Asthma",3,"Both",27,"Age-standardized",1996,"Rate",1.83268297968599,1.62841719087643,2.07299712175601
1,"Deaths",1793,"Worcester County",25027,515,"Asthma",3,"Both",27,"Age-standardized",1997,"Rate",1.77084293005608,1.56963494374893,2.01879804875119
1,"Deaths",1793,"Worcester County",25027,515,"Asthma",3,"Both",27,"Age-standardized",1998,"Rate",1.75790453431862,1.54920494105871,1.99754254243234
1,"Deaths",1793,"Worcester County",25027,515,"Asthma",3,"Both",27,"Age-standardized",1999,"Rate",1.6357627047499,1.42935702167734,1.86247786798591
1,"Deaths",1793,"Worcester County",25027,515,"Asthma",3,"Both",27,"Age-standardized",2000,"Rate",1.57890834793916,1.38205139473138,1.80280120409154
1,"Deaths",1793,"Worcester County",25027,515,"Asthma",3,"Both",27,"Age-standardized",2001,"Rate",1.49156948833104,1.31288908610554,1.72295602162339
1,"Deaths",1793,"Worcester County",25027,515,"Asthma",3,"Both",27,"Age-standardized",2002,"Rate",1.42011155316374,1.24887348132195,1.6220660552356
1,"Deaths",1793,"Worcester County",25027,515,"Asthma",3,"Both",27,"Age-standardized",2003,"Rate",1.33460849049561,1.17290439314663,1.53103381925411
1,"Deaths",1793,"Worcester County",25027,515,"Asthma",3,"Both",27,"Age-standardized",2004,"Rate",1.25000785126706,1.09180118297221,1.46259685928067
1,"Deaths",1793,"Worcester County",25027,515,"Asthma",3,"Both",27,"Age-standardized",2005,"Rate",1.21464884006742,1.05311353499136,1.40723999041458
1,"Deaths",1793,"Worcester County",25027,515,"Asthma",3,"Both",27,"Age-standardized",2006,"Rate",1.11439611727346,0.958789518416084,1.30671607695998
1,"Deaths",1793,"Worcester County",25027,515,"Asthma",3,"Both",27,"Age-standardized",2007,"Rate",1.06803797774052,0.930444158077847,1.23432023839648
1,"Deaths",1793,"Worcester County",25027,515,"Asthma",3,"Both",27,"Age-standardized",2008,"Rate",1.04212637933314,0.904392863753578,1.21078622521341
1,"Deaths",1793,"Worcester County",25027,515,"Asthma",3,"Both",27,"Age-standardized",2009,"Rate",1.00447432076594,0.868219040129697,1.19925010312947
1,"Deaths",1793,"Worcester County",25027,515,"Asthma",3,"Both",27,"Age-standardized",2010,"Rate",0.952630048012203,0.822279201658581,1.12363378656859
1,"Deaths",1793,"Worcester County",25027,515,"Asthma",3,"Both",27,"Age-standardized",2011,"Rate",0.951911315180479,0.821129941566136,1.12831293773565
1,"Deaths",1793,"Worcester County",25027,515,"Asthma",3,"Both",27,"Age-standardized",2012,"Rate",0.9376383396371,0.80115957900134,1.10752602738071
1,"Deaths",1793,"Worcester County",25027,515,"Asthma",3,"Both",27,"Age-standardized",2013,"Rate",0.939496359381782,0.796100556592912,1.12180495526041
1,"Deaths",1793,"Worcester County",25027,515,"Asthma",3,"Both",27,"Age-standardized",2014,"Rate",0.930983310804403,0.78790738679172,1.12298884885913
1,"Deaths",544,"Massachusetts",25,516,"Interstitial lung disease and pulmonary sarcoidosis",1,"Male",27,"Age-standardized",1980,"Rate",3.37929871133208,2.72023993166491,5.77100787037185
1,"Deaths",544,"Massachusetts",25,516,"Interstitial lung disease and pulmonary sarcoidosis",1,"Male",27,"Age-standardized",1981,"Rate",3.40730204659759,2.74676118360671,5.78527249790583
1,"Deaths",544,"Massachusetts",25,516,"Interstitial lung disease and pulmonary sarcoidosis",1,"Male",27,"Age-standardized",1982,"Rate",3.4047618520502,2.76632829478819,5.77525583193475
1,"Deaths",544,"Massachusetts",25,516,"Interstitial lung disease and pulmonary sarcoidosis",1,"Male",27,"Age-standardized",1983,"Rate",3.52778543151411,2.87438405064776,5.89211995275626
1,"Deaths",544,"Massachusetts",25,516,"Interstitial lung disease and pulmonary sarcoidosis",1,"Male",27,"Age-standardized",1984,"Rate",3.61544461888187,2.97332125055194,6.01526544942145
1,"Deaths",544,"Massachusetts",25,516,"Interstitial lung disease and pulmonary sarcoidosis",1,"Male",27,"Age-standardized",1985,"Rate",3.74495563151078,3.1176283824215,6.10306866034945
1,"Deaths",544,"Massachusetts",25,516,"Interstitial lung disease and pulmonary sarcoidosis",1,"Male",27,"Age-standardized",1986,"Rate",3.86323705312001,3.23592607719322,6.2102372856285
1,"Deaths",544,"Massachusetts",25,516,"Interstitial lung disease and pulmonary sarcoidosis",1,"Male",27,"Age-standardized",1987,"Rate",3.97176603476202,3.34473331435314,6.30554098380797
1,"Deaths",544,"Massachusetts",25,516,"Interstitial lung disease and pulmonary sarcoidosis",1,"Male",27,"Age-standardized",1988,"Rate",4.04825328716898,3.45934511778902,6.34777146871931
1,"Deaths",544,"Massachusetts",25,516,"Interstitial lung disease and pulmonary sarcoidosis",1,"Male",27,"Age-standardized",1989,"Rate",4.19128482148593,3.59940395680867,6.3739394363129
1,"Deaths",544,"Massachusetts",25,516,"Interstitial lung disease and pulmonary sarcoidosis",1,"Male",27,"Age-standardized",1990,"Rate",4.22742889680947,3.63548757434563,6.36753638277546
1,"Deaths",544,"Massachusetts",25,516,"Interstitial lung disease and pulmonary sarcoidosis",1,"Male",27,"Age-standardized",1991,"Rate",4.34537214992947,3.73744776672731,6.36658894123004
1,"Deaths",544,"Massachusetts",25,516,"Interstitial lung disease and pulmonary sarcoidosis",1,"Male",27,"Age-standardized",1992,"Rate",4.51311399818667,3.87023751807128,6.47031796892383
1,"Deaths",544,"Massachusetts",25,516,"Interstitial lung disease and pulmonary sarcoidosis",1,"Male",27,"Age-standardized",1993,"Rate",4.65207701354393,3.94304233176531,6.51617176429421
1,"Deaths",544,"Massachusetts",25,516,"Interstitial lung disease and pulmonary sarcoidosis",1,"Male",27,"Age-standardized",1994,"Rate",4.80949034660819,4.01114702961222,6.72182783477528
1,"Deaths",544,"Massachusetts",25,516,"Interstitial lung disease and pulmonary sarcoidosis",1,"Male",27,"Age-standardized",1995,"Rate",5.02732236344084,4.1309849728847,6.84364466758736
1,"Deaths",544,"Massachusetts",25,516,"Interstitial lung disease and pulmonary sarcoidosis",1,"Male",27,"Age-standardized",1996,"Rate",5.15761707199784,4.14741234117518,6.84471743842285
1,"Deaths",544,"Massachusetts",25,516,"Interstitial lung disease and pulmonary sarcoidosis",1,"Male",27,"Age-standardized",1997,"Rate",5.22414914434406,4.08640657126074,6.72754339522584
1,"Deaths",544,"Massachusetts",25,516,"Interstitial lung disease and pulmonary sarcoidosis",1,"Male",27,"Age-standardized",1998,"Rate",5.51759740116731,4.1887798720474,6.85600162016247
1,"Deaths",544,"Massachusetts",25,516,"Interstitial lung disease and pulmonary sarcoidosis",1,"Male",27,"Age-standardized",1999,"Rate",5.77017009100928,4.22315065377325,6.98283211334132
1,"Deaths",544,"Massachusetts",25,516,"Interstitial lung disease and pulmonary sarcoidosis",1,"Male",27,"Age-standardized",2000,"Rate",6.08681240417095,4.36456774397991,7.12870096314216
1,"Deaths",544,"Massachusetts",25,516,"Interstitial lung disease and pulmonary sarcoidosis",1,"Male",27,"Age-standardized",2001,"Rate",6.25538039972141,4.30817757711848,7.15395041870544
1,"Deaths",544,"Massachusetts",25,516,"Interstitial lung disease and pulmonary sarcoidosis",1,"Male",27,"Age-standardized",2002,"Rate",6.45710233141098,4.40049532452949,7.31742170451462
1,"Deaths",544,"Massachusetts",25,516,"Interstitial lung disease and pulmonary sarcoidosis",1,"Male",27,"Age-standardized",2003,"Rate",6.58254227331535,4.45857009215361,7.43418197579981
1,"Deaths",544,"Massachusetts",25,516,"Interstitial lung disease and pulmonary sarcoidosis",1,"Male",27,"Age-standardized",2004,"Rate",6.68086800248456,4.39632833095851,7.53039897363929
1,"Deaths",544,"Massachusetts",25,516,"Interstitial lung disease and pulmonary sarcoidosis",1,"Male",27,"Age-standardized",2005,"Rate",6.78730856943364,4.39439448737437,7.69264060645691
1,"Deaths",544,"Massachusetts",25,516,"Interstitial lung disease and pulmonary sarcoidosis",1,"Male",27,"Age-standardized",2006,"Rate",6.87909487666425,4.40253413384446,7.81996252735544
1,"Deaths",544,"Massachusetts",25,516,"Interstitial lung disease and pulmonary sarcoidosis",1,"Male",27,"Age-standardized",2007,"Rate",6.92708314240192,4.39378877129576,7.84573517028427
1,"Deaths",544,"Massachusetts",25,516,"Interstitial lung disease and pulmonary sarcoidosis",1,"Male",27,"Age-standardized",2008,"Rate",7.04262679913511,4.38761352385483,8.02678467839288
1,"Deaths",544,"Massachusetts",25,516,"Interstitial lung disease and pulmonary sarcoidosis",1,"Male",27,"Age-standardized",2009,"Rate",7.17352753744057,4.48731854432285,8.18326550916475
1,"Deaths",544,"Massachusetts",25,516,"Interstitial lung disease and pulmonary sarcoidosis",1,"Male",27,"Age-standardized",2010,"Rate",7.18990676414585,4.4301283302229,8.1947215754268
1,"Deaths",544,"Massachusetts",25,516,"Interstitial lung disease and pulmonary sarcoidosis",1,"Male",27,"Age-standardized",2011,"Rate",7.36659389913712,4.55759612832834,8.44750531213233
1,"Deaths",544,"Massachusetts",25,516,"Interstitial lung disease and pulmonary sarcoidosis",1,"Male",27,"Age-standardized",2012,"Rate",7.27250074217349,4.54879912266209,8.36693051094581
1,"Deaths",544,"Massachusetts",25,516,"Interstitial lung disease and pulmonary sarcoidosis",1,"Male",27,"Age-standardized",2013,"Rate",7.38114032464103,4.59136731887663,8.49568817680489
1,"Deaths",544,"Massachusetts",25,516,"Interstitial lung disease and pulmonary sarcoidosis",1,"Male",27,"Age-standardized",2014,"Rate",7.65656945687793,4.70598241526345,8.80351772971848
1,"Deaths",544,"Massachusetts",25,516,"Interstitial lung disease and pulmonary sarcoidosis",2,"Female",27,"Age-standardized",1980,"Rate",1.63718660013357,1.34211225763793,2.84923287067062
1,"Deaths",544,"Massachusetts",25,516,"Interstitial lung disease and pulmonary sarcoidosis",2,"Female",27,"Age-standardized",1981,"Rate",1.65233505537926,1.36467547415946,2.88046982342248
1,"Deaths",544,"Massachusetts",25,516,"Interstitial lung disease and pulmonary sarcoidosis",2,"Female",27,"Age-standardized",1982,"Rate",1.66772066496064,1.39270936867759,2.82147380150431
1,"Deaths",544,"Massachusetts",25,516,"Interstitial lung disease and pulmonary sarcoidosis",2,"Female",27,"Age-standardized",1983,"Rate",1.73761019933439,1.44643082355944,2.88610968646208
1,"Deaths",544,"Massachusetts",25,516,"Interstitial lung disease and pulmonary sarcoidosis",2,"Female",27,"Age-standardized",1984,"Rate",1.80706476199819,1.50761537217701,2.98616828399431
1,"Deaths",544,"Massachusetts",25,516,"Interstitial lung disease and pulmonary sarcoidosis",2,"Female",27,"Age-standardized",1985,"Rate",1.87809069888769,1.54860919062859,3.0610320060337
1,"Deaths",544,"Massachusetts",25,516,"Interstitial lung disease and pulmonary sarcoidosis",2,"Female",27,"Age-standardized",1986,"Rate",1.95532833455064,1.60991800785415,3.14421582284764
1,"Deaths",544,"Massachusetts",25,516,"Interstitial lung disease and pulmonary sarcoidosis",2,"Female",27,"Age-standardized",1987,"Rate",2.02092103453591,1.63307131409706,3.16995528308164
1,"Deaths",544,"Massachusetts",25,516,"Interstitial lung disease and pulmonary sarcoidosis",2,"Female",27,"Age-standardized",1988,"Rate",2.10465130605925,1.68875955301515,3.28376318881526
1,"Deaths",544,"Massachusetts",25,516,"Interstitial lung disease and pulmonary sarcoidosis",2,"Female",27,"Age-standardized",1989,"Rate",2.13975341757104,1.67770723650143,3.29706277114338
1,"Deaths",544,"Massachusetts",25,516,"Interstitial lung disease and pulmonary sarcoidosis",2,"Female",27,"Age-standardized",1990,"Rate",2.16897476526415,1.67768366971328,3.26364175055979
1,"Deaths",544,"Massachusetts",25,516,"Interstitial lung disease and pulmonary sarcoidosis",2,"Female",27,"Age-standardized",1991,"Rate",2.26761709840681,1.75907578210794,3.3607264603491
1,"Deaths",544,"Massachusetts",25,516,"Interstitial lung disease and pulmonary sarcoidosis",2,"Female",27,"Age-standardized",1992,"Rate",2.34585775127249,1.80605921689758,3.39049630143788
1,"Deaths",544,"Massachusetts",25,516,"Interstitial lung disease and pulmonary sarcoidosis",2,"Female",27,"Age-standardized",1993,"Rate",2.49994801156613,1.89849186767414,3.61531841923855
1,"Deaths",544,"Massachusetts",25,516,"Interstitial lung disease and pulmonary sarcoidosis",2,"Female",27,"Age-standardized",1994,"Rate",2.56818389583919,1.89411642995013,3.61870029921672
1,"Deaths",544,"Massachusetts",25,516,"Interstitial lung disease and pulmonary sarcoidosis",2,"Female",27,"Age-standardized",1995,"Rate",2.76960275472909,2.00823996221687,3.82266266603333
1,"Deaths",544,"Massachusetts",25,516,"Interstitial lung disease and pulmonary sarcoidosis",2,"Female",27,"Age-standardized",1996,"Rate",2.7992525866694,1.97290540798563,3.72280009737231
1,"Deaths",544,"Massachusetts",25,516,"Interstitial lung disease and pulmonary sarcoidosis",2,"Female",27,"Age-standardized",1997,"Rate",2.96476100115309,2.05372959895095,3.84139646044144
1,"Deaths",544,"Massachusetts",25,516,"Interstitial lung disease and pulmonary sarcoidosis",2,"Female",27,"Age-standardized",1998,"Rate",3.13008988850406,2.08017859464561,3.90187841294321
1,"Deaths",544,"Massachusetts",25,516,"Interstitial lung disease and pulmonary sarcoidosis",2,"Female",27,"Age-standardized",1999,"Rate",3.3227711186836,2.12834594891173,4.02967478885853
1,"Deaths",544,"Massachusetts",25,516,"Interstitial lung disease and pulmonary sarcoidosis",2,"Female",27,"Age-standardized",2000,"Rate",3.56661840062053,2.24148757246753,4.13426407375851
1,"Deaths",544,"Massachusetts",25,516,"Interstitial lung disease and pulmonary sarcoidosis",2,"Female",27,"Age-standardized",2001,"Rate",3.69886316479977,2.27305057070896,4.25714385919329
1,"Deaths",544,"Massachusetts",25,516,"Interstitial lung disease and pulmonary sarcoidosis",2,"Female",27,"Age-standardized",2002,"Rate",3.78171577764715,2.29286987921961,4.35997744948572
1,"Deaths",544,"Massachusetts",25,516,"Interstitial lung disease and pulmonary sarcoidosis",2,"Female",27,"Age-standardized",2003,"Rate",3.8516750302089,2.31612086638143,4.39090104439736
1,"Deaths",544,"Massachusetts",25,516,"Interstitial lung disease and pulmonary sarcoidosis",2,"Female",27,"Age-standardized",2004,"Rate",3.91354810729771,2.3030715468191,4.47491297268498
1,"Deaths",544,"Massachusetts",25,516,"Interstitial lung disease and pulmonary sarcoidosis",2,"Female",27,"Age-standardized",2005,"Rate",4.00772647316657,2.32967094206961,4.57468647562368
1,"Deaths",544,"Massachusetts",25,516,"Interstitial lung disease and pulmonary sarcoidosis",2,"Female",27,"Age-standardized",2006,"Rate",4.11221723030177,2.39344952321339,4.70480501578761
1,"Deaths",544,"Massachusetts",25,516,"Interstitial lung disease and pulmonary sarcoidosis",2,"Female",27,"Age-standardized",2007,"Rate",4.04248772818159,2.29625157641978,4.63388011249344
1,"Deaths",544,"Massachusetts",25,516,"Interstitial lung disease and pulmonary sarcoidosis",2,"Female",27,"Age-standardized",2008,"Rate",4.1105719291721,2.38570635786753,4.71685066006101
1,"Deaths",544,"Massachusetts",25,516,"Interstitial lung disease and pulmonary sarcoidosis",2,"Female",27,"Age-standardized",2009,"Rate",4.14507379630737,2.38015746095643,4.77845221407998
1,"Deaths",544,"Massachusetts",25,516,"Interstitial lung disease and pulmonary sarcoidosis",2,"Female",27,"Age-standardized",2010,"Rate",4.19318672400573,2.39634781989576,4.87080408873728
1,"Deaths",544,"Massachusetts",25,516,"Interstitial lung disease and pulmonary sarcoidosis",2,"Female",27,"Age-standardized",2011,"Rate",4.30655789632141,2.4760929962186,5.01611130332159
1,"Deaths",544,"Massachusetts",25,516,"Interstitial lung disease and pulmonary sarcoidosis",2,"Female",27,"Age-standardized",2012,"Rate",4.31404072688963,2.5150173911128,5.05045376818443
1,"Deaths",544,"Massachusetts",25,516,"Interstitial lung disease and pulmonary sarcoidosis",2,"Female",27,"Age-standardized",2013,"Rate",4.29137671945327,2.48343037502271,5.02813882556992
1,"Deaths",544,"Massachusetts",25,516,"Interstitial lung disease and pulmonary sarcoidosis",2,"Female",27,"Age-standardized",2014,"Rate",4.43685771868626,2.56379492260451,5.20119463934314
1,"Deaths",544,"Massachusetts",25,516,"Interstitial lung disease and pulmonary sarcoidosis",3,"Both",27,"Age-standardized",1980,"Rate",2.25624668402021,1.89465425179678,3.49324285386552
1,"Deaths",544,"Massachusetts",25,516,"Interstitial lung disease and pulmonary sarcoidosis",3,"Both",27,"Age-standardized",1981,"Rate",2.27401443459462,1.90551266349875,3.50911172317943
1,"Deaths",544,"Massachusetts",25,516,"Interstitial lung disease and pulmonary sarcoidosis",3,"Both",27,"Age-standardized",1982,"Rate",2.28329808362536,1.92471608848182,3.48626893303444
1,"Deaths",544,"Massachusetts",25,516,"Interstitial lung disease and pulmonary sarcoidosis",3,"Both",27,"Age-standardized",1983,"Rate",2.373255564591,2.02034386093369,3.57551306610372
1,"Deaths",544,"Massachusetts",25,516,"Interstitial lung disease and pulmonary sarcoidosis",3,"Both",27,"Age-standardized",1984,"Rate",2.45053081293833,2.10067336200728,3.67721379238266
1,"Deaths",544,"Massachusetts",25,516,"Interstitial lung disease and pulmonary sarcoidosis",3,"Both",27,"Age-standardized",1985,"Rate",2.54361417618806,2.20633033751371,3.75750000812877
1,"Deaths",544,"Massachusetts",25,516,"Interstitial lung disease and pulmonary sarcoidosis",3,"Both",27,"Age-standardized",1986,"Rate",2.63823001746994,2.2898956145963,3.81902193467467
1,"Deaths",544,"Massachusetts",25,516,"Interstitial lung disease and pulmonary sarcoidosis",3,"Both",27,"Age-standardized",1987,"Rate",2.72180022994207,2.38900281950836,3.90444206693714
1,"Deaths",544,"Massachusetts",25,516,"Interstitial lung disease and pulmonary sarcoidosis",3,"Both",27,"Age-standardized",1988,"Rate",2.80671331821937,2.47579713342669,3.96965324782764
1,"Deaths",544,"Massachusetts",25,516,"Interstitial lung disease and pulmonary sarcoidosis",3,"Both",27,"Age-standardized",1989,"Rate",2.88586798634948,2.5514624167355,3.99959970531707
1,"Deaths",544,"Massachusetts",25,516,"Interstitial lung disease and pulmonary sarcoidosis",3,"Both",27,"Age-standardized",1990,"Rate",2.91646158866235,2.59589910617377,3.99897883708807
1,"Deaths",544,"Massachusetts",25,516,"Interstitial lung disease and pulmonary sarcoidosis",3,"Both",27,"Age-standardized",1991,"Rate",3.02650815161527,2.68459223896481,4.0791064478985
1,"Deaths",544,"Massachusetts",25,516,"Interstitial lung disease and pulmonary sarcoidosis",3,"Both",27,"Age-standardized",1992,"Rate",3.14021181081357,2.76794315018616,4.17473968480825
1,"Deaths",544,"Massachusetts",25,516,"Interstitial lung disease and pulmonary sarcoidosis",3,"Both",27,"Age-standardized",1993,"Rate",3.29371948509847,2.87279623295638,4.24005001717537
1,"Deaths",544,"Massachusetts",25,516,"Interstitial lung disease and pulmonary sarcoidosis",3,"Both",27,"Age-standardized",1994,"Rate",3.39841661541296,2.90565384143658,4.32339464058711
1,"Deaths",544,"Massachusetts",25,516,"Interstitial lung disease and pulmonary sarcoidosis",3,"Both",27,"Age-standardized",1995,"Rate",3.60902192480581,3.01139091698364,4.49233515695969
1,"Deaths",544,"Massachusetts",25,516,"Interstitial lung disease and pulmonary sarcoidosis",3,"Both",27,"Age-standardized",1996,"Rate",3.67978760906684,2.98793331811509,4.52128473737321
1,"Deaths",544,"Massachusetts",25,516,"Interstitial lung disease and pulmonary sarcoidosis",3,"Both",27,"Age-standardized",1997,"Rate",3.80899597024802,3.01738137417497,4.55715354031041
1,"Deaths",544,"Massachusetts",25,516,"Interstitial lung disease and pulmonary sarcoidosis",3,"Both",27,"Age-standardized",1998,"Rate",4.02675393989563,3.07173615453324,4.68467080132987
1,"Deaths",544,"Massachusetts",25,516,"Interstitial lung disease and pulmonary sarcoidosis",3,"Both",27,"Age-standardized",1999,"Rate",4.24645709003879,3.13449955988303,4.80735310701279
1,"Deaths",544,"Massachusetts",25,516,"Interstitial lung disease and pulmonary sarcoidosis",3,"Both",27,"Age-standardized",2000,"Rate",4.52496342206351,3.26631080357732,5.00806012763725
1,"Deaths",544,"Massachusetts",25,516,"Interstitial lung disease and pulmonary sarcoidosis",3,"Both",27,"Age-standardized",2001,"Rate",4.67744702400072,3.30059262029644,5.14204231073718
1,"Deaths",544,"Massachusetts",25,516,"Interstitial lung disease and pulmonary sarcoidosis",3,"Both",27,"Age-standardized",2002,"Rate",4.81541812293963,3.41315541016009,5.30405060246377
1,"Deaths",544,"Massachusetts",25,516,"Interstitial lung disease and pulmonary sarcoidosis",3,"Both",27,"Age-standardized",2003,"Rate",4.91160658612246,3.38865831397553,5.42006026774943
1,"Deaths",544,"Massachusetts",25,516,"Interstitial lung disease and pulmonary sarcoidosis",3,"Both",27,"Age-standardized",2004,"Rate",4.99521849184852,3.3764877248486,5.54091489915797
1,"Deaths",544,"Massachusetts",25,516,"Interstitial lung disease and pulmonary sarcoidosis",3,"Both",27,"Age-standardized",2005,"Rate",5.10207792469822,3.40160120509944,5.67955381117984
1,"Deaths",544,"Massachusetts",25,516,"Interstitial lung disease and pulmonary sarcoidosis",3,"Both",27,"Age-standardized",2006,"Rate",5.20776724088839,3.44387143212508,5.7903265760833
1,"Deaths",544,"Massachusetts",25,516,"Interstitial lung disease and pulmonary sarcoidosis",3,"Both",27,"Age-standardized",2007,"Rate",5.19186904333817,3.41456538212288,5.77468508539206
1,"Deaths",544,"Massachusetts",25,516,"Interstitial lung disease and pulmonary sarcoidosis",3,"Both",27,"Age-standardized",2008,"Rate",5.28557710693541,3.44386510986779,5.88404700349715
1,"Deaths",544,"Massachusetts",25,516,"Interstitial lung disease and pulmonary sarcoidosis",3,"Both",27,"Age-standardized",2009,"Rate",5.3640329522541,3.47253332506561,5.9764598905969
1,"Deaths",544,"Massachusetts",25,516,"Interstitial lung disease and pulmonary sarcoidosis",3,"Both",27,"Age-standardized",2010,"Rate",5.40338415365331,3.50072791491196,6.02221201369538
1,"Deaths",544,"Massachusetts",25,516,"Interstitial lung disease and pulmonary sarcoidosis",3,"Both",27,"Age-standardized",2011,"Rate",5.54749295340508,3.61259862868201,6.21338555196675
1,"Deaths",544,"Massachusetts",25,516,"Interstitial lung disease and pulmonary sarcoidosis",3,"Both",27,"Age-standardized",2012,"Rate",5.51930932223379,3.60346575496062,6.19249777302575
1,"Deaths",544,"Massachusetts",25,516,"Interstitial lung disease and pulmonary sarcoidosis",3,"Both",27,"Age-standardized",2013,"Rate",5.55458176861187,3.6473098905922,6.25156576817014
1,"Deaths",544,"Massachusetts",25,516,"Interstitial lung disease and pulmonary sarcoidosis",3,"Both",27,"Age-standardized",2014,"Rate",5.75921321238001,3.78347567551412,6.48898969204849
1,"Deaths",1800,"Barnstable County",25001,516,"Interstitial lung disease and pulmonary sarcoidosis",1,"Male",27,"Age-standardized",1980,"Rate",3.7805395315634,2.72689107506761,6.36846798813247
1,"Deaths",1800,"Barnstable County",25001,516,"Interstitial lung disease and pulmonary sarcoidosis",1,"Male",27,"Age-standardized",1981,"Rate",3.85476925628723,2.81366838360479,6.36796170789359
1,"Deaths",1800,"Barnstable County",25001,516,"Interstitial lung disease and pulmonary sarcoidosis",1,"Male",27,"Age-standardized",1982,"Rate",3.82858624779992,2.8228350280915,6.46204036415964
1,"Deaths",1800,"Barnstable County",25001,516,"Interstitial lung disease and pulmonary sarcoidosis",1,"Male",27,"Age-standardized",1983,"Rate",3.85666973605764,2.8803688687934,6.32242226569377
1,"Deaths",1800,"Barnstable County",25001,516,"Interstitial lung disease and pulmonary sarcoidosis",1,"Male",27,"Age-standardized",1984,"Rate",4.02272897448181,3.0108269390301,6.52574076185062
1,"Deaths",1800,"Barnstable County",25001,516,"Interstitial lung disease and pulmonary sarcoidosis",1,"Male",27,"Age-standardized",1985,"Rate",4.11611632351098,3.14120425010548,6.47170350205041
1,"Deaths",1800,"Barnstable County",25001,516,"Interstitial lung disease and pulmonary sarcoidosis",1,"Male",27,"Age-standardized",1986,"Rate",4.18884535717903,3.22643080314247,6.62753424556689
1,"Deaths",1800,"Barnstable County",25001,516,"Interstitial lung disease and pulmonary sarcoidosis",1,"Male",27,"Age-standardized",1987,"Rate",4.36524601855645,3.4016912965735,6.85650468450272
1,"Deaths",1800,"Barnstable County",25001,516,"Interstitial lung disease and pulmonary sarcoidosis",1,"Male",27,"Age-standardized",1988,"Rate",4.48806465241995,3.51998874465599,6.87706806021798
1,"Deaths",1800,"Barnstable County",25001,516,"Interstitial lung disease and pulmonary sarcoidosis",1,"Male",27,"Age-standardized",1989,"Rate",4.60049930545684,3.63815068768145,6.91748307881757
1,"Deaths",1800,"Barnstable County",25001,516,"Interstitial lung disease and pulmonary sarcoidosis",1,"Male",27,"Age-standardized",1990,"Rate",4.69421471437907,3.68148833354484,6.99545216969006
1,"Deaths",1800,"Barnstable County",25001,516,"Interstitial lung disease and pulmonary sarcoidosis",1,"Male",27,"Age-standardized",1991,"Rate",4.72843326250206,3.75796411447562,6.84482009904798
1,"Deaths",1800,"Barnstable County",25001,516,"Interstitial lung disease and pulmonary sarcoidosis",1,"Male",27,"Age-standardized",1992,"Rate",4.92735220466928,3.95466532059517,7.07432462291652
1,"Deaths",1800,"Barnstable County",25001,516,"Interstitial lung disease and pulmonary sarcoidosis",1,"Male",27,"Age-standardized",1993,"Rate",4.97251750775553,4.00725581804765,6.9554381430263
1,"Deaths",1800,"Barnstable County",25001,516,"Interstitial lung disease and pulmonary sarcoidosis",1,"Male",27,"Age-standardized",1994,"Rate",5.2326962152758,4.19413431579605,7.14479926105029
1,"Deaths",1800,"Barnstable County",25001,516,"Interstitial lung disease and pulmonary sarcoidosis",1,"Male",27,"Age-standardized",1995,"Rate",5.42785206768467,4.33522085963978,7.34094362786001
1,"Deaths",1800,"Barnstable County",25001,516,"Interstitial lung disease and pulmonary sarcoidosis",1,"Male",27,"Age-standardized",1996,"Rate",5.43587129398338,4.27653155702095,7.2566047555331
1,"Deaths",1800,"Barnstable County",25001,516,"Interstitial lung disease and pulmonary sarcoidosis",1,"Male",27,"Age-standardized",1997,"Rate",5.72399787953504,4.31162265322228,7.30752285535626
1,"Deaths",1800,"Barnstable County",25001,516,"Interstitial lung disease and pulmonary sarcoidosis",1,"Male",27,"Age-standardized",1998,"Rate",5.90877737928193,4.33147664175326,7.46057740780633
1,"Deaths",1800,"Barnstable County",25001,516,"Interstitial lung disease and pulmonary sarcoidosis",1,"Male",27,"Age-standardized",1999,"Rate",6.15688525619338,4.47494479998741,7.62029200445211
1,"Deaths",1800,"Barnstable County",25001,516,"Interstitial lung disease and pulmonary sarcoidosis",1,"Male",27,"Age-standardized",2000,"Rate",6.37917211215419,4.41596579311847,7.70268637850796
1,"Deaths",1800,"Barnstable County",25001,516,"Interstitial lung disease and pulmonary sarcoidosis",1,"Male",27,"Age-standardized",2001,"Rate",6.72917961146543,4.59023585319584,8.08127362661309
1,"Deaths",1800,"Barnstable County",25001,516,"Interstitial lung disease and pulmonary sarcoidosis",1,"Male",27,"Age-standardized",2002,"Rate",6.80079691602565,4.53707761229701,8.13497483889385
1,"Deaths",1800,"Barnstable County",25001,516,"Interstitial lung disease and pulmonary sarcoidosis",1,"Male",27,"Age-standardized",2003,"Rate",7.03857978748377,4.69155138539223,8.47595115601212
1,"Deaths",1800,"Barnstable County",25001,516,"Interstitial lung disease and pulmonary sarcoidosis",1,"Male",27,"Age-standardized",2004,"Rate",7.12158269750971,4.54974474818216,8.62535513495775
1,"Deaths",1800,"Barnstable County",25001,516,"Interstitial lung disease and pulmonary sarcoidosis",1,"Male",27,"Age-standardized",2005,"Rate",7.26500965036778,4.73052546921885,8.78751009478625
1,"Deaths",1800,"Barnstable County",25001,516,"Interstitial lung disease and pulmonary sarcoidosis",1,"Male",27,"Age-standardized",2006,"Rate",7.39440497642371,4.62168444620612,9.0181767747008
1,"Deaths",1800,"Barnstable County",25001,516,"Interstitial lung disease and pulmonary sarcoidosis",1,"Male",27,"Age-standardized",2007,"Rate",7.47460827629477,4.60528659156493,9.04512486130509
1,"Deaths",1800,"Barnstable County",25001,516,"Interstitial lung disease and pulmonary sarcoidosis",1,"Male",27,"Age-standardized",2008,"Rate",7.47902465303098,4.70402622084054,9.21018297025724
1,"Deaths",1800,"Barnstable County",25001,516,"Interstitial lung disease and pulmonary sarcoidosis",1,"Male",27,"Age-standardized",2009,"Rate",7.82535482948177,4.75371501112327,9.65775098349313
1,"Deaths",1800,"Barnstable County",25001,516,"Interstitial lung disease and pulmonary sarcoidosis",1,"Male",27,"Age-standardized",2010,"Rate",7.85291117990365,4.77461987723591,9.65272531533424
1,"Deaths",1800,"Barnstable County",25001,516,"Interstitial lung disease and pulmonary sarcoidosis",1,"Male",27,"Age-standardized",2011,"Rate",7.90912862473554,4.815537782702,9.7314250582828
1,"Deaths",1800,"Barnstable County",25001,516,"Interstitial lung disease and pulmonary sarcoidosis",1,"Male",27,"Age-standardized",2012,"Rate",7.72632726116144,4.66125090125615,9.61437000504647
1,"Deaths",1800,"Barnstable County",25001,516,"Interstitial lung disease and pulmonary sarcoidosis",1,"Male",27,"Age-standardized",2013,"Rate",7.86661591071743,4.75114473996514,9.84905922347394
1,"Deaths",1800,"Barnstable County",25001,516,"Interstitial lung disease and pulmonary sarcoidosis",1,"Male",27,"Age-standardized",2014,"Rate",8.08070509626299,4.86648970520641,10.1012330109002
1,"Deaths",1800,"Barnstable County",25001,516,"Interstitial lung disease and pulmonary sarcoidosis",2,"Female",27,"Age-standardized",1980,"Rate",1.5593967565664,1.12200325937204,2.720421174789
1,"Deaths",1800,"Barnstable County",25001,516,"Interstitial lung disease and pulmonary sarcoidosis",2,"Female",27,"Age-standardized",1981,"Rate",1.57036804634437,1.12136115204109,2.70707252652939
1,"Deaths",1800,"Barnstable County",25001,516,"Interstitial lung disease and pulmonary sarcoidosis",2,"Female",27,"Age-standardized",1982,"Rate",1.59106693597883,1.13544188501763,2.72501818265064
1,"Deaths",1800,"Barnstable County",25001,516,"Interstitial lung disease and pulmonary sarcoidosis",2,"Female",27,"Age-standardized",1983,"Rate",1.6473327616564,1.19891466274847,2.82005012556707
1,"Deaths",1800,"Barnstable County",25001,516,"Interstitial lung disease and pulmonary sarcoidosis",2,"Female",27,"Age-standardized",1984,"Rate",1.70129649441353,1.24906602623623,2.83575053325096
1,"Deaths",1800,"Barnstable County",25001,516,"Interstitial lung disease and pulmonary sarcoidosis",2,"Female",27,"Age-standardized",1985,"Rate",1.79528230458721,1.32616254480107,2.91901049611895
1,"Deaths",1800,"Barnstable County",25001,516,"Interstitial lung disease and pulmonary sarcoidosis",2,"Female",27,"Age-standardized",1986,"Rate",1.85204056801026,1.36909158786959,2.95976232057801
1,"Deaths",1800,"Barnstable County",25001,516,"Interstitial lung disease and pulmonary sarcoidosis",2,"Female",27,"Age-standardized",1987,"Rate",1.92114233089715,1.4439220659671,3.02836110063301
1,"Deaths",1800,"Barnstable County",25001,516,"Interstitial lung disease and pulmonary sarcoidosis",2,"Female",27,"Age-standardized",1988,"Rate",2.05173596541487,1.53358311637784,3.25065044523986
1,"Deaths",1800,"Barnstable County",25001,516,"Interstitial lung disease and pulmonary sarcoidosis",2,"Female",27,"Age-standardized",1989,"Rate",2.10006189567271,1.56084974016044,3.15874122956128
1,"Deaths",1800,"Barnstable County",25001,516,"Interstitial lung disease and pulmonary sarcoidosis",2,"Female",27,"Age-standardized",1990,"Rate",2.12640754437186,1.60873899915893,3.19865184251953
1,"Deaths",1800,"Barnstable County",25001,516,"Interstitial lung disease and pulmonary sarcoidosis",2,"Female",27,"Age-standardized",1991,"Rate",2.19462495430953,1.63991343754178,3.28371000444479
1,"Deaths",1800,"Barnstable County",25001,516,"Interstitial lung disease and pulmonary sarcoidosis",2,"Female",27,"Age-standardized",1992,"Rate",2.22938138625427,1.65957616300162,3.30388993731402
1,"Deaths",1800,"Barnstable County",25001,516,"Interstitial lung disease and pulmonary sarcoidosis",2,"Female",27,"Age-standardized",1993,"Rate",2.41838548814081,1.85227298457939,3.44647932372577
1,"Deaths",1800,"Barnstable County",25001,516,"Interstitial lung disease and pulmonary sarcoidosis",2,"Female",27,"Age-standardized",1994,"Rate",2.46474076733409,1.83400022480287,3.47247474844004
1,"Deaths",1800,"Barnstable County",25001,516,"Interstitial lung disease and pulmonary sarcoidosis",2,"Female",27,"Age-standardized",1995,"Rate",2.6051609508447,1.87775363681508,3.5169430056573
1,"Deaths",1800,"Barnstable County",25001,516,"Interstitial lung disease and pulmonary sarcoidosis",2,"Female",27,"Age-standardized",1996,"Rate",2.74091734424117,1.8923172677169,3.61188987180001
1,"Deaths",1800,"Barnstable County",25001,516,"Interstitial lung disease and pulmonary sarcoidosis",2,"Female",27,"Age-standardized",1997,"Rate",2.84843098455639,1.96133240496335,3.73855128563828
1,"Deaths",1800,"Barnstable County",25001,516,"Interstitial lung disease and pulmonary sarcoidosis",2,"Female",27,"Age-standardized",1998,"Rate",3.00654174940744,1.99035842404452,3.77843635848059
1,"Deaths",1800,"Barnstable County",25001,516,"Interstitial lung disease and pulmonary sarcoidosis",2,"Female",27,"Age-standardized",1999,"Rate",3.28258335909979,2.07740648068336,4.14421099428246
1,"Deaths",1800,"Barnstable County",25001,516,"Interstitial lung disease and pulmonary sarcoidosis",2,"Female",27,"Age-standardized",2000,"Rate",3.46986453125693,2.19180960518482,4.36452249489356
1,"Deaths",1800,"Barnstable County",25001,516,"Interstitial lung disease and pulmonary sarcoidosis",2,"Female",27,"Age-standardized",2001,"Rate",3.61172762338816,2.17647628770653,4.50915360841427
1,"Deaths",1800,"Barnstable County",25001,516,"Interstitial lung disease and pulmonary sarcoidosis",2,"Female",27,"Age-standardized",2002,"Rate",3.57973111656827,2.1633508225231,4.48860871721889
1,"Deaths",1800,"Barnstable County",25001,516,"Interstitial lung disease and pulmonary sarcoidosis",2,"Female",27,"Age-standardized",2003,"Rate",3.75716805941093,2.14739362432294,4.67308901720592
1,"Deaths",1800,"Barnstable County",25001,516,"Interstitial lung disease and pulmonary sarcoidosis",2,"Female",27,"Age-standardized",2004,"Rate",3.85039657569893,2.20335163226788,4.7608177337409
1,"Deaths",1800,"Barnstable County",25001,516,"Interstitial lung disease and pulmonary sarcoidosis",2,"Female",27,"Age-standardized",2005,"Rate",3.88522156404081,2.21202864728503,4.9077668233205
1,"Deaths",1800,"Barnstable County",25001,516,"Interstitial lung disease and pulmonary sarcoidosis",2,"Female",27,"Age-standardized",2006,"Rate",4.03842170383631,2.29958585409388,5.03222854106488
1,"Deaths",1800,"Barnstable County",25001,516,"Interstitial lung disease and pulmonary sarcoidosis",2,"Female",27,"Age-standardized",2007,"Rate",4.04450280091482,2.33701186623226,5.05591727620049
1,"Deaths",1800,"Barnstable County",25001,516,"Interstitial lung disease and pulmonary sarcoidosis",2,"Female",27,"Age-standardized",2008,"Rate",4.17345739922689,2.3658122064348,5.19102261841996
1,"Deaths",1800,"Barnstable County",25001,516,"Interstitial lung disease and pulmonary sarcoidosis",2,"Female",27,"Age-standardized",2009,"Rate",4.18069013356021,2.28016940283984,5.21512089887983
1,"Deaths",1800,"Barnstable County",25001,516,"Interstitial lung disease and pulmonary sarcoidosis",2,"Female",27,"Age-standardized",2010,"Rate",4.18188886097462,2.37160496847961,5.25046455461982
1,"Deaths",1800,"Barnstable County",25001,516,"Interstitial lung disease and pulmonary sarcoidosis",2,"Female",27,"Age-standardized",2011,"Rate",4.29136751801165,2.429404274051,5.45899637345665
1,"Deaths",1800,"Barnstable County",25001,516,"Interstitial lung disease and pulmonary sarcoidosis",2,"Female",27,"Age-standardized",2012,"Rate",4.22078412222895,2.36191500528488,5.40279963947816
1,"Deaths",1800,"Barnstable County",25001,516,"Interstitial lung disease and pulmonary sarcoidosis",2,"Female",27,"Age-standardized",2013,"Rate",4.37419114653381,2.43013539446963,5.63781067212065
1,"Deaths",1800,"Barnstable County",25001,516,"Interstitial lung disease and pulmonary sarcoidosis",2,"Female",27,"Age-standardized",2014,"Rate",4.3375484376978,2.50127191516485,5.55042198545881
1,"Deaths",1800,"Barnstable County",25001,516,"Interstitial lung disease and pulmonary sarcoidosis",3,"Both",27,"Age-standardized",1980,"Rate",2.42553767367293,1.87978729861229,3.75653765791338
1,"Deaths",1800,"Barnstable County",25001,516,"Interstitial lung disease and pulmonary sarcoidosis",3,"Both",27,"Age-standardized",1981,"Rate",2.45891436582184,1.90710284343174,3.81373895186695
1,"Deaths",1800,"Barnstable County",25001,516,"Interstitial lung disease and pulmonary sarcoidosis",3,"Both",27,"Age-standardized",1982,"Rate",2.46106815115015,1.91169593631786,3.81627857991957
1,"Deaths",1800,"Barnstable County",25001,516,"Interstitial lung disease and pulmonary sarcoidosis",3,"Both",27,"Age-standardized",1983,"Rate",2.50770902090339,1.97364336331986,3.80452585576265
1,"Deaths",1800,"Barnstable County",25001,516,"Interstitial lung disease and pulmonary sarcoidosis",3,"Both",27,"Age-standardized",1984,"Rate",2.60608079117132,2.06747264219613,3.93135949324288
1,"Deaths",1800,"Barnstable County",25001,516,"Interstitial lung disease and pulmonary sarcoidosis",3,"Both",27,"Age-standardized",1985,"Rate",2.70041489071722,2.16766630890747,3.99302132532766
1,"Deaths",1800,"Barnstable County",25001,516,"Interstitial lung disease and pulmonary sarcoidosis",3,"Both",27,"Age-standardized",1986,"Rate",2.76457637457949,2.24230227439601,4.0136970612607
1,"Deaths",1800,"Barnstable County",25001,516,"Interstitial lung disease and pulmonary sarcoidosis",3,"Both",27,"Age-standardized",1987,"Rate",2.881696232809,2.35896159383466,4.14341487848225
1,"Deaths",1800,"Barnstable County",25001,516,"Interstitial lung disease and pulmonary sarcoidosis",3,"Both",27,"Age-standardized",1988,"Rate",3.01291454547034,2.49626965610944,4.29484331439188
1,"Deaths",1800,"Barnstable County",25001,516,"Interstitial lung disease and pulmonary sarcoidosis",3,"Both",27,"Age-standardized",1989,"Rate",3.09119181031775,2.55472972069391,4.32340712206401
1,"Deaths",1800,"Barnstable County",25001,516,"Interstitial lung disease and pulmonary sarcoidosis",3,"Both",27,"Age-standardized",1990,"Rate",3.14433232799959,2.6349414715879,4.2875214588824
1,"Deaths",1800,"Barnstable County",25001,516,"Interstitial lung disease and pulmonary sarcoidosis",3,"Both",27,"Age-standardized",1991,"Rate",3.20211414787518,2.67835080597191,4.31774679032371
1,"Deaths",1800,"Barnstable County",25001,516,"Interstitial lung disease and pulmonary sarcoidosis",3,"Both",27,"Age-standardized",1992,"Rate",3.30384740658931,2.76487611614019,4.42075598664989
1,"Deaths",1800,"Barnstable County",25001,516,"Interstitial lung disease and pulmonary sarcoidosis",3,"Both",27,"Age-standardized",1993,"Rate",3.43771785068784,2.87451404285099,4.46232410776062
1,"Deaths",1800,"Barnstable County",25001,516,"Interstitial lung disease and pulmonary sarcoidosis",3,"Both",27,"Age-standardized",1994,"Rate",3.57524596560037,3.0065133978598,4.57921527829895
1,"Deaths",1800,"Barnstable County",25001,516,"Interstitial lung disease and pulmonary sarcoidosis",3,"Both",27,"Age-standardized",1995,"Rate",3.74004258842016,3.11246419655327,4.71359700342898
1,"Deaths",1800,"Barnstable County",25001,516,"Interstitial lung disease and pulmonary sarcoidosis",3,"Both",27,"Age-standardized",1996,"Rate",3.8268632579732,3.13072342410151,4.68229290388326
1,"Deaths",1800,"Barnstable County",25001,516,"Interstitial lung disease and pulmonary sarcoidosis",3,"Both",27,"Age-standardized",1997,"Rate",4.00982639548491,3.15704329240222,4.80108010395653
1,"Deaths",1800,"Barnstable County",25001,516,"Interstitial lung disease and pulmonary sarcoidosis",3,"Both",27,"Age-standardized",1998,"Rate",4.18175658858096,3.24131092776421,4.90013597491959
1,"Deaths",1800,"Barnstable County",25001,516,"Interstitial lung disease and pulmonary sarcoidosis",3,"Both",27,"Age-standardized",1999,"Rate",4.45588776157217,3.29592119209983,5.16452911190517
1,"Deaths",1800,"Barnstable County",25001,516,"Interstitial lung disease and pulmonary sarcoidosis",3,"Both",27,"Age-standardized",2000,"Rate",4.66072733436404,3.4052063673382,5.36419427422608
1,"Deaths",1800,"Barnstable County",25001,516,"Interstitial lung disease and pulmonary sarcoidosis",3,"Both",27,"Age-standardized",2001,"Rate",4.89858592981089,3.52601341291537,5.66244463048459
1,"Deaths",1800,"Barnstable County",25001,516,"Interstitial lung disease and pulmonary sarcoidosis",3,"Both",27,"Age-standardized",2002,"Rate",4.91775676506952,3.45520261386037,5.69175563071897
1,"Deaths",1800,"Barnstable County",25001,516,"Interstitial lung disease and pulmonary sarcoidosis",3,"Both",27,"Age-standardized",2003,"Rate",5.12194705182108,3.60089509578142,5.93432458143694
1,"Deaths",1800,"Barnstable County",25001,516,"Interstitial lung disease and pulmonary sarcoidosis",3,"Both",27,"Age-standardized",2004,"Rate",5.22037301565066,3.50373273598957,6.0822664487447
1,"Deaths",1800,"Barnstable County",25001,516,"Interstitial lung disease and pulmonary sarcoidosis",3,"Both",27,"Age-standardized",2005,"Rate",5.30089178841179,3.56769371005839,6.16905714902434
1,"Deaths",1800,"Barnstable County",25001,516,"Interstitial lung disease and pulmonary sarcoidosis",3,"Both",27,"Age-standardized",2006,"Rate",5.44458498975805,3.63166564733634,6.39657691044465
1,"Deaths",1800,"Barnstable County",25001,516,"Interstitial lung disease and pulmonary sarcoidosis",3,"Both",27,"Age-standardized",2007,"Rate",5.48981675258265,3.64576366367365,6.4238751279729
1,"Deaths",1800,"Barnstable County",25001,516,"Interstitial lung disease and pulmonary sarcoidosis",3,"Both",27,"Age-standardized",2008,"Rate",5.56718414059493,3.71037402258687,6.56498726628807
1,"Deaths",1800,"Barnstable County",25001,516,"Interstitial lung disease and pulmonary sarcoidosis",3,"Both",27,"Age-standardized",2009,"Rate",5.72203569972391,3.74170769800074,6.71849755106161
1,"Deaths",1800,"Barnstable County",25001,516,"Interstitial lung disease and pulmonary sarcoidosis",3,"Both",27,"Age-standardized",2010,"Rate",5.73684034999952,3.74499069191063,6.78109006274266
1,"Deaths",1800,"Barnstable County",25001,516,"Interstitial lung disease and pulmonary sarcoidosis",3,"Both",27,"Age-standardized",2011,"Rate",5.81819880078462,3.8774639626518,6.88027431995293
1,"Deaths",1800,"Barnstable County",25001,516,"Interstitial lung disease and pulmonary sarcoidosis",3,"Both",27,"Age-standardized",2012,"Rate",5.70989059897583,3.76502292306369,6.781986123721
1,"Deaths",1800,"Barnstable County",25001,516,"Interstitial lung disease and pulmonary sarcoidosis",3,"Both",27,"Age-standardized",2013,"Rate",5.85951373029618,3.88057968012244,6.97720949786711
1,"Deaths",1800,"Barnstable County",25001,516,"Interstitial lung disease and pulmonary sarcoidosis",3,"Both",27,"Age-standardized",2014,"Rate",5.92620907109191,3.94015154158496,7.0740749417398
1,"Deaths",1790,"Berkshire County",25003,516,"Interstitial lung disease and pulmonary sarcoidosis",1,"Male",27,"Age-standardized",1980,"Rate",3.78084358525518,2.74669388444889,6.40447241738371
1,"Deaths",1790,"Berkshire County",25003,516,"Interstitial lung disease and pulmonary sarcoidosis",1,"Male",27,"Age-standardized",1981,"Rate",3.85960619184355,2.81391539117129,6.62075537062592
1,"Deaths",1790,"Berkshire County",25003,516,"Interstitial lung disease and pulmonary sarcoidosis",1,"Male",27,"Age-standardized",1982,"Rate",3.81828666211301,2.79352395053054,6.50722944564437
1,"Deaths",1790,"Berkshire County",25003,516,"Interstitial lung disease and pulmonary sarcoidosis",1,"Male",27,"Age-standardized",1983,"Rate",3.91972523760096,2.88979070007162,6.68147217565657
1,"Deaths",1790,"Berkshire County",25003,516,"Interstitial lung disease and pulmonary sarcoidosis",1,"Male",27,"Age-standardized",1984,"Rate",3.9857626799252,2.99513616201145,6.67961914462259
1,"Deaths",1790,"Berkshire County",25003,516,"Interstitial lung disease and pulmonary sarcoidosis",1,"Male",27,"Age-standardized",1985,"Rate",4.10691538894354,3.11813802871196,6.63899824939548
1,"Deaths",1790,"Berkshire County",25003,516,"Interstitial lung disease and pulmonary sarcoidosis",1,"Male",27,"Age-standardized",1986,"Rate",4.24555271830877,3.16997493854243,6.85549989773078
1,"Deaths",1790,"Berkshire County",25003,516,"Interstitial lung disease and pulmonary sarcoidosis",1,"Male",27,"Age-standardized",1987,"Rate",4.33031978834995,3.31098513779491,7.0155044218825
1,"Deaths",1790,"Berkshire County",25003,516,"Interstitial lung disease and pulmonary sarcoidosis",1,"Male",27,"Age-standardized",1988,"Rate",4.45762939391394,3.426878542936,6.99859753209942
1,"Deaths",1790,"Berkshire County",25003,516,"Interstitial lung disease and pulmonary sarcoidosis",1,"Male",27,"Age-standardized",1989,"Rate",4.59757388607521,3.55998644847396,7.2041141929455
1,"Deaths",1790,"Berkshire County",25003,516,"Interstitial lung disease and pulmonary sarcoidosis",1,"Male",27,"Age-standardized",1990,"Rate",4.65708674808717,3.6413089702376,6.99361632555753
1,"Deaths",1790,"Berkshire County",25003,516,"Interstitial lung disease and pulmonary sarcoidosis",1,"Male",27,"Age-standardized",1991,"Rate",4.67053438810455,3.61498740818013,6.79600578840777
1,"Deaths",1790,"Berkshire County",25003,516,"Interstitial lung disease and pulmonary sarcoidosis",1,"Male",27,"Age-standardized",1992,"Rate",4.80588549693129,3.78706237520003,6.91110601977273
1,"Deaths",1790,"Berkshire County",25003,516,"Interstitial lung disease and pulmonary sarcoidosis",1,"Male",27,"Age-standardized",1993,"Rate",5.01040907837144,3.94334583787141,7.11415626982656
1,"Deaths",1790,"Berkshire County",25003,516,"Interstitial lung disease and pulmonary sarcoidosis",1,"Male",27,"Age-standardized",1994,"Rate",5.12434057550885,4.07176569267523,7.12792170058119
1,"Deaths",1790,"Berkshire County",25003,516,"Interstitial lung disease and pulmonary sarcoidosis",1,"Male",27,"Age-standardized",1995,"Rate",5.29637549511181,4.14442243794164,7.23468590199213
1,"Deaths",1790,"Berkshire County",25003,516,"Interstitial lung disease and pulmonary sarcoidosis",1,"Male",27,"Age-standardized",1996,"Rate",5.43411400649869,4.23467729565692,7.20291593334267
1,"Deaths",1790,"Berkshire County",25003,516,"Interstitial lung disease and pulmonary sarcoidosis",1,"Male",27,"Age-standardized",1997,"Rate",5.55448503563411,4.24970502371297,7.16554669301313
1,"Deaths",1790,"Berkshire County",25003,516,"Interstitial lung disease and pulmonary sarcoidosis",1,"Male",27,"Age-standardized",1998,"Rate",5.85297943323545,4.28842653413291,7.39928506449601
1,"Deaths",1790,"Berkshire County",25003,516,"Interstitial lung disease and pulmonary sarcoidosis",1,"Male",27,"Age-standardized",1999,"Rate",6.17894577772832,4.40639037174962,7.81943355677711
1,"Deaths",1790,"Berkshire County",25003,516,"Interstitial lung disease and pulmonary sarcoidosis",1,"Male",27,"Age-standardized",2000,"Rate",6.38788558108565,4.45828647559248,8.03203316631574
1,"Deaths",1790,"Berkshire County",25003,516,"Interstitial lung disease and pulmonary sarcoidosis",1,"Male",27,"Age-standardized",2001,"Rate",6.66852396158708,4.48803138187764,8.36786435806327
1,"Deaths",1790,"Berkshire County",25003,516,"Interstitial lung disease and pulmonary sarcoidosis",1,"Male",27,"Age-standardized",2002,"Rate",6.66544166974316,4.48263595105648,8.21058463681472
1,"Deaths",1790,"Berkshire County",25003,516,"Interstitial lung disease and pulmonary sarcoidosis",1,"Male",27,"Age-standardized",2003,"Rate",6.91474260134954,4.5230917455825,8.56970727438768
1,"Deaths",1790,"Berkshire County",25003,516,"Interstitial lung disease and pulmonary sarcoidosis",1,"Male",27,"Age-standardized",2004,"Rate",6.86602624059033,4.35999822309525,8.6108808856691
1,"Deaths",1790,"Berkshire County",25003,516,"Interstitial lung disease and pulmonary sarcoidosis",1,"Male",27,"Age-standardized",2005,"Rate",7.01123926085337,4.38861235005586,8.74874123445997
1,"Deaths",1790,"Berkshire County",25003,516,"Interstitial lung disease and pulmonary sarcoidosis",1,"Male",27,"Age-standardized",2006,"Rate",7.01115322814902,4.33809198516008,8.69987849710381
1,"Deaths",1790,"Berkshire County",25003,516,"Interstitial lung disease and pulmonary sarcoidosis",1,"Male",27,"Age-standardized",2007,"Rate",7.06344734587992,4.36247264762988,8.85113762663057
1,"Deaths",1790,"Berkshire County",25003,516,"Interstitial lung disease and pulmonary sarcoidosis",1,"Male",27,"Age-standardized",2008,"Rate",7.3157613579987,4.52505756767834,9.18155589308289
1,"Deaths",1790,"Berkshire County",25003,516,"Interstitial lung disease and pulmonary sarcoidosis",1,"Male",27,"Age-standardized",2009,"Rate",7.34253283678481,4.39276046998091,9.30825472615748
1,"Deaths",1790,"Berkshire County",25003,516,"Interstitial lung disease and pulmonary sarcoidosis",1,"Male",27,"Age-standardized",2010,"Rate",7.27989079727585,4.23881932616088,9.21105564700141
1,"Deaths",1790,"Berkshire County",25003,516,"Interstitial lung disease and pulmonary sarcoidosis",1,"Male",27,"Age-standardized",2011,"Rate",7.58126258592767,4.49086967814217,9.55980471633797
1,"Deaths",1790,"Berkshire County",25003,516,"Interstitial lung disease and pulmonary sarcoidosis",1,"Male",27,"Age-standardized",2012,"Rate",7.32810754354617,4.27161842870127,9.2794661593622
1,"Deaths",1790,"Berkshire County",25003,516,"Interstitial lung disease and pulmonary sarcoidosis",1,"Male",27,"Age-standardized",2013,"Rate",7.62508186765371,4.57313202768938,9.82708791634027
1,"Deaths",1790,"Berkshire County",25003,516,"Interstitial lung disease and pulmonary sarcoidosis",1,"Male",27,"Age-standardized",2014,"Rate",7.67844299053065,4.61426669119012,9.80039581821805
1,"Deaths",1790,"Berkshire County",25003,516,"Interstitial lung disease and pulmonary sarcoidosis",2,"Female",27,"Age-standardized",1980,"Rate",1.66990463157968,1.22868311622725,2.91239910484827
1,"Deaths",1790,"Berkshire County",25003,516,"Interstitial lung disease and pulmonary sarcoidosis",2,"Female",27,"Age-standardized",1981,"Rate",1.67796837920887,1.21938906908052,2.9026483767945
1,"Deaths",1790,"Berkshire County",25003,516,"Interstitial lung disease and pulmonary sarcoidosis",2,"Female",27,"Age-standardized",1982,"Rate",1.69874163442269,1.25592912392939,2.92772786218956
1,"Deaths",1790,"Berkshire County",25003,516,"Interstitial lung disease and pulmonary sarcoidosis",2,"Female",27,"Age-standardized",1983,"Rate",1.74287396530695,1.29809631970724,2.89683361178831
1,"Deaths",1790,"Berkshire County",25003,516,"Interstitial lung disease and pulmonary sarcoidosis",2,"Female",27,"Age-standardized",1984,"Rate",1.81225475552981,1.33888329045266,3.01129007431571
1,"Deaths",1790,"Berkshire County",25003,516,"Interstitial lung disease and pulmonary sarcoidosis",2,"Female",27,"Age-standardized",1985,"Rate",1.85447709217811,1.39526655405094,3.03116862674308
1,"Deaths",1790,"Berkshire County",25003,516,"Interstitial lung disease and pulmonary sarcoidosis",2,"Female",27,"Age-standardized",1986,"Rate",1.8922961477011,1.41804556299597,3.00611921402553
1,"Deaths",1790,"Berkshire County",25003,516,"Interstitial lung disease and pulmonary sarcoidosis",2,"Female",27,"Age-standardized",1987,"Rate",1.97731126522427,1.46955638790357,3.15902630896979
1,"Deaths",1790,"Berkshire County",25003,516,"Interstitial lung disease and pulmonary sarcoidosis",2,"Female",27,"Age-standardized",1988,"Rate",1.98939311507694,1.50852530982029,3.08086165778182
1,"Deaths",1790,"Berkshire County",25003,516,"Interstitial lung disease and pulmonary sarcoidosis",2,"Female",27,"Age-standardized",1989,"Rate",2.05897145778632,1.56282600595752,3.23159830904796
1,"Deaths",1790,"Berkshire County",25003,516,"Interstitial lung disease and pulmonary sarcoidosis",2,"Female",27,"Age-standardized",1990,"Rate",2.05668927924471,1.56030670659264,3.09673278407815
1,"Deaths",1790,"Berkshire County",25003,516,"Interstitial lung disease and pulmonary sarcoidosis",2,"Female",27,"Age-standardized",1991,"Rate",2.13781315364235,1.59203270888971,3.25454152836881
1,"Deaths",1790,"Berkshire County",25003,516,"Interstitial lung disease and pulmonary sarcoidosis",2,"Female",27,"Age-standardized",1992,"Rate",2.19367153404169,1.62942874412858,3.18432305766882
1,"Deaths",1790,"Berkshire County",25003,516,"Interstitial lung disease and pulmonary sarcoidosis",2,"Female",27,"Age-standardized",1993,"Rate",2.32556366515773,1.69292423072997,3.36300530317622
1,"Deaths",1790,"Berkshire County",25003,516,"Interstitial lung disease and pulmonary sarcoidosis",2,"Female",27,"Age-standardized",1994,"Rate",2.4316254344938,1.78936997347085,3.36924602603399
1,"Deaths",1790,"Berkshire County",25003,516,"Interstitial lung disease and pulmonary sarcoidosis",2,"Female",27,"Age-standardized",1995,"Rate",2.54960969734218,1.84434861994379,3.52782791295841
1,"Deaths",1790,"Berkshire County",25003,516,"Interstitial lung disease and pulmonary sarcoidosis",2,"Female",27,"Age-standardized",1996,"Rate",2.6825511083682,1.92767226155714,3.53405711236178
1,"Deaths",1790,"Berkshire County",25003,516,"Interstitial lung disease and pulmonary sarcoidosis",2,"Female",27,"Age-standardized",1997,"Rate",2.73285158543476,1.84119605703327,3.61362736877088
1,"Deaths",1790,"Berkshire County",25003,516,"Interstitial lung disease and pulmonary sarcoidosis",2,"Female",27,"Age-standardized",1998,"Rate",2.79460182489144,1.90647597429771,3.57480929232587
1,"Deaths",1790,"Berkshire County",25003,516,"Interstitial lung disease and pulmonary sarcoidosis",2,"Female",27,"Age-standardized",1999,"Rate",2.94397326703789,1.86108742509576,3.73926078859231
1,"Deaths",1790,"Berkshire County",25003,516,"Interstitial lung disease and pulmonary sarcoidosis",2,"Female",27,"Age-standardized",2000,"Rate",3.13510996360849,1.93579025998264,3.97382231903568
1,"Deaths",1790,"Berkshire County",25003,516,"Interstitial lung disease and pulmonary sarcoidosis",2,"Female",27,"Age-standardized",2001,"Rate",3.32889909059269,1.98110278154662,4.21444241231013
1,"Deaths",1790,"Berkshire County",25003,516,"Interstitial lung disease and pulmonary sarcoidosis",2,"Female",27,"Age-standardized",2002,"Rate",3.42625206157081,2.01330680301474,4.35667237570929
1,"Deaths",1790,"Berkshire County",25003,516,"Interstitial lung disease and pulmonary sarcoidosis",2,"Female",27,"Age-standardized",2003,"Rate",3.47653798484007,1.98567070021369,4.42052985674132
1,"Deaths",1790,"Berkshire County",25003,516,"Interstitial lung disease and pulmonary sarcoidosis",2,"Female",27,"Age-standardized",2004,"Rate",3.48380449831532,1.96776967414324,4.42277314378891
1,"Deaths",1790,"Berkshire County",25003,516,"Interstitial lung disease and pulmonary sarcoidosis",2,"Female",27,"Age-standardized",2005,"Rate",3.56622098521045,2.00170676699065,4.53351585116205
1,"Deaths",1790,"Berkshire County",25003,516,"Interstitial lung disease and pulmonary sarcoidosis",2,"Female",27,"Age-standardized",2006,"Rate",3.61762088027973,2.09540444894205,4.69331274780599
1,"Deaths",1790,"Berkshire County",25003,516,"Interstitial lung disease and pulmonary sarcoidosis",2,"Female",27,"Age-standardized",2007,"Rate",3.68354750808002,2.05802559422255,4.76106227158599
1,"Deaths",1790,"Berkshire County",25003,516,"Interstitial lung disease and pulmonary sarcoidosis",2,"Female",27,"Age-standardized",2008,"Rate",3.61199797866544,2.04322726913902,4.66558700652619
1,"Deaths",1790,"Berkshire County",25003,516,"Interstitial lung disease and pulmonary sarcoidosis",2,"Female",27,"Age-standardized",2009,"Rate",3.64901169083416,2.06553960391984,4.72438789430633
1,"Deaths",1790,"Berkshire County",25003,516,"Interstitial lung disease and pulmonary sarcoidosis",2,"Female",27,"Age-standardized",2010,"Rate",3.63121697688493,2.01136610760592,4.77418010054556
1,"Deaths",1790,"Berkshire County",25003,516,"Interstitial lung disease and pulmonary sarcoidosis",2,"Female",27,"Age-standardized",2011,"Rate",3.72366195468488,2.11872189701649,4.86285694645466
1,"Deaths",1790,"Berkshire County",25003,516,"Interstitial lung disease and pulmonary sarcoidosis",2,"Female",27,"Age-standardized",2012,"Rate",3.72329495700597,2.08187366026842,4.89417779583962
1,"Deaths",1790,"Berkshire County",25003,516,"Interstitial lung disease and pulmonary sarcoidosis",2,"Female",27,"Age-standardized",2013,"Rate",3.70245370467005,2.0366326395609,4.81517715004112
1,"Deaths",1790,"Berkshire County",25003,516,"Interstitial lung disease and pulmonary sarcoidosis",2,"Female",27,"Age-standardized",2014,"Rate",3.77240209110182,2.09722038985811,5.00500102201918
1,"Deaths",1790,"Berkshire County",25003,516,"Interstitial lung disease and pulmonary sarcoidosis",3,"Both",27,"Age-standardized",1980,"Rate",2.43091421321722,1.89477971181684,3.81918849316061
1,"Deaths",1790,"Berkshire County",25003,516,"Interstitial lung disease and pulmonary sarcoidosis",3,"Both",27,"Age-standardized",1981,"Rate",2.4607209298613,1.93063068555549,3.85261854417491
1,"Deaths",1790,"Berkshire County",25003,516,"Interstitial lung disease and pulmonary sarcoidosis",3,"Both",27,"Age-standardized",1982,"Rate",2.45628582191929,1.95093777364364,3.79514470287454
1,"Deaths",1790,"Berkshire County",25003,516,"Interstitial lung disease and pulmonary sarcoidosis",3,"Both",27,"Age-standardized",1983,"Rate",2.51889445878736,2.01078026989645,3.84613475881345
1,"Deaths",1790,"Berkshire County",25003,516,"Interstitial lung disease and pulmonary sarcoidosis",3,"Both",27,"Age-standardized",1984,"Rate",2.58444126922764,2.07250233654507,3.90916537290499
1,"Deaths",1790,"Berkshire County",25003,516,"Interstitial lung disease and pulmonary sarcoidosis",3,"Both",27,"Age-standardized",1985,"Rate",2.65382713115952,2.12535032605179,3.99594494103689
1,"Deaths",1790,"Berkshire County",25003,516,"Interstitial lung disease and pulmonary sarcoidosis",3,"Both",27,"Age-standardized",1986,"Rate",2.72852130572393,2.22357702607316,4.00798885989169
1,"Deaths",1790,"Berkshire County",25003,516,"Interstitial lung disease and pulmonary sarcoidosis",3,"Both",27,"Age-standardized",1987,"Rate",2.81331754729199,2.31394292017109,4.0612356055691
1,"Deaths",1790,"Berkshire County",25003,516,"Interstitial lung disease and pulmonary sarcoidosis",3,"Both",27,"Age-standardized",1988,"Rate",2.87128792591256,2.37382587224325,4.13881919831115
1,"Deaths",1790,"Berkshire County",25003,516,"Interstitial lung disease and pulmonary sarcoidosis",3,"Both",27,"Age-standardized",1989,"Rate",2.96499829534907,2.47175485322995,4.16491199546668
1,"Deaths",1790,"Berkshire County",25003,516,"Interstitial lung disease and pulmonary sarcoidosis",3,"Both",27,"Age-standardized",1990,"Rate",2.98665125019024,2.51647278322165,4.07449949316021
1,"Deaths",1790,"Berkshire County",25003,516,"Interstitial lung disease and pulmonary sarcoidosis",3,"Both",27,"Age-standardized",1991,"Rate",3.04600811069924,2.57195195073708,4.06613309121904
1,"Deaths",1790,"Berkshire County",25003,516,"Interstitial lung disease and pulmonary sarcoidosis",3,"Both",27,"Age-standardized",1992,"Rate",3.13391206758937,2.62635264726864,4.17339690560663
1,"Deaths",1790,"Berkshire County",25003,516,"Interstitial lung disease and pulmonary sarcoidosis",3,"Both",27,"Age-standardized",1993,"Rate",3.29767731806064,2.79467068413873,4.3356909808853
1,"Deaths",1790,"Berkshire County",25003,516,"Interstitial lung disease and pulmonary sarcoidosis",3,"Both",27,"Age-standardized",1994,"Rate",3.41006532922927,2.85707322315401,4.43280045991307
1,"Deaths",1790,"Berkshire County",25003,516,"Interstitial lung disease and pulmonary sarcoidosis",3,"Both",27,"Age-standardized",1995,"Rate",3.55255833156456,2.93306546755873,4.43298886357083
1,"Deaths",1790,"Berkshire County",25003,516,"Interstitial lung disease and pulmonary sarcoidosis",3,"Both",27,"Age-standardized",1996,"Rate",3.68666768383316,3.00156564857619,4.52301542238683
1,"Deaths",1790,"Berkshire County",25003,516,"Interstitial lung disease and pulmonary sarcoidosis",3,"Both",27,"Age-standardized",1997,"Rate",3.76889546393719,2.99314948872212,4.60663896202593
1,"Deaths",1790,"Berkshire County",25003,516,"Interstitial lung disease and pulmonary sarcoidosis",3,"Both",27,"Age-standardized",1998,"Rate",3.92257646279347,3.04635787381156,4.66128984717041
1,"Deaths",1790,"Berkshire County",25003,516,"Interstitial lung disease and pulmonary sarcoidosis",3,"Both",27,"Age-standardized",1999,"Rate",4.14044491088592,3.10435787328142,4.8724966188422
1,"Deaths",1790,"Berkshire County",25003,516,"Interstitial lung disease and pulmonary sarcoidosis",3,"Both",27,"Age-standardized",2000,"Rate",4.35024589914618,3.10343428619653,5.09206628464979
1,"Deaths",1790,"Berkshire County",25003,516,"Interstitial lung disease and pulmonary sarcoidosis",3,"Both",27,"Age-standardized",2001,"Rate",4.57989030628258,3.19932193890983,5.38269108930147
1,"Deaths",1790,"Berkshire County",25003,516,"Interstitial lung disease and pulmonary sarcoidosis",3,"Both",27,"Age-standardized",2002,"Rate",4.65613370052267,3.24546568096802,5.478974349904
1,"Deaths",1790,"Berkshire County",25003,516,"Interstitial lung disease and pulmonary sarcoidosis",3,"Both",27,"Age-standardized",2003,"Rate",4.78798314300778,3.28769115402809,5.7202769100237
1,"Deaths",1790,"Berkshire County",25003,516,"Interstitial lung disease and pulmonary sarcoidosis",3,"Both",27,"Age-standardized",2004,"Rate",4.78595060474646,3.22792884367088,5.67467740970066
1,"Deaths",1790,"Berkshire County",25003,516,"Interstitial lung disease and pulmonary sarcoidosis",3,"Both",27,"Age-standardized",2005,"Rate",4.90897874615385,3.23318550567271,5.84867827083787
1,"Deaths",1790,"Berkshire County",25003,516,"Interstitial lung disease and pulmonary sarcoidosis",3,"Both",27,"Age-standardized",2006,"Rate",4.95723454482225,3.21660540248183,5.90656277796895
1,"Deaths",1790,"Berkshire County",25003,516,"Interstitial lung disease and pulmonary sarcoidosis",3,"Both",27,"Age-standardized",2007,"Rate",5.02965552514136,3.25098319766298,6.07565457173934
1,"Deaths",1790,"Berkshire County",25003,516,"Interstitial lung disease and pulmonary sarcoidosis",3,"Both",27,"Age-standardized",2008,"Rate",5.09647062775312,3.30521638574653,6.08165714179673
1,"Deaths",1790,"Berkshire County",25003,516,"Interstitial lung disease and pulmonary sarcoidosis",3,"Both",27,"Age-standardized",2009,"Rate",5.14034627308987,3.3036639525703,6.20514994530244
1,"Deaths",1790,"Berkshire County",25003,516,"Interstitial lung disease and pulmonary sarcoidosis",3,"Both",27,"Age-standardized",2010,"Rate",5.11120026087126,3.32258179667061,6.15576118864556
1,"Deaths",1790,"Berkshire County",25003,516,"Interstitial lung disease and pulmonary sarcoidosis",3,"Both",27,"Age-standardized",2011,"Rate",5.30011090882619,3.45929925689095,6.41967358430213
1,"Deaths",1790,"Berkshire County",25003,516,"Interstitial lung disease and pulmonary sarcoidosis",3,"Both",27,"Age-standardized",2012,"Rate",5.1997557569793,3.36474755616365,6.27441930127558
1,"Deaths",1790,"Berkshire County",25003,516,"Interstitial lung disease and pulmonary sarcoidosis",3,"Both",27,"Age-standardized",2013,"Rate",5.3254817409517,3.49257000788866,6.4452171327588
1,"Deaths",1790,"Berkshire County",25003,516,"Interstitial lung disease and pulmonary sarcoidosis",3,"Both",27,"Age-standardized",2014,"Rate",5.3997600190101,3.54624522156237,6.5409194046481
1,"Deaths",1799,"Bristol County",25005,516,"Interstitial lung disease and pulmonary sarcoidosis",1,"Male",27,"Age-standardized",1980,"Rate",2.97199526739104,2.21487766879393,5.25340317729377
1,"Deaths",1799,"Bristol County",25005,516,"Interstitial lung disease and pulmonary sarcoidosis",1,"Male",27,"Age-standardized",1981,"Rate",2.99136009115203,2.21540778527424,5.08577517571623
1,"Deaths",1799,"Bristol County",25005,516,"Interstitial lung disease and pulmonary sarcoidosis",1,"Male",27,"Age-standardized",1982,"Rate",3.02072531493971,2.25111894408365,5.29025748602249
1,"Deaths",1799,"Bristol County",25005,516,"Interstitial lung disease and pulmonary sarcoidosis",1,"Male",27,"Age-standardized",1983,"Rate",3.13930635183829,2.37270747186507,5.37061552500367
1,"Deaths",1799,"Bristol County",25005,516,"Interstitial lung disease and pulmonary sarcoidosis",1,"Male",27,"Age-standardized",1984,"Rate",3.2158821566671,2.45116018881549,5.50190728238742
1,"Deaths",1799,"Bristol County",25005,516,"Interstitial lung disease and pulmonary sarcoidosis",1,"Male",27,"Age-standardized",1985,"Rate",3.36144049461066,2.60137441773795,5.66483314028255
1,"Deaths",1799,"Bristol County",25005,516,"Interstitial lung disease and pulmonary sarcoidosis",1,"Male",27,"Age-standardized",1986,"Rate",3.33204204933079,2.58379001912181,5.51653198655972
1,"Deaths",1799,"Bristol County",25005,516,"Interstitial lung disease and pulmonary sarcoidosis",1,"Male",27,"Age-standardized",1987,"Rate",3.48097986605271,2.74805037039776,5.6313295041286
1,"Deaths",1799,"Bristol County",25005,516,"Interstitial lung disease and pulmonary sarcoidosis",1,"Male",27,"Age-standardized",1988,"Rate",3.6524775767664,2.90838616104213,5.9782008153697
1,"Deaths",1799,"Bristol County",25005,516,"Interstitial lung disease and pulmonary sarcoidosis",1,"Male",27,"Age-standardized",1989,"Rate",3.76383190160028,2.99591445058035,5.83918962346893
1,"Deaths",1799,"Bristol County",25005,516,"Interstitial lung disease and pulmonary sarcoidosis",1,"Male",27,"Age-standardized",1990,"Rate",3.77364234431536,3.03965315125049,5.86645062979486
1,"Deaths",1799,"Bristol County",25005,516,"Interstitial lung disease and pulmonary sarcoidosis",1,"Male",27,"Age-standardized",1991,"Rate",3.86378482211908,3.0812531340846,5.7886466850665
1,"Deaths",1799,"Bristol County",25005,516,"Interstitial lung disease and pulmonary sarcoidosis",1,"Male",27,"Age-standardized",1992,"Rate",4.02735683579935,3.26533477753632,5.87977666362158
1,"Deaths",1799,"Bristol County",25005,516,"Interstitial lung disease and pulmonary sarcoidosis",1,"Male",27,"Age-standardized",1993,"Rate",4.21645714700939,3.40743108833282,6.05338834169634
1,"Deaths",1799,"Bristol County",25005,516,"Interstitial lung disease and pulmonary sarcoidosis",1,"Male",27,"Age-standardized",1994,"Rate",4.29837936133117,3.42332316737869,6.08866250476993
1,"Deaths",1799,"Bristol County",25005,516,"Interstitial lung disease and pulmonary sarcoidosis",1,"Male",27,"Age-standardized",1995,"Rate",4.60169687916586,3.65736922916681,6.4005531963427
1,"Deaths",1799,"Bristol County",25005,516,"Interstitial lung disease and pulmonary sarcoidosis",1,"Male",27,"Age-standardized",1996,"Rate",4.72225806118809,3.64297670941224,6.35570766485749
1,"Deaths",1799,"Bristol County",25005,516,"Interstitial lung disease and pulmonary sarcoidosis",1,"Male",27,"Age-standardized",1997,"Rate",4.68577723881918,3.58700205911013,6.22832710076829
1,"Deaths",1799,"Bristol County",25005,516,"Interstitial lung disease and pulmonary sarcoidosis",1,"Male",27,"Age-standardized",1998,"Rate",4.88324314906481,3.56141673133265,6.29065889972316
1,"Deaths",1799,"Bristol County",25005,516,"Interstitial lung disease and pulmonary sarcoidosis",1,"Male",27,"Age-standardized",1999,"Rate",5.20088246691397,3.67654082425631,6.51732514706926
1,"Deaths",1799,"Bristol County",25005,516,"Interstitial lung disease and pulmonary sarcoidosis",1,"Male",27,"Age-standardized",2000,"Rate",5.78533228114156,4.0283546932401,7.03511287611106
1,"Deaths",1799,"Bristol County",25005,516,"Interstitial lung disease and pulmonary sarcoidosis",1,"Male",27,"Age-standardized",2001,"Rate",5.76515680133602,3.87500912393455,6.94602330091743
1,"Deaths",1799,"Bristol County",25005,516,"Interstitial lung disease and pulmonary sarcoidosis",1,"Male",27,"Age-standardized",2002,"Rate",6.13886649861584,4.19984668923573,7.26905866700679
1,"Deaths",1799,"Bristol County",25005,516,"Interstitial lung disease and pulmonary sarcoidosis",1,"Male",27,"Age-standardized",2003,"Rate",6.12487373565967,3.9153876783671,7.31183038872885
1,"Deaths",1799,"Bristol County",25005,516,"Interstitial lung disease and pulmonary sarcoidosis",1,"Male",27,"Age-standardized",2004,"Rate",6.1849984748731,3.95711252259855,7.48495107604605
1,"Deaths",1799,"Bristol County",25005,516,"Interstitial lung disease and pulmonary sarcoidosis",1,"Male",27,"Age-standardized",2005,"Rate",6.32397607931758,4.04688999612477,7.53341283517971
1,"Deaths",1799,"Bristol County",25005,516,"Interstitial lung disease and pulmonary sarcoidosis",1,"Male",27,"Age-standardized",2006,"Rate",6.31936566830455,3.92509294052459,7.63845278984854
1,"Deaths",1799,"Bristol County",25005,516,"Interstitial lung disease and pulmonary sarcoidosis",1,"Male",27,"Age-standardized",2007,"Rate",6.38880458403831,3.95473010118192,7.67638307876189
1,"Deaths",1799,"Bristol County",25005,516,"Interstitial lung disease and pulmonary sarcoidosis",1,"Male",27,"Age-standardized",2008,"Rate",6.65124766929365,4.04887984711084,8.07621428943741
1,"Deaths",1799,"Bristol County",25005,516,"Interstitial lung disease and pulmonary sarcoidosis",1,"Male",27,"Age-standardized",2009,"Rate",6.71058992972181,4.01776534348226,8.2012149570781
1,"Deaths",1799,"Bristol County",25005,516,"Interstitial lung disease and pulmonary sarcoidosis",1,"Male",27,"Age-standardized",2010,"Rate",6.70075842791637,4.0676217316898,8.13887000766511
1,"Deaths",1799,"Bristol County",25005,516,"Interstitial lung disease and pulmonary sarcoidosis",1,"Male",27,"Age-standardized",2011,"Rate",6.94089694930972,4.15012887618764,8.37550475058
1,"Deaths",1799,"Bristol County",25005,516,"Interstitial lung disease and pulmonary sarcoidosis",1,"Male",27,"Age-standardized",2012,"Rate",6.69336694253769,4.10849697998771,8.21726120920103
1,"Deaths",1799,"Bristol County",25005,516,"Interstitial lung disease and pulmonary sarcoidosis",1,"Male",27,"Age-standardized",2013,"Rate",6.91169381067269,4.10766850847168,8.51128565937647
1,"Deaths",1799,"Bristol County",25005,516,"Interstitial lung disease and pulmonary sarcoidosis",1,"Male",27,"Age-standardized",2014,"Rate",7.02743127807083,4.27104259516293,8.63775228496542
1,"Deaths",1799,"Bristol County",25005,516,"Interstitial lung disease and pulmonary sarcoidosis",2,"Female",27,"Age-standardized",1980,"Rate",1.50905740361152,1.14161583885679,2.57223479816337
1,"Deaths",1799,"Bristol County",25005,516,"Interstitial lung disease and pulmonary sarcoidosis",2,"Female",27,"Age-standardized",1981,"Rate",1.53905943131556,1.16817624202974,2.68534822653314
1,"Deaths",1799,"Bristol County",25005,516,"Interstitial lung disease and pulmonary sarcoidosis",2,"Female",27,"Age-standardized",1982,"Rate",1.55643887787412,1.17633400569083,2.64187627449258
1,"Deaths",1799,"Bristol County",25005,516,"Interstitial lung disease and pulmonary sarcoidosis",2,"Female",27,"Age-standardized",1983,"Rate",1.61265098615611,1.23349895433425,2.6195888192727
1,"Deaths",1799,"Bristol County",25005,516,"Interstitial lung disease and pulmonary sarcoidosis",2,"Female",27,"Age-standardized",1984,"Rate",1.66093483206784,1.27904129289265,2.70825678331594
1,"Deaths",1799,"Bristol County",25005,516,"Interstitial lung disease and pulmonary sarcoidosis",2,"Female",27,"Age-standardized",1985,"Rate",1.72371023835602,1.33251417896366,2.78911738767463
1,"Deaths",1799,"Bristol County",25005,516,"Interstitial lung disease and pulmonary sarcoidosis",2,"Female",27,"Age-standardized",1986,"Rate",1.75020860284064,1.38851175049133,2.83305607587843
1,"Deaths",1799,"Bristol County",25005,516,"Interstitial lung disease and pulmonary sarcoidosis",2,"Female",27,"Age-standardized",1987,"Rate",1.8074337013752,1.40524097869614,2.78427811247519
1,"Deaths",1799,"Bristol County",25005,516,"Interstitial lung disease and pulmonary sarcoidosis",2,"Female",27,"Age-standardized",1988,"Rate",1.92775675743542,1.50271896330913,2.98072798990882
1,"Deaths",1799,"Bristol County",25005,516,"Interstitial lung disease and pulmonary sarcoidosis",2,"Female",27,"Age-standardized",1989,"Rate",1.90834296141152,1.4897577901002,2.90006533677729
1,"Deaths",1799,"Bristol County",25005,516,"Interstitial lung disease and pulmonary sarcoidosis",2,"Female",27,"Age-standardized",1990,"Rate",1.95754929732464,1.52567189143196,2.88933271123262
1,"Deaths",1799,"Bristol County",25005,516,"Interstitial lung disease and pulmonary sarcoidosis",2,"Female",27,"Age-standardized",1991,"Rate",2.06485365658663,1.58821220106567,2.99486267286985
1,"Deaths",1799,"Bristol County",25005,516,"Interstitial lung disease and pulmonary sarcoidosis",2,"Female",27,"Age-standardized",1992,"Rate",2.16728739555513,1.61664135163371,3.13299279838836
1,"Deaths",1799,"Bristol County",25005,516,"Interstitial lung disease and pulmonary sarcoidosis",2,"Female",27,"Age-standardized",1993,"Rate",2.32362047486717,1.78367453524865,3.23757068405946
1,"Deaths",1799,"Bristol County",25005,516,"Interstitial lung disease and pulmonary sarcoidosis",2,"Female",27,"Age-standardized",1994,"Rate",2.35420468655161,1.73454887198337,3.2671134200074
1,"Deaths",1799,"Bristol County",25005,516,"Interstitial lung disease and pulmonary sarcoidosis",2,"Female",27,"Age-standardized",1995,"Rate",2.48811265405271,1.78554349886424,3.380121340304
1,"Deaths",1799,"Bristol County",25005,516,"Interstitial lung disease and pulmonary sarcoidosis",2,"Female",27,"Age-standardized",1996,"Rate",2.55703413352085,1.86465043334199,3.34039634856105
1,"Deaths",1799,"Bristol County",25005,516,"Interstitial lung disease and pulmonary sarcoidosis",2,"Female",27,"Age-standardized",1997,"Rate",2.69245536695384,1.8588717245389,3.42854862972079
1,"Deaths",1799,"Bristol County",25005,516,"Interstitial lung disease and pulmonary sarcoidosis",2,"Female",27,"Age-standardized",1998,"Rate",2.80728038607426,1.86357946396447,3.49121438396721
1,"Deaths",1799,"Bristol County",25005,516,"Interstitial lung disease and pulmonary sarcoidosis",2,"Female",27,"Age-standardized",1999,"Rate",3.06455242890825,2.03096574870898,3.71198811297342
1,"Deaths",1799,"Bristol County",25005,516,"Interstitial lung disease and pulmonary sarcoidosis",2,"Female",27,"Age-standardized",2000,"Rate",3.17913944368193,1.94426346179649,3.88184770786032
1,"Deaths",1799,"Bristol County",25005,516,"Interstitial lung disease and pulmonary sarcoidosis",2,"Female",27,"Age-standardized",2001,"Rate",3.42550702413116,2.12958221906341,4.18355761848125
1,"Deaths",1799,"Bristol County",25005,516,"Interstitial lung disease and pulmonary sarcoidosis",2,"Female",27,"Age-standardized",2002,"Rate",3.49666757561437,2.18514355427474,4.22414988061787
1,"Deaths",1799,"Bristol County",25005,516,"Interstitial lung disease and pulmonary sarcoidosis",2,"Female",27,"Age-standardized",2003,"Rate",3.6352285103887,2.16182139025075,4.42213470278422
1,"Deaths",1799,"Bristol County",25005,516,"Interstitial lung disease and pulmonary sarcoidosis",2,"Female",27,"Age-standardized",2004,"Rate",3.68090737421538,2.16378078486866,4.5291803207137
1,"Deaths",1799,"Bristol County",25005,516,"Interstitial lung disease and pulmonary sarcoidosis",2,"Female",27,"Age-standardized",2005,"Rate",3.78473501690763,2.22603071237448,4.68870663188965
1,"Deaths",1799,"Bristol County",25005,516,"Interstitial lung disease and pulmonary sarcoidosis",2,"Female",27,"Age-standardized",2006,"Rate",3.80648468944016,2.30137806903206,4.69384925736953
1,"Deaths",1799,"Bristol County",25005,516,"Interstitial lung disease and pulmonary sarcoidosis",2,"Female",27,"Age-standardized",2007,"Rate",3.71882185161031,2.20063197790828,4.53590100002259
1,"Deaths",1799,"Bristol County",25005,516,"Interstitial lung disease and pulmonary sarcoidosis",2,"Female",27,"Age-standardized",2008,"Rate",3.81828300058563,2.23851389259131,4.65938803573654
1,"Deaths",1799,"Bristol County",25005,516,"Interstitial lung disease and pulmonary sarcoidosis",2,"Female",27,"Age-standardized",2009,"Rate",3.89912286646556,2.25086068424845,4.77598290073765
1,"Deaths",1799,"Bristol County",25005,516,"Interstitial lung disease and pulmonary sarcoidosis",2,"Female",27,"Age-standardized",2010,"Rate",3.93220607879832,2.27942229696624,4.84832604343645
1,"Deaths",1799,"Bristol County",25005,516,"Interstitial lung disease and pulmonary sarcoidosis",2,"Female",27,"Age-standardized",2011,"Rate",3.99619672345646,2.29025490763097,4.97734394471032
1,"Deaths",1799,"Bristol County",25005,516,"Interstitial lung disease and pulmonary sarcoidosis",2,"Female",27,"Age-standardized",2012,"Rate",4.00394426185251,2.27514636970118,4.98460693354633
1,"Deaths",1799,"Bristol County",25005,516,"Interstitial lung disease and pulmonary sarcoidosis",2,"Female",27,"Age-standardized",2013,"Rate",3.99348111875877,2.24923164321996,4.99770197136564
1,"Deaths",1799,"Bristol County",25005,516,"Interstitial lung disease and pulmonary sarcoidosis",2,"Female",27,"Age-standardized",2014,"Rate",4.23407271594528,2.40611596550603,5.28040354276861
1,"Deaths",1799,"Bristol County",25005,516,"Interstitial lung disease and pulmonary sarcoidosis",3,"Both",27,"Age-standardized",1980,"Rate",2.04945777248212,1.62360101958376,3.20119025430209
1,"Deaths",1799,"Bristol County",25005,516,"Interstitial lung disease and pulmonary sarcoidosis",3,"Both",27,"Age-standardized",1981,"Rate",2.07279854668202,1.64799146713379,3.23988406826326
1,"Deaths",1799,"Bristol County",25005,516,"Interstitial lung disease and pulmonary sarcoidosis",3,"Both",27,"Age-standardized",1982,"Rate",2.09655208750863,1.67771967202916,3.23440346847093
1,"Deaths",1799,"Bristol County",25005,516,"Interstitial lung disease and pulmonary sarcoidosis",3,"Both",27,"Age-standardized",1983,"Rate",2.17482811281084,1.75741449232346,3.38850434994391
1,"Deaths",1799,"Bristol County",25005,516,"Interstitial lung disease and pulmonary sarcoidosis",3,"Both",27,"Age-standardized",1984,"Rate",2.23725332169455,1.82777243381432,3.41221882713691
1,"Deaths",1799,"Bristol County",25005,516,"Interstitial lung disease and pulmonary sarcoidosis",3,"Both",27,"Age-standardized",1985,"Rate",2.33163171761644,1.91501875548607,3.49226312113273
1,"Deaths",1799,"Bristol County",25005,516,"Interstitial lung disease and pulmonary sarcoidosis",3,"Both",27,"Age-standardized",1986,"Rate",2.33978249182618,1.94196377126228,3.47124683969109
1,"Deaths",1799,"Bristol County",25005,516,"Interstitial lung disease and pulmonary sarcoidosis",3,"Both",27,"Age-standardized",1987,"Rate",2.43483434545782,2.0359395918901,3.52751979883339
1,"Deaths",1799,"Bristol County",25005,516,"Interstitial lung disease and pulmonary sarcoidosis",3,"Both",27,"Age-standardized",1988,"Rate",2.57490042584079,2.16873181299453,3.65483487505889
1,"Deaths",1799,"Bristol County",25005,516,"Interstitial lung disease and pulmonary sarcoidosis",3,"Both",27,"Age-standardized",1989,"Rate",2.60909627186149,2.20732185798944,3.59521859993888
1,"Deaths",1799,"Bristol County",25005,516,"Interstitial lung disease and pulmonary sarcoidosis",3,"Both",27,"Age-standardized",1990,"Rate",2.64384265243151,2.25261285740202,3.65007954971409
1,"Deaths",1799,"Bristol County",25005,516,"Interstitial lung disease and pulmonary sarcoidosis",3,"Both",27,"Age-standardized",1991,"Rate",2.747330940927,2.33267419286343,3.68437610050362
1,"Deaths",1799,"Bristol County",25005,516,"Interstitial lung disease and pulmonary sarcoidosis",3,"Both",27,"Age-standardized",1992,"Rate",2.87497391005297,2.42821252701864,3.85607144307193
1,"Deaths",1799,"Bristol County",25005,516,"Interstitial lung disease and pulmonary sarcoidosis",3,"Both",27,"Age-standardized",1993,"Rate",3.04738144450257,2.57081262212598,3.97614099301829
1,"Deaths",1799,"Bristol County",25005,516,"Interstitial lung disease and pulmonary sarcoidosis",3,"Both",27,"Age-standardized",1994,"Rate",3.10000805773408,2.61563649707449,3.96895094706282
1,"Deaths",1799,"Bristol County",25005,516,"Interstitial lung disease and pulmonary sarcoidosis",3,"Both",27,"Age-standardized",1995,"Rate",3.30159022303149,2.72165536602659,4.1703993845973
1,"Deaths",1799,"Bristol County",25005,516,"Interstitial lung disease and pulmonary sarcoidosis",3,"Both",27,"Age-standardized",1996,"Rate",3.39224646363914,2.72397958212889,4.16299525916303
1,"Deaths",1799,"Bristol County",25005,516,"Interstitial lung disease and pulmonary sarcoidosis",3,"Both",27,"Age-standardized",1997,"Rate",3.46176110308655,2.71979306946062,4.13795817895115
1,"Deaths",1799,"Bristol County",25005,516,"Interstitial lung disease and pulmonary sarcoidosis",3,"Both",27,"Age-standardized",1998,"Rate",3.61108130581313,2.709603870124,4.21497550420386
1,"Deaths",1799,"Bristol County",25005,516,"Interstitial lung disease and pulmonary sarcoidosis",3,"Both",27,"Age-standardized",1999,"Rate",3.89584251098435,2.82950428981179,4.50287371014197
1,"Deaths",1799,"Bristol County",25005,516,"Interstitial lung disease and pulmonary sarcoidosis",3,"Both",27,"Age-standardized",2000,"Rate",4.19493264695054,3.00575708764146,4.83149637110465
1,"Deaths",1799,"Bristol County",25005,516,"Interstitial lung disease and pulmonary sarcoidosis",3,"Both",27,"Age-standardized",2001,"Rate",4.34466747102759,3.01538726205944,5.00281055213925
1,"Deaths",1799,"Bristol County",25005,516,"Interstitial lung disease and pulmonary sarcoidosis",3,"Both",27,"Age-standardized",2002,"Rate",4.53932671096087,3.15351513044364,5.21241356384133
1,"Deaths",1799,"Bristol County",25005,516,"Interstitial lung disease and pulmonary sarcoidosis",3,"Both",27,"Age-standardized",2003,"Rate",4.62360108705361,3.1099749027108,5.34813207972797
1,"Deaths",1799,"Bristol County",25005,516,"Interstitial lung disease and pulmonary sarcoidosis",3,"Both",27,"Age-standardized",2004,"Rate",4.68054529766044,3.11421913381872,5.46231259637107
1,"Deaths",1799,"Bristol County",25005,516,"Interstitial lung disease and pulmonary sarcoidosis",3,"Both",27,"Age-standardized",2005,"Rate",4.80628189190149,3.16375695868565,5.59876839662386
1,"Deaths",1799,"Bristol County",25005,516,"Interstitial lung disease and pulmonary sarcoidosis",3,"Both",27,"Age-standardized",2006,"Rate",4.82309666256329,3.18992487607829,5.62272901593711
1,"Deaths",1799,"Bristol County",25005,516,"Interstitial lung disease and pulmonary sarcoidosis",3,"Both",27,"Age-standardized",2007,"Rate",4.79997034874479,3.15782431411398,5.59355234344972
1,"Deaths",1799,"Bristol County",25005,516,"Interstitial lung disease and pulmonary sarcoidosis",3,"Both",27,"Age-standardized",2008,"Rate",4.97462058945031,3.24957982821148,5.81651750154301
1,"Deaths",1799,"Bristol County",25005,516,"Interstitial lung disease and pulmonary sarcoidosis",3,"Both",27,"Age-standardized",2009,"Rate",5.05439041377436,3.25606064140726,5.9048184222943
1,"Deaths",1799,"Bristol County",25005,516,"Interstitial lung disease and pulmonary sarcoidosis",3,"Both",27,"Age-standardized",2010,"Rate",5.07094257966178,3.25154089834498,5.94388675110327
1,"Deaths",1799,"Bristol County",25005,516,"Interstitial lung disease and pulmonary sarcoidosis",3,"Both",27,"Age-standardized",2011,"Rate",5.21442920213665,3.3728200801836,6.13491404016448
1,"Deaths",1799,"Bristol County",25005,516,"Interstitial lung disease and pulmonary sarcoidosis",3,"Both",27,"Age-standardized",2012,"Rate",5.12204554889507,3.28653772099458,6.00902158791502
1,"Deaths",1799,"Bristol County",25005,516,"Interstitial lung disease and pulmonary sarcoidosis",3,"Both",27,"Age-standardized",2013,"Rate",5.21120219269125,3.35122986328872,6.15813203197479
1,"Deaths",1799,"Bristol County",25005,516,"Interstitial lung disease and pulmonary sarcoidosis",3,"Both",27,"Age-standardized",2014,"Rate",5.40814442391863,3.51828014898976,6.388108546778
1,"Deaths",1801,"Dukes County",25007,516,"Interstitial lung disease and pulmonary sarcoidosis",1,"Male",27,"Age-standardized",1980,"Rate",3.13340627845723,1.86133000744958,5.63915384524899
1,"Deaths",1801,"Dukes County",25007,516,"Interstitial lung disease and pulmonary sarcoidosis",1,"Male",27,"Age-standardized",1981,"Rate",3.15662639463445,1.95245138577044,5.43589355145487
1,"Deaths",1801,"Dukes County",25007,516,"Interstitial lung disease and pulmonary sarcoidosis",1,"Male",27,"Age-standardized",1982,"Rate",3.10285748921901,1.90556853990672,5.43508790946467
1,"Deaths",1801,"Dukes County",25007,516,"Interstitial lung disease and pulmonary sarcoidosis",1,"Male",27,"Age-standardized",1983,"Rate",3.17327563504156,1.9429046830707,5.50015879221013
1,"Deaths",1801,"Dukes County",25007,516,"Interstitial lung disease and pulmonary sarcoidosis",1,"Male",27,"Age-standardized",1984,"Rate",3.19244244672754,1.96287214856483,5.41075493524417
1,"Deaths",1801,"Dukes County",25007,516,"Interstitial lung disease and pulmonary sarcoidosis",1,"Male",27,"Age-standardized",1985,"Rate",3.27467230546166,2.0358499171091,5.54097914050384
1,"Deaths",1801,"Dukes County",25007,516,"Interstitial lung disease and pulmonary sarcoidosis",1,"Male",27,"Age-standardized",1986,"Rate",3.37721608628785,2.15555515378906,5.56564983179098
1,"Deaths",1801,"Dukes County",25007,516,"Interstitial lung disease and pulmonary sarcoidosis",1,"Male",27,"Age-standardized",1987,"Rate",3.39137210325671,2.1258508573578,5.68374280997978
1,"Deaths",1801,"Dukes County",25007,516,"Interstitial lung disease and pulmonary sarcoidosis",1,"Male",27,"Age-standardized",1988,"Rate",3.47560121932285,2.23033009800372,5.63558725012813
1,"Deaths",1801,"Dukes County",25007,516,"Interstitial lung disease and pulmonary sarcoidosis",1,"Male",27,"Age-standardized",1989,"Rate",3.52990320186876,2.24884822627699,5.53487517018899
1,"Deaths",1801,"Dukes County",25007,516,"Interstitial lung disease and pulmonary sarcoidosis",1,"Male",27,"Age-standardized",1990,"Rate",3.55278451589412,2.34510309981738,5.70947071604421
1,"Deaths",1801,"Dukes County",25007,516,"Interstitial lung disease and pulmonary sarcoidosis",1,"Male",27,"Age-standardized",1991,"Rate",3.62216652566645,2.39997521624034,5.54820604998742
1,"Deaths",1801,"Dukes County",25007,516,"Interstitial lung disease and pulmonary sarcoidosis",1,"Male",27,"Age-standardized",1992,"Rate",3.66609640943774,2.43304250608661,5.55979330797032
1,"Deaths",1801,"Dukes County",25007,516,"Interstitial lung disease and pulmonary sarcoidosis",1,"Male",27,"Age-standardized",1993,"Rate",3.8163166242819,2.5444515041877,5.63422032202506
1,"Deaths",1801,"Dukes County",25007,516,"Interstitial lung disease and pulmonary sarcoidosis",1,"Male",27,"Age-standardized",1994,"Rate",3.93642435115681,2.57423534562109,5.84272975266671
1,"Deaths",1801,"Dukes County",25007,516,"Interstitial lung disease and pulmonary sarcoidosis",1,"Male",27,"Age-standardized",1995,"Rate",4.0457670238415,2.67970060708854,6.07493530003968
1,"Deaths",1801,"Dukes County",25007,516,"Interstitial lung disease and pulmonary sarcoidosis",1,"Male",27,"Age-standardized",1996,"Rate",4.08049026458232,2.64504528527694,5.97038033715235
1,"Deaths",1801,"Dukes County",25007,516,"Interstitial lung disease and pulmonary sarcoidosis",1,"Male",27,"Age-standardized",1997,"Rate",4.16076411621097,2.6921365613182,6.08105240778753
1,"Deaths",1801,"Dukes County",25007,516,"Interstitial lung disease and pulmonary sarcoidosis",1,"Male",27,"Age-standardized",1998,"Rate",4.33047085653502,2.7793674032318,6.29619108930704
1,"Deaths",1801,"Dukes County",25007,516,"Interstitial lung disease and pulmonary sarcoidosis",1,"Male",27,"Age-standardized",1999,"Rate",4.55985758323273,2.8702837699246,6.51494716174955
1,"Deaths",1801,"Dukes County",25007,516,"Interstitial lung disease and pulmonary sarcoidosis",1,"Male",27,"Age-standardized",2000,"Rate",4.70949425614926,2.91504665599907,6.75872545003601
1,"Deaths",1801,"Dukes County",25007,516,"Interstitial lung disease and pulmonary sarcoidosis",1,"Male",27,"Age-standardized",2001,"Rate",4.94122112701824,2.92328173961848,7.17523168330019
1,"Deaths",1801,"Dukes County",25007,516,"Interstitial lung disease and pulmonary sarcoidosis",1,"Male",27,"Age-standardized",2002,"Rate",5.02015788382906,3.00466341836649,7.23580036978742
1,"Deaths",1801,"Dukes County",25007,516,"Interstitial lung disease and pulmonary sarcoidosis",1,"Male",27,"Age-standardized",2003,"Rate",5.15893660586952,3.14431428807674,7.58974920955538
1,"Deaths",1801,"Dukes County",25007,516,"Interstitial lung disease and pulmonary sarcoidosis",1,"Male",27,"Age-standardized",2004,"Rate",5.08535693649694,2.96630848704207,7.40339681464495
1,"Deaths",1801,"Dukes County",25007,516,"Interstitial lung disease and pulmonary sarcoidosis",1,"Male",27,"Age-standardized",2005,"Rate",5.16728708409934,2.94315416911635,7.66904531849232
1,"Deaths",1801,"Dukes County",25007,516,"Interstitial lung disease and pulmonary sarcoidosis",1,"Male",27,"Age-standardized",2006,"Rate",5.25507904159749,2.9498963268105,7.57729533898848
1,"Deaths",1801,"Dukes County",25007,516,"Interstitial lung disease and pulmonary sarcoidosis",1,"Male",27,"Age-standardized",2007,"Rate",5.21839832518512,2.91060112563682,7.65905760540608
1,"Deaths",1801,"Dukes County",25007,516,"Interstitial lung disease and pulmonary sarcoidosis",1,"Male",27,"Age-standardized",2008,"Rate",5.17292210141213,2.79576844225458,7.56309490856636
1,"Deaths",1801,"Dukes County",25007,516,"Interstitial lung disease and pulmonary sarcoidosis",1,"Male",27,"Age-standardized",2009,"Rate",5.21966000122937,2.83798813463123,7.71238235751094
1,"Deaths",1801,"Dukes County",25007,516,"Interstitial lung disease and pulmonary sarcoidosis",1,"Male",27,"Age-standardized",2010,"Rate",5.22813038861935,2.75579133981266,7.71069440945323
1,"Deaths",1801,"Dukes County",25007,516,"Interstitial lung disease and pulmonary sarcoidosis",1,"Male",27,"Age-standardized",2011,"Rate",5.27801194699301,2.79395741637197,7.83420087154757
1,"Deaths",1801,"Dukes County",25007,516,"Interstitial lung disease and pulmonary sarcoidosis",1,"Male",27,"Age-standardized",2012,"Rate",5.36050918881632,2.84648220887274,7.96641738466853
1,"Deaths",1801,"Dukes County",25007,516,"Interstitial lung disease and pulmonary sarcoidosis",1,"Male",27,"Age-standardized",2013,"Rate",5.37995265482073,2.82703858049727,8.07292901343943
1,"Deaths",1801,"Dukes County",25007,516,"Interstitial lung disease and pulmonary sarcoidosis",1,"Male",27,"Age-standardized",2014,"Rate",5.41038462570735,2.74961913264139,8.11467984379103
1,"Deaths",1801,"Dukes County",25007,516,"Interstitial lung disease and pulmonary sarcoidosis",2,"Female",27,"Age-standardized",1980,"Rate",1.68225531623969,1.0143859174877,3.17725387144688
1,"Deaths",1801,"Dukes County",25007,516,"Interstitial lung disease and pulmonary sarcoidosis",2,"Female",27,"Age-standardized",1981,"Rate",1.68031019940014,1.0110445249727,3.14830559845426
1,"Deaths",1801,"Dukes County",25007,516,"Interstitial lung disease and pulmonary sarcoidosis",2,"Female",27,"Age-standardized",1982,"Rate",1.71957048480965,1.05562329369214,3.14269498972565
1,"Deaths",1801,"Dukes County",25007,516,"Interstitial lung disease and pulmonary sarcoidosis",2,"Female",27,"Age-standardized",1983,"Rate",1.75182070072948,1.08360592465781,3.18127361872388
1,"Deaths",1801,"Dukes County",25007,516,"Interstitial lung disease and pulmonary sarcoidosis",2,"Female",27,"Age-standardized",1984,"Rate",1.79686307629465,1.09541562725302,3.16298941337229
1,"Deaths",1801,"Dukes County",25007,516,"Interstitial lung disease and pulmonary sarcoidosis",2,"Female",27,"Age-standardized",1985,"Rate",1.86119000534395,1.14826102297675,3.28643930823078
1,"Deaths",1801,"Dukes County",25007,516,"Interstitial lung disease and pulmonary sarcoidosis",2,"Female",27,"Age-standardized",1986,"Rate",1.92066337461322,1.19942708674416,3.24035743873069
1,"Deaths",1801,"Dukes County",25007,516,"Interstitial lung disease and pulmonary sarcoidosis",2,"Female",27,"Age-standardized",1987,"Rate",1.95925879717361,1.25320547828283,3.30630356872553
1,"Deaths",1801,"Dukes County",25007,516,"Interstitial lung disease and pulmonary sarcoidosis",2,"Female",27,"Age-standardized",1988,"Rate",2.03404910087225,1.29315797223992,3.33964705821058
1,"Deaths",1801,"Dukes County",25007,516,"Interstitial lung disease and pulmonary sarcoidosis",2,"Female",27,"Age-standardized",1989,"Rate",2.07543681375833,1.32018307194209,3.48255111230404
1,"Deaths",1801,"Dukes County",25007,516,"Interstitial lung disease and pulmonary sarcoidosis",2,"Female",27,"Age-standardized",1990,"Rate",2.04227988885765,1.31056067946715,3.3100134674896
1,"Deaths",1801,"Dukes County",25007,516,"Interstitial lung disease and pulmonary sarcoidosis",2,"Female",27,"Age-standardized",1991,"Rate",2.14890562768813,1.37702687345288,3.38550774070049
1,"Deaths",1801,"Dukes County",25007,516,"Interstitial lung disease and pulmonary sarcoidosis",2,"Female",27,"Age-standardized",1992,"Rate",2.1674354250627,1.36762054137243,3.33150038768301
1,"Deaths",1801,"Dukes County",25007,516,"Interstitial lung disease and pulmonary sarcoidosis",2,"Female",27,"Age-standardized",1993,"Rate",2.29932101611056,1.45744647771543,3.52578167518613
1,"Deaths",1801,"Dukes County",25007,516,"Interstitial lung disease and pulmonary sarcoidosis",2,"Female",27,"Age-standardized",1994,"Rate",2.36047071051887,1.49636654339289,3.51571024261263
1,"Deaths",1801,"Dukes County",25007,516,"Interstitial lung disease and pulmonary sarcoidosis",2,"Female",27,"Age-standardized",1995,"Rate",2.47992988706539,1.54181517740085,3.70117556507205
1,"Deaths",1801,"Dukes County",25007,516,"Interstitial lung disease and pulmonary sarcoidosis",2,"Female",27,"Age-standardized",1996,"Rate",2.52342749652492,1.57199184692215,3.76658345799589
1,"Deaths",1801,"Dukes County",25007,516,"Interstitial lung disease and pulmonary sarcoidosis",2,"Female",27,"Age-standardized",1997,"Rate",2.64683789508952,1.59786640434182,3.96437456779285
1,"Deaths",1801,"Dukes County",25007,516,"Interstitial lung disease and pulmonary sarcoidosis",2,"Female",27,"Age-standardized",1998,"Rate",2.75764307882315,1.62780930181604,4.02425012960622
1,"Deaths",1801,"Dukes County",25007,516,"Interstitial lung disease and pulmonary sarcoidosis",2,"Female",27,"Age-standardized",1999,"Rate",2.92378704834065,1.63419103179376,4.25088076011065
1,"Deaths",1801,"Dukes County",25007,516,"Interstitial lung disease and pulmonary sarcoidosis",2,"Female",27,"Age-standardized",2000,"Rate",3.10771812304524,1.70464078221685,4.49170855987312
1,"Deaths",1801,"Dukes County",25007,516,"Interstitial lung disease and pulmonary sarcoidosis",2,"Female",27,"Age-standardized",2001,"Rate",3.28076226276674,1.69182751874923,4.76010102476955
1,"Deaths",1801,"Dukes County",25007,516,"Interstitial lung disease and pulmonary sarcoidosis",2,"Female",27,"Age-standardized",2002,"Rate",3.28837599485353,1.66231761776176,4.84049809000498
1,"Deaths",1801,"Dukes County",25007,516,"Interstitial lung disease and pulmonary sarcoidosis",2,"Female",27,"Age-standardized",2003,"Rate",3.40805554578087,1.76303810078073,5.09122927756692
1,"Deaths",1801,"Dukes County",25007,516,"Interstitial lung disease and pulmonary sarcoidosis",2,"Female",27,"Age-standardized",2004,"Rate",3.4195419457035,1.76435991255091,5.15168720034678
1,"Deaths",1801,"Dukes County",25007,516,"Interstitial lung disease and pulmonary sarcoidosis",2,"Female",27,"Age-standardized",2005,"Rate",3.54921036933001,1.76359851558339,5.2727008250131
1,"Deaths",1801,"Dukes County",25007,516,"Interstitial lung disease and pulmonary sarcoidosis",2,"Female",27,"Age-standardized",2006,"Rate",3.66948486329024,1.83634220114438,5.48054173644575
1,"Deaths",1801,"Dukes County",25007,516,"Interstitial lung disease and pulmonary sarcoidosis",2,"Female",27,"Age-standardized",2007,"Rate",3.56345432238769,1.76050042151527,5.36280168576035
1,"Deaths",1801,"Dukes County",25007,516,"Interstitial lung disease and pulmonary sarcoidosis",2,"Female",27,"Age-standardized",2008,"Rate",3.59442776838934,1.73456922539675,5.32988053458876
1,"Deaths",1801,"Dukes County",25007,516,"Interstitial lung disease and pulmonary sarcoidosis",2,"Female",27,"Age-standardized",2009,"Rate",3.61065686168995,1.77805926995063,5.41037626913764
1,"Deaths",1801,"Dukes County",25007,516,"Interstitial lung disease and pulmonary sarcoidosis",2,"Female",27,"Age-standardized",2010,"Rate",3.66204787157751,1.71748247534925,5.59047947929272
1,"Deaths",1801,"Dukes County",25007,516,"Interstitial lung disease and pulmonary sarcoidosis",2,"Female",27,"Age-standardized",2011,"Rate",3.76933030759099,1.8364758998472,5.72598188530566
1,"Deaths",1801,"Dukes County",25007,516,"Interstitial lung disease and pulmonary sarcoidosis",2,"Female",27,"Age-standardized",2012,"Rate",3.75261837578782,1.88489597352564,5.77491674504537
1,"Deaths",1801,"Dukes County",25007,516,"Interstitial lung disease and pulmonary sarcoidosis",2,"Female",27,"Age-standardized",2013,"Rate",3.77689326813787,1.79266693989865,5.79797156834775
1,"Deaths",1801,"Dukes County",25007,516,"Interstitial lung disease and pulmonary sarcoidosis",2,"Female",27,"Age-standardized",2014,"Rate",3.87317526764617,1.80788652307733,5.97319594437727
1,"Deaths",1801,"Dukes County",25007,516,"Interstitial lung disease and pulmonary sarcoidosis",3,"Both",27,"Age-standardized",1980,"Rate",2.19793793924497,1.51553004953161,3.66740639405664
1,"Deaths",1801,"Dukes County",25007,516,"Interstitial lung disease and pulmonary sarcoidosis",3,"Both",27,"Age-standardized",1981,"Rate",2.20924218495993,1.50617780772548,3.67038380600335
1,"Deaths",1801,"Dukes County",25007,516,"Interstitial lung disease and pulmonary sarcoidosis",3,"Both",27,"Age-standardized",1982,"Rate",2.21760380182286,1.54956430098808,3.6134627364803
1,"Deaths",1801,"Dukes County",25007,516,"Interstitial lung disease and pulmonary sarcoidosis",3,"Both",27,"Age-standardized",1983,"Rate",2.26606162984787,1.59387432813147,3.73472707917594
1,"Deaths",1801,"Dukes County",25007,516,"Interstitial lung disease and pulmonary sarcoidosis",3,"Both",27,"Age-standardized",1984,"Rate",2.30800654540591,1.61414625451066,3.69055560047729
1,"Deaths",1801,"Dukes County",25007,516,"Interstitial lung disease and pulmonary sarcoidosis",3,"Both",27,"Age-standardized",1985,"Rate",2.38678552388097,1.69878645336028,3.77470025824382
1,"Deaths",1801,"Dukes County",25007,516,"Interstitial lung disease and pulmonary sarcoidosis",3,"Both",27,"Age-standardized",1986,"Rate",2.46931956616864,1.77966420730847,3.85482832419958
1,"Deaths",1801,"Dukes County",25007,516,"Interstitial lung disease and pulmonary sarcoidosis",3,"Both",27,"Age-standardized",1987,"Rate",2.50356310021745,1.80990210701202,3.83855663681977
1,"Deaths",1801,"Dukes County",25007,516,"Interstitial lung disease and pulmonary sarcoidosis",3,"Both",27,"Age-standardized",1988,"Rate",2.58849271238879,1.88563717923075,3.78736221150117
1,"Deaths",1801,"Dukes County",25007,516,"Interstitial lung disease and pulmonary sarcoidosis",3,"Both",27,"Age-standardized",1989,"Rate",2.63844272447684,1.93006687767984,3.91013810932983
1,"Deaths",1801,"Dukes County",25007,516,"Interstitial lung disease and pulmonary sarcoidosis",3,"Both",27,"Age-standardized",1990,"Rate",2.6277285002559,1.91995995475449,3.85458422526355
1,"Deaths",1801,"Dukes County",25007,516,"Interstitial lung disease and pulmonary sarcoidosis",3,"Both",27,"Age-standardized",1991,"Rate",2.719078667143,1.99855344868452,3.90221515719895
1,"Deaths",1801,"Dukes County",25007,516,"Interstitial lung disease and pulmonary sarcoidosis",3,"Both",27,"Age-standardized",1992,"Rate",2.74386984591951,1.97632681362148,3.7563273940895
1,"Deaths",1801,"Dukes County",25007,516,"Interstitial lung disease and pulmonary sarcoidosis",3,"Both",27,"Age-standardized",1993,"Rate",2.88436292583993,2.11143840928165,3.98290230119945
1,"Deaths",1801,"Dukes County",25007,516,"Interstitial lung disease and pulmonary sarcoidosis",3,"Both",27,"Age-standardized",1994,"Rate",2.96559797253309,2.17177353855272,4.10945787780058
1,"Deaths",1801,"Dukes County",25007,516,"Interstitial lung disease and pulmonary sarcoidosis",3,"Both",27,"Age-standardized",1995,"Rate",3.07936672300767,2.27337437245563,4.15412348172526
1,"Deaths",1801,"Dukes County",25007,516,"Interstitial lung disease and pulmonary sarcoidosis",3,"Both",27,"Age-standardized",1996,"Rate",3.11759069895565,2.29169290190782,4.1391216806667
1,"Deaths",1801,"Dukes County",25007,516,"Interstitial lung disease and pulmonary sarcoidosis",3,"Both",27,"Age-standardized",1997,"Rate",3.22396144135964,2.314578005081,4.34292063217499
1,"Deaths",1801,"Dukes County",25007,516,"Interstitial lung disease and pulmonary sarcoidosis",3,"Both",27,"Age-standardized",1998,"Rate",3.35385860604807,2.36999019633141,4.41521943945738
1,"Deaths",1801,"Dukes County",25007,516,"Interstitial lung disease and pulmonary sarcoidosis",3,"Both",27,"Age-standardized",1999,"Rate",3.54479838326913,2.37160377661785,4.64098833584516
1,"Deaths",1801,"Dukes County",25007,516,"Interstitial lung disease and pulmonary sarcoidosis",3,"Both",27,"Age-standardized",2000,"Rate",3.71961246124344,2.46595537079102,4.89642540519207
1,"Deaths",1801,"Dukes County",25007,516,"Interstitial lung disease and pulmonary sarcoidosis",3,"Both",27,"Age-standardized",2001,"Rate",3.92540603141215,2.52962871261385,5.18186224041613
1,"Deaths",1801,"Dukes County",25007,516,"Interstitial lung disease and pulmonary sarcoidosis",3,"Both",27,"Age-standardized",2002,"Rate",3.98399750133789,2.54935654501942,5.33246886271476
1,"Deaths",1801,"Dukes County",25007,516,"Interstitial lung disease and pulmonary sarcoidosis",3,"Both",27,"Age-standardized",2003,"Rate",4.10935691393721,2.59036473390721,5.51754232347231
1,"Deaths",1801,"Dukes County",25007,516,"Interstitial lung disease and pulmonary sarcoidosis",3,"Both",27,"Age-standardized",2004,"Rate",4.11105084524593,2.51336981962382,5.59164369812253
1,"Deaths",1801,"Dukes County",25007,516,"Interstitial lung disease and pulmonary sarcoidosis",3,"Both",27,"Age-standardized",2005,"Rate",4.22052950326202,2.57156469015407,5.68946550758636
1,"Deaths",1801,"Dukes County",25007,516,"Interstitial lung disease and pulmonary sarcoidosis",3,"Both",27,"Age-standardized",2006,"Rate",4.34141393907501,2.59207623750552,5.82183933324634
1,"Deaths",1801,"Dukes County",25007,516,"Interstitial lung disease and pulmonary sarcoidosis",3,"Both",27,"Age-standardized",2007,"Rate",4.26313371685454,2.51660644394341,5.784940430527
1,"Deaths",1801,"Dukes County",25007,516,"Interstitial lung disease and pulmonary sarcoidosis",3,"Both",27,"Age-standardized",2008,"Rate",4.270307140211,2.46264897283195,5.83786085110715
1,"Deaths",1801,"Dukes County",25007,516,"Interstitial lung disease and pulmonary sarcoidosis",3,"Both",27,"Age-standardized",2009,"Rate",4.30765263153067,2.51482154230183,5.87867847044433
1,"Deaths",1801,"Dukes County",25007,516,"Interstitial lung disease and pulmonary sarcoidosis",3,"Both",27,"Age-standardized",2010,"Rate",4.34577183307305,2.58295304937324,5.99347228691469
1,"Deaths",1801,"Dukes County",25007,516,"Interstitial lung disease and pulmonary sarcoidosis",3,"Both",27,"Age-standardized",2011,"Rate",4.44209130777675,2.58990562990677,6.03052020195393
1,"Deaths",1801,"Dukes County",25007,516,"Interstitial lung disease and pulmonary sarcoidosis",3,"Both",27,"Age-standardized",2012,"Rate",4.45920198092377,2.60176751196295,6.18542908873997
1,"Deaths",1801,"Dukes County",25007,516,"Interstitial lung disease and pulmonary sarcoidosis",3,"Both",27,"Age-standardized",2013,"Rate",4.48653485716238,2.64740647025187,6.21894394557481
1,"Deaths",1801,"Dukes County",25007,516,"Interstitial lung disease and pulmonary sarcoidosis",3,"Both",27,"Age-standardized",2014,"Rate",4.56290971581706,2.7052415713716,6.31400019946534
1,"Deaths",1789,"Essex County",25009,516,"Interstitial lung disease and pulmonary sarcoidosis",1,"Male",27,"Age-standardized",1980,"Rate",3.79669698953661,2.85632388345293,6.63999652409672
1,"Deaths",1789,"Essex County",25009,516,"Interstitial lung disease and pulmonary sarcoidosis",1,"Male",27,"Age-standardized",1981,"Rate",3.74768483337012,2.80390659749245,6.52200063309502
1,"Deaths",1789,"Essex County",25009,516,"Interstitial lung disease and pulmonary sarcoidosis",1,"Male",27,"Age-standardized",1982,"Rate",3.71166212464592,2.79729904005896,6.46066210921538
1,"Deaths",1789,"Essex County",25009,516,"Interstitial lung disease and pulmonary sarcoidosis",1,"Male",27,"Age-standardized",1983,"Rate",3.8494833057924,2.92225764800126,6.37655602027172
1,"Deaths",1789,"Essex County",25009,516,"Interstitial lung disease and pulmonary sarcoidosis",1,"Male",27,"Age-standardized",1984,"Rate",3.9240334766055,3.00067343735485,6.65953250711437
1,"Deaths",1789,"Essex County",25009,516,"Interstitial lung disease and pulmonary sarcoidosis",1,"Male",27,"Age-standardized",1985,"Rate",4.05121118082257,3.13430536181934,6.65553723028703
1,"Deaths",1789,"Essex County",25009,516,"Interstitial lung disease and pulmonary sarcoidosis",1,"Male",27,"Age-standardized",1986,"Rate",4.18586503194113,3.27676925887233,6.73295324621821
1,"Deaths",1789,"Essex County",25009,516,"Interstitial lung disease and pulmonary sarcoidosis",1,"Male",27,"Age-standardized",1987,"Rate",4.25364104068431,3.37659036597596,6.79076863247162
1,"Deaths",1789,"Essex County",25009,516,"Interstitial lung disease and pulmonary sarcoidosis",1,"Male",27,"Age-standardized",1988,"Rate",4.38052702141109,3.5265190750547,6.93464183667261
1,"Deaths",1789,"Essex County",25009,516,"Interstitial lung disease and pulmonary sarcoidosis",1,"Male",27,"Age-standardized",1989,"Rate",4.40050212267329,3.58179413014818,6.76859413423406
1,"Deaths",1789,"Essex County",25009,516,"Interstitial lung disease and pulmonary sarcoidosis",1,"Male",27,"Age-standardized",1990,"Rate",4.49211481244786,3.66143516241696,6.64992010916311
1,"Deaths",1789,"Essex County",25009,516,"Interstitial lung disease and pulmonary sarcoidosis",1,"Male",27,"Age-standardized",1991,"Rate",4.4964963312534,3.70008999731998,6.75607617966464
1,"Deaths",1789,"Essex County",25009,516,"Interstitial lung disease and pulmonary sarcoidosis",1,"Male",27,"Age-standardized",1992,"Rate",4.73646567187409,3.87985069808514,6.83313888331362
1,"Deaths",1789,"Essex County",25009,516,"Interstitial lung disease and pulmonary sarcoidosis",1,"Male",27,"Age-standardized",1993,"Rate",4.92393305609031,4.06596820481193,6.94609897412587
1,"Deaths",1789,"Essex County",25009,516,"Interstitial lung disease and pulmonary sarcoidosis",1,"Male",27,"Age-standardized",1994,"Rate",5.06510106241256,4.1841248380286,6.99953445832189
1,"Deaths",1789,"Essex County",25009,516,"Interstitial lung disease and pulmonary sarcoidosis",1,"Male",27,"Age-standardized",1995,"Rate",5.20795531445975,4.21491906193153,6.99414707849163
1,"Deaths",1789,"Essex County",25009,516,"Interstitial lung disease and pulmonary sarcoidosis",1,"Male",27,"Age-standardized",1996,"Rate",5.38378851265716,4.27191349027823,7.29173540430632
1,"Deaths",1789,"Essex County",25009,516,"Interstitial lung disease and pulmonary sarcoidosis",1,"Male",27,"Age-standardized",1997,"Rate",5.30680686383344,4.10310583683912,6.78887499291395
1,"Deaths",1789,"Essex County",25009,516,"Interstitial lung disease and pulmonary sarcoidosis",1,"Male",27,"Age-standardized",1998,"Rate",5.74887090679672,4.27501209569018,7.21426732099534
1,"Deaths",1789,"Essex County",25009,516,"Interstitial lung disease and pulmonary sarcoidosis",1,"Male",27,"Age-standardized",1999,"Rate",6.03800692581341,4.3786670701869,7.37734505956224
1,"Deaths",1789,"Essex County",25009,516,"Interstitial lung disease and pulmonary sarcoidosis",1,"Male",27,"Age-standardized",2000,"Rate",6.28495016830616,4.45043608329728,7.4772347704705
1,"Deaths",1789,"Essex County",25009,516,"Interstitial lung disease and pulmonary sarcoidosis",1,"Male",27,"Age-standardized",2001,"Rate",6.27105777864775,4.33741474546915,7.38907635939282
1,"Deaths",1789,"Essex County",25009,516,"Interstitial lung disease and pulmonary sarcoidosis",1,"Male",27,"Age-standardized",2002,"Rate",6.74445215122132,4.56446315879607,7.9643260210261
1,"Deaths",1789,"Essex County",25009,516,"Interstitial lung disease and pulmonary sarcoidosis",1,"Male",27,"Age-standardized",2003,"Rate",6.59188979014298,4.39177109922846,7.79526055628757
1,"Deaths",1789,"Essex County",25009,516,"Interstitial lung disease and pulmonary sarcoidosis",1,"Male",27,"Age-standardized",2004,"Rate",6.91812249025025,4.47606405480816,8.26725814773512
1,"Deaths",1789,"Essex County",25009,516,"Interstitial lung disease and pulmonary sarcoidosis",1,"Male",27,"Age-standardized",2005,"Rate",6.77572160917184,4.36769787109338,8.08153928721677
1,"Deaths",1789,"Essex County",25009,516,"Interstitial lung disease and pulmonary sarcoidosis",1,"Male",27,"Age-standardized",2006,"Rate",6.81044103273719,4.29471216354837,8.09898064393611
1,"Deaths",1789,"Essex County",25009,516,"Interstitial lung disease and pulmonary sarcoidosis",1,"Male",27,"Age-standardized",2007,"Rate",6.97687242672201,4.33911613556098,8.26908671967676
1,"Deaths",1789,"Essex County",25009,516,"Interstitial lung disease and pulmonary sarcoidosis",1,"Male",27,"Age-standardized",2008,"Rate",6.96608850240752,4.30103511688077,8.28050996273002
1,"Deaths",1789,"Essex County",25009,516,"Interstitial lung disease and pulmonary sarcoidosis",1,"Male",27,"Age-standardized",2009,"Rate",7.01078408068482,4.29775596453183,8.37022228674486
1,"Deaths",1789,"Essex County",25009,516,"Interstitial lung disease and pulmonary sarcoidosis",1,"Male",27,"Age-standardized",2010,"Rate",7.12402425040108,4.42438047205019,8.50574225822749
1,"Deaths",1789,"Essex County",25009,516,"Interstitial lung disease and pulmonary sarcoidosis",1,"Male",27,"Age-standardized",2011,"Rate",7.15100197797077,4.3886214605722,8.65041089147777
1,"Deaths",1789,"Essex County",25009,516,"Interstitial lung disease and pulmonary sarcoidosis",1,"Male",27,"Age-standardized",2012,"Rate",7.19915182543066,4.50192924155875,8.66294264866079
1,"Deaths",1789,"Essex County",25009,516,"Interstitial lung disease and pulmonary sarcoidosis",1,"Male",27,"Age-standardized",2013,"Rate",7.10588007347084,4.30482736894594,8.5681491270256
1,"Deaths",1789,"Essex County",25009,516,"Interstitial lung disease and pulmonary sarcoidosis",1,"Male",27,"Age-standardized",2014,"Rate",7.47479252183973,4.55230356008047,9.0222937164303
1,"Deaths",1789,"Essex County",25009,516,"Interstitial lung disease and pulmonary sarcoidosis",2,"Female",27,"Age-standardized",1980,"Rate",1.67351858809223,1.26970205362335,2.9497503116141
1,"Deaths",1789,"Essex County",25009,516,"Interstitial lung disease and pulmonary sarcoidosis",2,"Female",27,"Age-standardized",1981,"Rate",1.70872354795447,1.30719462963309,3.01938826616557
1,"Deaths",1789,"Essex County",25009,516,"Interstitial lung disease and pulmonary sarcoidosis",2,"Female",27,"Age-standardized",1982,"Rate",1.65550116465937,1.27269027137278,2.92022502796278
1,"Deaths",1789,"Essex County",25009,516,"Interstitial lung disease and pulmonary sarcoidosis",2,"Female",27,"Age-standardized",1983,"Rate",1.79474377908476,1.38776306708392,3.03110726220573
1,"Deaths",1789,"Essex County",25009,516,"Interstitial lung disease and pulmonary sarcoidosis",2,"Female",27,"Age-standardized",1984,"Rate",1.84881736155748,1.43518797412988,3.09753317095413
1,"Deaths",1789,"Essex County",25009,516,"Interstitial lung disease and pulmonary sarcoidosis",2,"Female",27,"Age-standardized",1985,"Rate",1.86281636061688,1.45785423911098,3.03788573648154
1,"Deaths",1789,"Essex County",25009,516,"Interstitial lung disease and pulmonary sarcoidosis",2,"Female",27,"Age-standardized",1986,"Rate",1.98858730257945,1.54946678521811,3.27220781958387
1,"Deaths",1789,"Essex County",25009,516,"Interstitial lung disease and pulmonary sarcoidosis",2,"Female",27,"Age-standardized",1987,"Rate",2.04034756617837,1.61227490579614,3.22338789520698
1,"Deaths",1789,"Essex County",25009,516,"Interstitial lung disease and pulmonary sarcoidosis",2,"Female",27,"Age-standardized",1988,"Rate",2.13627095890687,1.61403980275214,3.38804646353179
1,"Deaths",1789,"Essex County",25009,516,"Interstitial lung disease and pulmonary sarcoidosis",2,"Female",27,"Age-standardized",1989,"Rate",2.22040675210875,1.71618458177048,3.41193190381279
1,"Deaths",1789,"Essex County",25009,516,"Interstitial lung disease and pulmonary sarcoidosis",2,"Female",27,"Age-standardized",1990,"Rate",2.19968347231687,1.67213103081241,3.3045894698568
1,"Deaths",1789,"Essex County",25009,516,"Interstitial lung disease and pulmonary sarcoidosis",2,"Female",27,"Age-standardized",1991,"Rate",2.30524894493451,1.79770907840899,3.4907625507162
1,"Deaths",1789,"Essex County",25009,516,"Interstitial lung disease and pulmonary sarcoidosis",2,"Female",27,"Age-standardized",1992,"Rate",2.42057328794901,1.83711120492371,3.46908752024265
1,"Deaths",1789,"Essex County",25009,516,"Interstitial lung disease and pulmonary sarcoidosis",2,"Female",27,"Age-standardized",1993,"Rate",2.5288627196208,1.83995968397095,3.70506861577621
1,"Deaths",1789,"Essex County",25009,516,"Interstitial lung disease and pulmonary sarcoidosis",2,"Female",27,"Age-standardized",1994,"Rate",2.62487448960962,1.93479905098935,3.64423218772461
1,"Deaths",1789,"Essex County",25009,516,"Interstitial lung disease and pulmonary sarcoidosis",2,"Female",27,"Age-standardized",1995,"Rate",2.84030663160193,2.04748179935609,3.93975129415987
1,"Deaths",1789,"Essex County",25009,516,"Interstitial lung disease and pulmonary sarcoidosis",2,"Female",27,"Age-standardized",1996,"Rate",2.93404746706313,2.08703008392123,3.85229845533145
1,"Deaths",1789,"Essex County",25009,516,"Interstitial lung disease and pulmonary sarcoidosis",2,"Female",27,"Age-standardized",1997,"Rate",3.0509803506876,2.07029146257784,3.93935790718167
1,"Deaths",1789,"Essex County",25009,516,"Interstitial lung disease and pulmonary sarcoidosis",2,"Female",27,"Age-standardized",1998,"Rate",3.19353153186635,2.10226760677471,3.99022148858995
1,"Deaths",1789,"Essex County",25009,516,"Interstitial lung disease and pulmonary sarcoidosis",2,"Female",27,"Age-standardized",1999,"Rate",3.32953294421386,2.12824650249475,4.03925269745031
1,"Deaths",1789,"Essex County",25009,516,"Interstitial lung disease and pulmonary sarcoidosis",2,"Female",27,"Age-standardized",2000,"Rate",3.52512166486753,2.19759213956661,4.29959058265322
1,"Deaths",1789,"Essex County",25009,516,"Interstitial lung disease and pulmonary sarcoidosis",2,"Female",27,"Age-standardized",2001,"Rate",3.71020631364565,2.20445824858245,4.54769981596539
1,"Deaths",1789,"Essex County",25009,516,"Interstitial lung disease and pulmonary sarcoidosis",2,"Female",27,"Age-standardized",2002,"Rate",3.70401924645823,2.18440244934283,4.51603608949864
1,"Deaths",1789,"Essex County",25009,516,"Interstitial lung disease and pulmonary sarcoidosis",2,"Female",27,"Age-standardized",2003,"Rate",3.94408054243141,2.3607017794594,4.76507112153366
1,"Deaths",1789,"Essex County",25009,516,"Interstitial lung disease and pulmonary sarcoidosis",2,"Female",27,"Age-standardized",2004,"Rate",3.94330983310048,2.23820272956845,4.7185328232664
1,"Deaths",1789,"Essex County",25009,516,"Interstitial lung disease and pulmonary sarcoidosis",2,"Female",27,"Age-standardized",2005,"Rate",3.9462603361528,2.25657357978192,4.74526437847783
1,"Deaths",1789,"Essex County",25009,516,"Interstitial lung disease and pulmonary sarcoidosis",2,"Female",27,"Age-standardized",2006,"Rate",4.2245338872033,2.49883727775114,5.11740189429822
1,"Deaths",1789,"Essex County",25009,516,"Interstitial lung disease and pulmonary sarcoidosis",2,"Female",27,"Age-standardized",2007,"Rate",3.95545907753607,2.29556528148513,4.7710792720664
1,"Deaths",1789,"Essex County",25009,516,"Interstitial lung disease and pulmonary sarcoidosis",2,"Female",27,"Age-standardized",2008,"Rate",4.1225599015488,2.45129470068597,5.10225625000772
1,"Deaths",1789,"Essex County",25009,516,"Interstitial lung disease and pulmonary sarcoidosis",2,"Female",27,"Age-standardized",2009,"Rate",4.17216555490913,2.38935274754057,5.0195987040966
1,"Deaths",1789,"Essex County",25009,516,"Interstitial lung disease and pulmonary sarcoidosis",2,"Female",27,"Age-standardized",2010,"Rate",4.17831147046825,2.3863145542997,5.16388700720901
1,"Deaths",1789,"Essex County",25009,516,"Interstitial lung disease and pulmonary sarcoidosis",2,"Female",27,"Age-standardized",2011,"Rate",4.26802905874891,2.39244454113898,5.19002497490187
1,"Deaths",1789,"Essex County",25009,516,"Interstitial lung disease and pulmonary sarcoidosis",2,"Female",27,"Age-standardized",2012,"Rate",4.30820961838658,2.48389993314037,5.30606889741126
1,"Deaths",1789,"Essex County",25009,516,"Interstitial lung disease and pulmonary sarcoidosis",2,"Female",27,"Age-standardized",2013,"Rate",4.21541814620139,2.46237283986551,5.18209875174049
1,"Deaths",1789,"Essex County",25009,516,"Interstitial lung disease and pulmonary sarcoidosis",2,"Female",27,"Age-standardized",2014,"Rate",4.40771992813098,2.50262540113444,5.47038468378738
1,"Deaths",1789,"Essex County",25009,516,"Interstitial lung disease and pulmonary sarcoidosis",3,"Both",27,"Age-standardized",1980,"Rate",2.42466330755977,1.93285197344129,3.7824421334115
1,"Deaths",1789,"Essex County",25009,516,"Interstitial lung disease and pulmonary sarcoidosis",3,"Both",27,"Age-standardized",1981,"Rate",2.43048295505871,1.94076979124665,3.7903465378522
1,"Deaths",1789,"Essex County",25009,516,"Interstitial lung disease and pulmonary sarcoidosis",3,"Both",27,"Age-standardized",1982,"Rate",2.3828117474152,1.92440399147126,3.6281869227701
1,"Deaths",1789,"Essex County",25009,516,"Interstitial lung disease and pulmonary sarcoidosis",3,"Both",27,"Age-standardized",1983,"Rate",2.52263833613768,2.04930083799946,3.83421113489627
1,"Deaths",1789,"Essex County",25009,516,"Interstitial lung disease and pulmonary sarcoidosis",3,"Both",27,"Age-standardized",1984,"Rate",2.5851150280864,2.11669185550125,3.90612652968605
1,"Deaths",1789,"Essex County",25009,516,"Interstitial lung disease and pulmonary sarcoidosis",3,"Both",27,"Age-standardized",1985,"Rate",2.64132113673257,2.17441788289487,3.93097791107137
1,"Deaths",1789,"Essex County",25009,516,"Interstitial lung disease and pulmonary sarcoidosis",3,"Both",27,"Age-standardized",1986,"Rate",2.77380301754836,2.3192871583434,4.1127296383232
1,"Deaths",1789,"Essex County",25009,516,"Interstitial lung disease and pulmonary sarcoidosis",3,"Both",27,"Age-standardized",1987,"Rate",2.83427906487544,2.37798246927031,4.06729512395495
1,"Deaths",1789,"Essex County",25009,516,"Interstitial lung disease and pulmonary sarcoidosis",3,"Both",27,"Age-standardized",1988,"Rate",2.94675250167782,2.49387981304217,4.16088270497972
1,"Deaths",1789,"Essex County",25009,516,"Interstitial lung disease and pulmonary sarcoidosis",3,"Both",27,"Age-standardized",1989,"Rate",3.01220526455101,2.55524805475519,4.21770809310818
1,"Deaths",1789,"Essex County",25009,516,"Interstitial lung disease and pulmonary sarcoidosis",3,"Both",27,"Age-standardized",1990,"Rate",3.03384183773474,2.58671451596107,4.14199228197785
1,"Deaths",1789,"Essex County",25009,516,"Interstitial lung disease and pulmonary sarcoidosis",3,"Both",27,"Age-standardized",1991,"Rate",3.10674403603021,2.66879948505628,4.23280627720702
1,"Deaths",1789,"Essex County",25009,516,"Interstitial lung disease and pulmonary sarcoidosis",3,"Both",27,"Age-standardized",1992,"Rate",3.26999935770509,2.80157635947335,4.27460832720116
1,"Deaths",1789,"Essex County",25009,516,"Interstitial lung disease and pulmonary sarcoidosis",3,"Both",27,"Age-standardized",1993,"Rate",3.4110615693802,2.92271500731432,4.42732167661442
1,"Deaths",1789,"Essex County",25009,516,"Interstitial lung disease and pulmonary sarcoidosis",3,"Both",27,"Age-standardized",1994,"Rate",3.5261118131186,3.00639427425673,4.50866549770096
1,"Deaths",1789,"Essex County",25009,516,"Interstitial lung disease and pulmonary sarcoidosis",3,"Both",27,"Age-standardized",1995,"Rate",3.71927053854409,3.12105349542679,4.6426459970388
1,"Deaths",1789,"Essex County",25009,516,"Interstitial lung disease and pulmonary sarcoidosis",3,"Both",27,"Age-standardized",1996,"Rate",3.84799434927137,3.14614031839145,4.72418011405427
1,"Deaths",1789,"Essex County",25009,516,"Interstitial lung disease and pulmonary sarcoidosis",3,"Both",27,"Age-standardized",1997,"Rate",3.89357586131765,3.07993204746909,4.67210000539145
1,"Deaths",1789,"Essex County",25009,516,"Interstitial lung disease and pulmonary sarcoidosis",3,"Both",27,"Age-standardized",1998,"Rate",4.15138890520149,3.22469855759972,4.88409895020409
1,"Deaths",1789,"Essex County",25009,516,"Interstitial lung disease and pulmonary sarcoidosis",3,"Both",27,"Age-standardized",1999,"Rate",4.35222784314759,3.26034848002217,5.03112815671853
1,"Deaths",1789,"Essex County",25009,516,"Interstitial lung disease and pulmonary sarcoidosis",3,"Both",27,"Age-standardized",2000,"Rate",4.57486143279246,3.28495391991431,5.1905046550632
1,"Deaths",1789,"Essex County",25009,516,"Interstitial lung disease and pulmonary sarcoidosis",3,"Both",27,"Age-standardized",2001,"Rate",4.684994639449,3.2993594607774,5.33073727774919
1,"Deaths",1789,"Essex County",25009,516,"Interstitial lung disease and pulmonary sarcoidosis",3,"Both",27,"Age-standardized",2002,"Rate",4.87149985191228,3.38045500509282,5.57218599725857
1,"Deaths",1789,"Essex County",25009,516,"Interstitial lung disease and pulmonary sarcoidosis",3,"Both",27,"Age-standardized",2003,"Rate",4.96195824686092,3.37968556155039,5.69524821954496
1,"Deaths",1789,"Essex County",25009,516,"Interstitial lung disease and pulmonary sarcoidosis",3,"Both",27,"Age-standardized",2004,"Rate",5.09795846219899,3.40809306997124,5.87397793928336
1,"Deaths",1789,"Essex County",25009,516,"Interstitial lung disease and pulmonary sarcoidosis",3,"Both",27,"Age-standardized",2005,"Rate",5.05493318455548,3.32947032950209,5.82308640765217
1,"Deaths",1789,"Essex County",25009,516,"Interstitial lung disease and pulmonary sarcoidosis",3,"Both",27,"Age-standardized",2006,"Rate",5.24060553405118,3.4786332513592,6.02824684375675
1,"Deaths",1789,"Essex County",25009,516,"Interstitial lung disease and pulmonary sarcoidosis",3,"Both",27,"Age-standardized",2007,"Rate",5.15055425259432,3.39916435861632,5.93396789418709
1,"Deaths",1789,"Essex County",25009,516,"Interstitial lung disease and pulmonary sarcoidosis",3,"Both",27,"Age-standardized",2008,"Rate",5.25271536162949,3.40030445337812,6.08535581881101
1,"Deaths",1789,"Essex County",25009,516,"Interstitial lung disease and pulmonary sarcoidosis",3,"Both",27,"Age-standardized",2009,"Rate",5.30786312820987,3.39626971857037,6.14022174264118
1,"Deaths",1789,"Essex County",25009,516,"Interstitial lung disease and pulmonary sarcoidosis",3,"Both",27,"Age-standardized",2010,"Rate",5.35829278531313,3.32961053016407,6.21221175922232
1,"Deaths",1789,"Essex County",25009,516,"Interstitial lung disease and pulmonary sarcoidosis",3,"Both",27,"Age-standardized",2011,"Rate",5.42919875321845,3.48206308504246,6.3384856631059
1,"Deaths",1789,"Essex County",25009,516,"Interstitial lung disease and pulmonary sarcoidosis",3,"Both",27,"Age-standardized",2012,"Rate",5.47902087518595,3.57323286748963,6.35924547657519
1,"Deaths",1789,"Essex County",25009,516,"Interstitial lung disease and pulmonary sarcoidosis",3,"Both",27,"Age-standardized",2013,"Rate",5.39075989892762,3.50412693306813,6.27112562909851
1,"Deaths",1789,"Essex County",25009,516,"Interstitial lung disease and pulmonary sarcoidosis",3,"Both",27,"Age-standardized",2014,"Rate",5.65736510478986,3.66793730412019,6.61055811644777
1,"Deaths",1791,"Franklin County",25011,516,"Interstitial lung disease and pulmonary sarcoidosis",1,"Male",27,"Age-standardized",1980,"Rate",3.53728389109653,2.49401781904596,6.22623747651567
1,"Deaths",1791,"Franklin County",25011,516,"Interstitial lung disease and pulmonary sarcoidosis",1,"Male",27,"Age-standardized",1981,"Rate",3.57196073157168,2.51448575970453,6.15113840767171
1,"Deaths",1791,"Franklin County",25011,516,"Interstitial lung disease and pulmonary sarcoidosis",1,"Male",27,"Age-standardized",1982,"Rate",3.65208679640822,2.59693757228179,6.18486961550131
1,"Deaths",1791,"Franklin County",25011,516,"Interstitial lung disease and pulmonary sarcoidosis",1,"Male",27,"Age-standardized",1983,"Rate",3.77346331415607,2.72794960352699,6.31063500806938
1,"Deaths",1791,"Franklin County",25011,516,"Interstitial lung disease and pulmonary sarcoidosis",1,"Male",27,"Age-standardized",1984,"Rate",3.74657662586978,2.70806981916095,6.35118897361442
1,"Deaths",1791,"Franklin County",25011,516,"Interstitial lung disease and pulmonary sarcoidosis",1,"Male",27,"Age-standardized",1985,"Rate",3.98860424180619,2.90110851251523,6.60984493449815
1,"Deaths",1791,"Franklin County",25011,516,"Interstitial lung disease and pulmonary sarcoidosis",1,"Male",27,"Age-standardized",1986,"Rate",4.11850019172516,3.03756062668156,6.72120576155222
1,"Deaths",1791,"Franklin County",25011,516,"Interstitial lung disease and pulmonary sarcoidosis",1,"Male",27,"Age-standardized",1987,"Rate",4.18049583015378,3.06425367205652,6.72234148105197
1,"Deaths",1791,"Franklin County",25011,516,"Interstitial lung disease and pulmonary sarcoidosis",1,"Male",27,"Age-standardized",1988,"Rate",4.36752621346243,3.28337291009946,6.93687964867741
1,"Deaths",1791,"Franklin County",25011,516,"Interstitial lung disease and pulmonary sarcoidosis",1,"Male",27,"Age-standardized",1989,"Rate",4.51242255660107,3.40253935038009,7.07478439326637
1,"Deaths",1791,"Franklin County",25011,516,"Interstitial lung disease and pulmonary sarcoidosis",1,"Male",27,"Age-standardized",1990,"Rate",4.51732078024814,3.40696597516594,6.70760395511833
1,"Deaths",1791,"Franklin County",25011,516,"Interstitial lung disease and pulmonary sarcoidosis",1,"Male",27,"Age-standardized",1991,"Rate",4.61308973205327,3.53176151563129,6.93496495674299
1,"Deaths",1791,"Franklin County",25011,516,"Interstitial lung disease and pulmonary sarcoidosis",1,"Male",27,"Age-standardized",1992,"Rate",4.79109393286973,3.66758274063839,7.10721741944704
1,"Deaths",1791,"Franklin County",25011,516,"Interstitial lung disease and pulmonary sarcoidosis",1,"Male",27,"Age-standardized",1993,"Rate",4.93129651276901,3.77049772603985,7.15198492187379
1,"Deaths",1791,"Franklin County",25011,516,"Interstitial lung disease and pulmonary sarcoidosis",1,"Male",27,"Age-standardized",1994,"Rate",5.04592482038301,3.83592378810682,6.99467595959599
1,"Deaths",1791,"Franklin County",25011,516,"Interstitial lung disease and pulmonary sarcoidosis",1,"Male",27,"Age-standardized",1995,"Rate",5.27556052288481,4.05033548225202,7.29764220975073
1,"Deaths",1791,"Franklin County",25011,516,"Interstitial lung disease and pulmonary sarcoidosis",1,"Male",27,"Age-standardized",1996,"Rate",5.36523144192513,4.02316234945372,7.05483091362919
1,"Deaths",1791,"Franklin County",25011,516,"Interstitial lung disease and pulmonary sarcoidosis",1,"Male",27,"Age-standardized",1997,"Rate",5.4997250632351,4.04210558837568,7.27218918650846
1,"Deaths",1791,"Franklin County",25011,516,"Interstitial lung disease and pulmonary sarcoidosis",1,"Male",27,"Age-standardized",1998,"Rate",5.83402222466715,4.11514472965855,7.62658112763724
1,"Deaths",1791,"Franklin County",25011,516,"Interstitial lung disease and pulmonary sarcoidosis",1,"Male",27,"Age-standardized",1999,"Rate",6.06834953556009,4.29566642274707,7.78456346007559
1,"Deaths",1791,"Franklin County",25011,516,"Interstitial lung disease and pulmonary sarcoidosis",1,"Male",27,"Age-standardized",2000,"Rate",6.30314084092131,4.20424486799842,8.04979303410534
1,"Deaths",1791,"Franklin County",25011,516,"Interstitial lung disease and pulmonary sarcoidosis",1,"Male",27,"Age-standardized",2001,"Rate",6.50500238948407,4.33915661589877,8.39324638201658
1,"Deaths",1791,"Franklin County",25011,516,"Interstitial lung disease and pulmonary sarcoidosis",1,"Male",27,"Age-standardized",2002,"Rate",6.75063708362286,4.36842382812625,8.5852768885699
1,"Deaths",1791,"Franklin County",25011,516,"Interstitial lung disease and pulmonary sarcoidosis",1,"Male",27,"Age-standardized",2003,"Rate",6.81848341313077,4.30929012871925,8.6884315811677
1,"Deaths",1791,"Franklin County",25011,516,"Interstitial lung disease and pulmonary sarcoidosis",1,"Male",27,"Age-standardized",2004,"Rate",7.07413167609957,4.32813735758317,9.1479245849696
1,"Deaths",1791,"Franklin County",25011,516,"Interstitial lung disease and pulmonary sarcoidosis",1,"Male",27,"Age-standardized",2005,"Rate",7.21325833112096,4.48695855658376,9.44689055689437
1,"Deaths",1791,"Franklin County",25011,516,"Interstitial lung disease and pulmonary sarcoidosis",1,"Male",27,"Age-standardized",2006,"Rate",7.34248667686085,4.45269135578655,9.53950628461363
1,"Deaths",1791,"Franklin County",25011,516,"Interstitial lung disease and pulmonary sarcoidosis",1,"Male",27,"Age-standardized",2007,"Rate",7.51620830059249,4.42384618005206,9.86163952382648
1,"Deaths",1791,"Franklin County",25011,516,"Interstitial lung disease and pulmonary sarcoidosis",1,"Male",27,"Age-standardized",2008,"Rate",7.54860544743232,4.43876514707004,9.81351695426682
1,"Deaths",1791,"Franklin County",25011,516,"Interstitial lung disease and pulmonary sarcoidosis",1,"Male",27,"Age-standardized",2009,"Rate",7.69376405301682,4.51191035436514,10.1140163232397
1,"Deaths",1791,"Franklin County",25011,516,"Interstitial lung disease and pulmonary sarcoidosis",1,"Male",27,"Age-standardized",2010,"Rate",7.77136900195818,4.52128256362877,10.26806265292
1,"Deaths",1791,"Franklin County",25011,516,"Interstitial lung disease and pulmonary sarcoidosis",1,"Male",27,"Age-standardized",2011,"Rate",7.96421753727555,4.54301944097394,10.4713604892201
1,"Deaths",1791,"Franklin County",25011,516,"Interstitial lung disease and pulmonary sarcoidosis",1,"Male",27,"Age-standardized",2012,"Rate",8.03259884854146,4.680556701096,10.7472246615716
1,"Deaths",1791,"Franklin County",25011,516,"Interstitial lung disease and pulmonary sarcoidosis",1,"Male",27,"Age-standardized",2013,"Rate",8.19926845772115,4.69258006723539,10.8760278744543
1,"Deaths",1791,"Franklin County",25011,516,"Interstitial lung disease and pulmonary sarcoidosis",1,"Male",27,"Age-standardized",2014,"Rate",8.27029706104694,4.79408813596842,10.902138727442
1,"Deaths",1791,"Franklin County",25011,516,"Interstitial lung disease and pulmonary sarcoidosis",2,"Female",27,"Age-standardized",1980,"Rate",1.40872029718464,0.989451776479007,2.42966943551815
1,"Deaths",1791,"Franklin County",25011,516,"Interstitial lung disease and pulmonary sarcoidosis",2,"Female",27,"Age-standardized",1981,"Rate",1.4103779427283,1.0000145595949,2.43114367624224
1,"Deaths",1791,"Franklin County",25011,516,"Interstitial lung disease and pulmonary sarcoidosis",2,"Female",27,"Age-standardized",1982,"Rate",1.42602954332758,1.00773642838728,2.40495051246938
1,"Deaths",1791,"Franklin County",25011,516,"Interstitial lung disease and pulmonary sarcoidosis",2,"Female",27,"Age-standardized",1983,"Rate",1.4973059191698,1.06236783430408,2.509528244795
1,"Deaths",1791,"Franklin County",25011,516,"Interstitial lung disease and pulmonary sarcoidosis",2,"Female",27,"Age-standardized",1984,"Rate",1.53197917032192,1.1078010552795,2.58428774843622
1,"Deaths",1791,"Franklin County",25011,516,"Interstitial lung disease and pulmonary sarcoidosis",2,"Female",27,"Age-standardized",1985,"Rate",1.58051395693276,1.12656929267334,2.52495803858108
1,"Deaths",1791,"Franklin County",25011,516,"Interstitial lung disease and pulmonary sarcoidosis",2,"Female",27,"Age-standardized",1986,"Rate",1.66709281684658,1.19594302865932,2.69960521230735
1,"Deaths",1791,"Franklin County",25011,516,"Interstitial lung disease and pulmonary sarcoidosis",2,"Female",27,"Age-standardized",1987,"Rate",1.69549706088133,1.24070412424939,2.67406829637696
1,"Deaths",1791,"Franklin County",25011,516,"Interstitial lung disease and pulmonary sarcoidosis",2,"Female",27,"Age-standardized",1988,"Rate",1.73973070438388,1.27175953215238,2.7059335137264
1,"Deaths",1791,"Franklin County",25011,516,"Interstitial lung disease and pulmonary sarcoidosis",2,"Female",27,"Age-standardized",1989,"Rate",1.80315063776811,1.29432170553389,2.81324826797499
1,"Deaths",1791,"Franklin County",25011,516,"Interstitial lung disease and pulmonary sarcoidosis",2,"Female",27,"Age-standardized",1990,"Rate",1.78936870489748,1.3018039422555,2.67234186327776
1,"Deaths",1791,"Franklin County",25011,516,"Interstitial lung disease and pulmonary sarcoidosis",2,"Female",27,"Age-standardized",1991,"Rate",1.89354587095554,1.38297960417698,2.81824126863151
1,"Deaths",1791,"Franklin County",25011,516,"Interstitial lung disease and pulmonary sarcoidosis",2,"Female",27,"Age-standardized",1992,"Rate",1.91131683704078,1.39536000050465,2.85272925116492
1,"Deaths",1791,"Franklin County",25011,516,"Interstitial lung disease and pulmonary sarcoidosis",2,"Female",27,"Age-standardized",1993,"Rate",2.04802200752007,1.47799044639877,3.02055368061826
1,"Deaths",1791,"Franklin County",25011,516,"Interstitial lung disease and pulmonary sarcoidosis",2,"Female",27,"Age-standardized",1994,"Rate",2.09925769951652,1.49672020044383,2.95620622350307
1,"Deaths",1791,"Franklin County",25011,516,"Interstitial lung disease and pulmonary sarcoidosis",2,"Female",27,"Age-standardized",1995,"Rate",2.23119468767686,1.58713731178763,3.08408818354732
1,"Deaths",1791,"Franklin County",25011,516,"Interstitial lung disease and pulmonary sarcoidosis",2,"Female",27,"Age-standardized",1996,"Rate",2.28045879289223,1.58198730432892,3.20511977522979
1,"Deaths",1791,"Franklin County",25011,516,"Interstitial lung disease and pulmonary sarcoidosis",2,"Female",27,"Age-standardized",1997,"Rate",2.41088840016247,1.63620087535357,3.24130588474892
1,"Deaths",1791,"Franklin County",25011,516,"Interstitial lung disease and pulmonary sarcoidosis",2,"Female",27,"Age-standardized",1998,"Rate",2.5172212765367,1.67467960758653,3.31689992855305
1,"Deaths",1791,"Franklin County",25011,516,"Interstitial lung disease and pulmonary sarcoidosis",2,"Female",27,"Age-standardized",1999,"Rate",2.71503350995137,1.70616213739037,3.6205448936313
1,"Deaths",1791,"Franklin County",25011,516,"Interstitial lung disease and pulmonary sarcoidosis",2,"Female",27,"Age-standardized",2000,"Rate",2.84102754212974,1.69054510373386,3.75378988154541
1,"Deaths",1791,"Franklin County",25011,516,"Interstitial lung disease and pulmonary sarcoidosis",2,"Female",27,"Age-standardized",2001,"Rate",2.96157698655776,1.7815436024177,3.92256230429899
1,"Deaths",1791,"Franklin County",25011,516,"Interstitial lung disease and pulmonary sarcoidosis",2,"Female",27,"Age-standardized",2002,"Rate",3.02185021889867,1.77413767573452,4.03641939906368
1,"Deaths",1791,"Franklin County",25011,516,"Interstitial lung disease and pulmonary sarcoidosis",2,"Female",27,"Age-standardized",2003,"Rate",3.12299365337963,1.7960919659542,4.12400164905389
1,"Deaths",1791,"Franklin County",25011,516,"Interstitial lung disease and pulmonary sarcoidosis",2,"Female",27,"Age-standardized",2004,"Rate",3.14443026252159,1.78535770573477,4.17949561470626
1,"Deaths",1791,"Franklin County",25011,516,"Interstitial lung disease and pulmonary sarcoidosis",2,"Female",27,"Age-standardized",2005,"Rate",3.24327672439526,1.81344820252108,4.30916551195915
1,"Deaths",1791,"Franklin County",25011,516,"Interstitial lung disease and pulmonary sarcoidosis",2,"Female",27,"Age-standardized",2006,"Rate",3.33602682830399,1.89269005967188,4.4964231379753
1,"Deaths",1791,"Franklin County",25011,516,"Interstitial lung disease and pulmonary sarcoidosis",2,"Female",27,"Age-standardized",2007,"Rate",3.29721604422264,1.86534180139303,4.45320563458203
1,"Deaths",1791,"Franklin County",25011,516,"Interstitial lung disease and pulmonary sarcoidosis",2,"Female",27,"Age-standardized",2008,"Rate",3.3636078492492,1.8903923750884,4.52077271067965
1,"Deaths",1791,"Franklin County",25011,516,"Interstitial lung disease and pulmonary sarcoidosis",2,"Female",27,"Age-standardized",2009,"Rate",3.33837485026983,1.84363499681412,4.49783638056624
1,"Deaths",1791,"Franklin County",25011,516,"Interstitial lung disease and pulmonary sarcoidosis",2,"Female",27,"Age-standardized",2010,"Rate",3.35851492888846,1.85439122810101,4.54499809452066
1,"Deaths",1791,"Franklin County",25011,516,"Interstitial lung disease and pulmonary sarcoidosis",2,"Female",27,"Age-standardized",2011,"Rate",3.36162582896504,1.84720403046961,4.50517017077282
1,"Deaths",1791,"Franklin County",25011,516,"Interstitial lung disease and pulmonary sarcoidosis",2,"Female",27,"Age-standardized",2012,"Rate",3.48608314577087,1.91448536233136,4.79435543695222
1,"Deaths",1791,"Franklin County",25011,516,"Interstitial lung disease and pulmonary sarcoidosis",2,"Female",27,"Age-standardized",2013,"Rate",3.47888012285164,1.93647829794165,4.83765309856979
1,"Deaths",1791,"Franklin County",25011,516,"Interstitial lung disease and pulmonary sarcoidosis",2,"Female",27,"Age-standardized",2014,"Rate",3.62188276805975,1.98239391252387,5.0461590602026
1,"Deaths",1791,"Franklin County",25011,516,"Interstitial lung disease and pulmonary sarcoidosis",3,"Both",27,"Age-standardized",1980,"Rate",2.21775374313793,1.67339892473401,3.46524558728794
1,"Deaths",1791,"Franklin County",25011,516,"Interstitial lung disease and pulmonary sarcoidosis",3,"Both",27,"Age-standardized",1981,"Rate",2.22878458347922,1.69314581711588,3.42835592512524
1,"Deaths",1791,"Franklin County",25011,516,"Interstitial lung disease and pulmonary sarcoidosis",3,"Both",27,"Age-standardized",1982,"Rate",2.26784422487246,1.72918099494973,3.47368068262497
1,"Deaths",1791,"Franklin County",25011,516,"Interstitial lung disease and pulmonary sarcoidosis",3,"Both",27,"Age-standardized",1983,"Rate",2.35683520794291,1.79263544606694,3.53909651951441
1,"Deaths",1791,"Franklin County",25011,516,"Interstitial lung disease and pulmonary sarcoidosis",3,"Both",27,"Age-standardized",1984,"Rate",2.36617412502616,1.83307191696029,3.59138691134748
1,"Deaths",1791,"Franklin County",25011,516,"Interstitial lung disease and pulmonary sarcoidosis",3,"Both",27,"Age-standardized",1985,"Rate",2.48793063497058,1.93158678946766,3.63741185553193
1,"Deaths",1791,"Franklin County",25011,516,"Interstitial lung disease and pulmonary sarcoidosis",3,"Both",27,"Age-standardized",1986,"Rate",2.59281283974682,2.03346044419104,3.76804769477478
1,"Deaths",1791,"Franklin County",25011,516,"Interstitial lung disease and pulmonary sarcoidosis",3,"Both",27,"Age-standardized",1987,"Rate",2.63559129561025,2.08027180344581,3.75672241999389
1,"Deaths",1791,"Franklin County",25011,516,"Interstitial lung disease and pulmonary sarcoidosis",3,"Both",27,"Age-standardized",1988,"Rate",2.73670317379081,2.17442639989265,3.82477754586764
1,"Deaths",1791,"Franklin County",25011,516,"Interstitial lung disease and pulmonary sarcoidosis",3,"Both",27,"Age-standardized",1989,"Rate",2.83373376376932,2.27967176771488,3.97494128851967
1,"Deaths",1791,"Franklin County",25011,516,"Interstitial lung disease and pulmonary sarcoidosis",3,"Both",27,"Age-standardized",1990,"Rate",2.82813824178917,2.29061272333391,3.83388113514042
1,"Deaths",1791,"Franklin County",25011,516,"Interstitial lung disease and pulmonary sarcoidosis",3,"Both",27,"Age-standardized",1991,"Rate",2.9332403763936,2.372033179703,3.92332739140654
1,"Deaths",1791,"Franklin County",25011,516,"Interstitial lung disease and pulmonary sarcoidosis",3,"Both",27,"Age-standardized",1992,"Rate",3.01185485673423,2.44730048512995,3.99718923725858
1,"Deaths",1791,"Franklin County",25011,516,"Interstitial lung disease and pulmonary sarcoidosis",3,"Both",27,"Age-standardized",1993,"Rate",3.15555651916764,2.57313019896415,4.157623047066
1,"Deaths",1791,"Franklin County",25011,516,"Interstitial lung disease and pulmonary sarcoidosis",3,"Both",27,"Age-standardized",1994,"Rate",3.23599610518039,2.61126813475191,4.14572163701357
1,"Deaths",1791,"Franklin County",25011,516,"Interstitial lung disease and pulmonary sarcoidosis",3,"Both",27,"Age-standardized",1995,"Rate",3.40861384607969,2.70921432039432,4.32531017267133
1,"Deaths",1791,"Franklin County",25011,516,"Interstitial lung disease and pulmonary sarcoidosis",3,"Both",27,"Age-standardized",1996,"Rate",3.47467997222266,2.78354695912631,4.26012519896848
1,"Deaths",1791,"Franklin County",25011,516,"Interstitial lung disease and pulmonary sarcoidosis",3,"Both",27,"Age-standardized",1997,"Rate",3.60535814057114,2.75055558738461,4.37179441542101
1,"Deaths",1791,"Franklin County",25011,516,"Interstitial lung disease and pulmonary sarcoidosis",3,"Both",27,"Age-standardized",1998,"Rate",3.80334334677584,2.82467260349473,4.60136248794197
1,"Deaths",1791,"Franklin County",25011,516,"Interstitial lung disease and pulmonary sarcoidosis",3,"Both",27,"Age-standardized",1999,"Rate",4.02297939262027,2.95147268257269,4.85615159607114
1,"Deaths",1791,"Franklin County",25011,516,"Interstitial lung disease and pulmonary sarcoidosis",3,"Both",27,"Age-standardized",2000,"Rate",4.19695311816044,2.99896515609094,5.08298439530482
1,"Deaths",1791,"Franklin County",25011,516,"Interstitial lung disease and pulmonary sarcoidosis",3,"Both",27,"Age-standardized",2001,"Rate",4.35597815672071,3.00142975882364,5.28945826543867
1,"Deaths",1791,"Franklin County",25011,516,"Interstitial lung disease and pulmonary sarcoidosis",3,"Both",27,"Age-standardized",2002,"Rate",4.50861013441386,3.06596155183364,5.53230532533304
1,"Deaths",1791,"Franklin County",25011,516,"Interstitial lung disease and pulmonary sarcoidosis",3,"Both",27,"Age-standardized",2003,"Rate",4.61068142853454,3.03869931036266,5.65209724463482
1,"Deaths",1791,"Franklin County",25011,516,"Interstitial lung disease and pulmonary sarcoidosis",3,"Both",27,"Age-standardized",2004,"Rate",4.74493780477012,3.08067064379261,5.82128865204242
1,"Deaths",1791,"Franklin County",25011,516,"Interstitial lung disease and pulmonary sarcoidosis",3,"Both",27,"Age-standardized",2005,"Rate",4.87479291406835,3.11946082289861,6.02426263655395
1,"Deaths",1791,"Franklin County",25011,516,"Interstitial lung disease and pulmonary sarcoidosis",3,"Both",27,"Age-standardized",2006,"Rate",4.98643241658166,3.12175971250023,6.10895271811077
1,"Deaths",1791,"Franklin County",25011,516,"Interstitial lung disease and pulmonary sarcoidosis",3,"Both",27,"Age-standardized",2007,"Rate",5.04407480679064,3.21140498291338,6.29432319374641
1,"Deaths",1791,"Franklin County",25011,516,"Interstitial lung disease and pulmonary sarcoidosis",3,"Both",27,"Age-standardized",2008,"Rate",5.10772466621798,3.22922223169529,6.33602664410371
1,"Deaths",1791,"Franklin County",25011,516,"Interstitial lung disease and pulmonary sarcoidosis",3,"Both",27,"Age-standardized",2009,"Rate",5.15791154182147,3.17918112858969,6.36994293064207
1,"Deaths",1791,"Franklin County",25011,516,"Interstitial lung disease and pulmonary sarcoidosis",3,"Both",27,"Age-standardized",2010,"Rate",5.20591023721943,3.24509397262615,6.47137785177135
1,"Deaths",1791,"Franklin County",25011,516,"Interstitial lung disease and pulmonary sarcoidosis",3,"Both",27,"Age-standardized",2011,"Rate",5.29386684199612,3.2501036777994,6.6105829466082
1,"Deaths",1791,"Franklin County",25011,516,"Interstitial lung disease and pulmonary sarcoidosis",3,"Both",27,"Age-standardized",2012,"Rate",5.40220408880192,3.42948934851456,6.77280065540661
1,"Deaths",1791,"Franklin County",25011,516,"Interstitial lung disease and pulmonary sarcoidosis",3,"Both",27,"Age-standardized",2013,"Rate",5.47923031792758,3.41664384330422,6.82962817167004
1,"Deaths",1791,"Franklin County",25011,516,"Interstitial lung disease and pulmonary sarcoidosis",3,"Both",27,"Age-standardized",2014,"Rate",5.58106897038069,3.50986110160883,7.07466402000879
1,"Deaths",1796,"Hampden County",25013,516,"Interstitial lung disease and pulmonary sarcoidosis",1,"Male",27,"Age-standardized",1980,"Rate",3.17668322825931,2.37746571899064,5.55359915125887
1,"Deaths",1796,"Hampden County",25013,516,"Interstitial lung disease and pulmonary sarcoidosis",1,"Male",27,"Age-standardized",1981,"Rate",3.23289346501054,2.45053810765696,5.55371015696016
1,"Deaths",1796,"Hampden County",25013,516,"Interstitial lung disease and pulmonary sarcoidosis",1,"Male",27,"Age-standardized",1982,"Rate",3.25107143086154,2.46599900149806,5.6489550025423
1,"Deaths",1796,"Hampden County",25013,516,"Interstitial lung disease and pulmonary sarcoidosis",1,"Male",27,"Age-standardized",1983,"Rate",3.39167141285275,2.57726878987325,5.69015883239181
1,"Deaths",1796,"Hampden County",25013,516,"Interstitial lung disease and pulmonary sarcoidosis",1,"Male",27,"Age-standardized",1984,"Rate",3.38917623379417,2.60526267285173,5.77475102633959
1,"Deaths",1796,"Hampden County",25013,516,"Interstitial lung disease and pulmonary sarcoidosis",1,"Male",27,"Age-standardized",1985,"Rate",3.59612360728558,2.81768249938125,5.91145615777613
1,"Deaths",1796,"Hampden County",25013,516,"Interstitial lung disease and pulmonary sarcoidosis",1,"Male",27,"Age-standardized",1986,"Rate",3.687200955702,2.89756900288028,5.99715365591105
1,"Deaths",1796,"Hampden County",25013,516,"Interstitial lung disease and pulmonary sarcoidosis",1,"Male",27,"Age-standardized",1987,"Rate",3.78281525931275,2.97744926847753,5.9989416205505
1,"Deaths",1796,"Hampden County",25013,516,"Interstitial lung disease and pulmonary sarcoidosis",1,"Male",27,"Age-standardized",1988,"Rate",3.93711438238481,3.138358378987,6.21567271872236
1,"Deaths",1796,"Hampden County",25013,516,"Interstitial lung disease and pulmonary sarcoidosis",1,"Male",27,"Age-standardized",1989,"Rate",4.07246594511397,3.29052162495264,6.23825041487886
1,"Deaths",1796,"Hampden County",25013,516,"Interstitial lung disease and pulmonary sarcoidosis",1,"Male",27,"Age-standardized",1990,"Rate",4.03086017436409,3.28183248148123,6.01233913319427
1,"Deaths",1796,"Hampden County",25013,516,"Interstitial lung disease and pulmonary sarcoidosis",1,"Male",27,"Age-standardized",1991,"Rate",4.2424078290155,3.46751093152294,6.34106068316717
1,"Deaths",1796,"Hampden County",25013,516,"Interstitial lung disease and pulmonary sarcoidosis",1,"Male",27,"Age-standardized",1992,"Rate",4.32369206623857,3.51968233383696,6.2532701053084
1,"Deaths",1796,"Hampden County",25013,516,"Interstitial lung disease and pulmonary sarcoidosis",1,"Male",27,"Age-standardized",1993,"Rate",4.52170162138081,3.64673391909195,6.40049975336096
1,"Deaths",1796,"Hampden County",25013,516,"Interstitial lung disease and pulmonary sarcoidosis",1,"Male",27,"Age-standardized",1994,"Rate",4.68748322657059,3.79160824083171,6.41589218486176
1,"Deaths",1796,"Hampden County",25013,516,"Interstitial lung disease and pulmonary sarcoidosis",1,"Male",27,"Age-standardized",1995,"Rate",4.76409846713873,3.77354566144864,6.46219096314115
1,"Deaths",1796,"Hampden County",25013,516,"Interstitial lung disease and pulmonary sarcoidosis",1,"Male",27,"Age-standardized",1996,"Rate",4.94634094949985,3.82677668938874,6.57579128417911
1,"Deaths",1796,"Hampden County",25013,516,"Interstitial lung disease and pulmonary sarcoidosis",1,"Male",27,"Age-standardized",1997,"Rate",5.07692919115305,3.84720064071962,6.65271603967075
1,"Deaths",1796,"Hampden County",25013,516,"Interstitial lung disease and pulmonary sarcoidosis",1,"Male",27,"Age-standardized",1998,"Rate",5.40831121751715,3.96796028410703,6.71461088319137
1,"Deaths",1796,"Hampden County",25013,516,"Interstitial lung disease and pulmonary sarcoidosis",1,"Male",27,"Age-standardized",1999,"Rate",5.69292992870303,4.0937673326182,7.12921337436312
1,"Deaths",1796,"Hampden County",25013,516,"Interstitial lung disease and pulmonary sarcoidosis",1,"Male",27,"Age-standardized",2000,"Rate",5.96702550266664,4.22410724998955,7.25356649329507
1,"Deaths",1796,"Hampden County",25013,516,"Interstitial lung disease and pulmonary sarcoidosis",1,"Male",27,"Age-standardized",2001,"Rate",6.00261615455487,4.04729470311909,7.23093260795467
1,"Deaths",1796,"Hampden County",25013,516,"Interstitial lung disease and pulmonary sarcoidosis",1,"Male",27,"Age-standardized",2002,"Rate",6.27990404608152,4.17462773855617,7.51786160652745
1,"Deaths",1796,"Hampden County",25013,516,"Interstitial lung disease and pulmonary sarcoidosis",1,"Male",27,"Age-standardized",2003,"Rate",6.36161368556788,4.17616927744352,7.64866736434872
1,"Deaths",1796,"Hampden County",25013,516,"Interstitial lung disease and pulmonary sarcoidosis",1,"Male",27,"Age-standardized",2004,"Rate",6.57377517574383,4.24817167850401,7.9132202621889
1,"Deaths",1796,"Hampden County",25013,516,"Interstitial lung disease and pulmonary sarcoidosis",1,"Male",27,"Age-standardized",2005,"Rate",6.57375599418443,4.13976094338377,7.95346304036672
1,"Deaths",1796,"Hampden County",25013,516,"Interstitial lung disease and pulmonary sarcoidosis",1,"Male",27,"Age-standardized",2006,"Rate",6.88327483862219,4.29872455471167,8.31538157254648
1,"Deaths",1796,"Hampden County",25013,516,"Interstitial lung disease and pulmonary sarcoidosis",1,"Male",27,"Age-standardized",2007,"Rate",6.86375744558026,4.24809163651446,8.23504407239724
1,"Deaths",1796,"Hampden County",25013,516,"Interstitial lung disease and pulmonary sarcoidosis",1,"Male",27,"Age-standardized",2008,"Rate",6.90192112571332,4.25890515286273,8.33642738897608
1,"Deaths",1796,"Hampden County",25013,516,"Interstitial lung disease and pulmonary sarcoidosis",1,"Male",27,"Age-standardized",2009,"Rate",6.99511460145959,4.25051541127054,8.49234824442779
1,"Deaths",1796,"Hampden County",25013,516,"Interstitial lung disease and pulmonary sarcoidosis",1,"Male",27,"Age-standardized",2010,"Rate",7.18179341824631,4.35314764208171,8.67931326659281
1,"Deaths",1796,"Hampden County",25013,516,"Interstitial lung disease and pulmonary sarcoidosis",1,"Male",27,"Age-standardized",2011,"Rate",7.18440662031432,4.28420538720585,8.7670710883512
1,"Deaths",1796,"Hampden County",25013,516,"Interstitial lung disease and pulmonary sarcoidosis",1,"Male",27,"Age-standardized",2012,"Rate",7.37407454020406,4.43693957308274,8.93079975257297
1,"Deaths",1796,"Hampden County",25013,516,"Interstitial lung disease and pulmonary sarcoidosis",1,"Male",27,"Age-standardized",2013,"Rate",7.47607928402326,4.47989372965539,9.03402592361041
1,"Deaths",1796,"Hampden County",25013,516,"Interstitial lung disease and pulmonary sarcoidosis",1,"Male",27,"Age-standardized",2014,"Rate",7.58068177327541,4.51914066135039,9.35589757318351
1,"Deaths",1796,"Hampden County",25013,516,"Interstitial lung disease and pulmonary sarcoidosis",2,"Female",27,"Age-standardized",1980,"Rate",1.72995755171979,1.30019530544086,2.96835552836383
1,"Deaths",1796,"Hampden County",25013,516,"Interstitial lung disease and pulmonary sarcoidosis",2,"Female",27,"Age-standardized",1981,"Rate",1.75654092979228,1.32551668080686,2.98126366923157
1,"Deaths",1796,"Hampden County",25013,516,"Interstitial lung disease and pulmonary sarcoidosis",2,"Female",27,"Age-standardized",1982,"Rate",1.74503025866105,1.34756979668131,2.91056920295763
1,"Deaths",1796,"Hampden County",25013,516,"Interstitial lung disease and pulmonary sarcoidosis",2,"Female",27,"Age-standardized",1983,"Rate",1.8473406535954,1.42880036786853,3.00822050042303
1,"Deaths",1796,"Hampden County",25013,516,"Interstitial lung disease and pulmonary sarcoidosis",2,"Female",27,"Age-standardized",1984,"Rate",1.93955982107832,1.52412412446576,3.10777221654817
1,"Deaths",1796,"Hampden County",25013,516,"Interstitial lung disease and pulmonary sarcoidosis",2,"Female",27,"Age-standardized",1985,"Rate",1.97870487882272,1.52307894221003,3.13737791343095
1,"Deaths",1796,"Hampden County",25013,516,"Interstitial lung disease and pulmonary sarcoidosis",2,"Female",27,"Age-standardized",1986,"Rate",2.08097317031507,1.63744130873014,3.27415344105126
1,"Deaths",1796,"Hampden County",25013,516,"Interstitial lung disease and pulmonary sarcoidosis",2,"Female",27,"Age-standardized",1987,"Rate",2.14128790456793,1.69151180018512,3.32392535998015
1,"Deaths",1796,"Hampden County",25013,516,"Interstitial lung disease and pulmonary sarcoidosis",2,"Female",27,"Age-standardized",1988,"Rate",2.24106875165155,1.73748119954239,3.51298990579888
1,"Deaths",1796,"Hampden County",25013,516,"Interstitial lung disease and pulmonary sarcoidosis",2,"Female",27,"Age-standardized",1989,"Rate",2.23585761892321,1.72644577730007,3.38096159615389
1,"Deaths",1796,"Hampden County",25013,516,"Interstitial lung disease and pulmonary sarcoidosis",2,"Female",27,"Age-standardized",1990,"Rate",2.23837504854045,1.71346811363225,3.35391735387329
1,"Deaths",1796,"Hampden County",25013,516,"Interstitial lung disease and pulmonary sarcoidosis",2,"Female",27,"Age-standardized",1991,"Rate",2.382037145458,1.87700038273628,3.49450691085905
1,"Deaths",1796,"Hampden County",25013,516,"Interstitial lung disease and pulmonary sarcoidosis",2,"Female",27,"Age-standardized",1992,"Rate",2.50551450068278,1.90493731871998,3.66602835845793
1,"Deaths",1796,"Hampden County",25013,516,"Interstitial lung disease and pulmonary sarcoidosis",2,"Female",27,"Age-standardized",1993,"Rate",2.64116874744922,1.95268823960781,3.73381082842978
1,"Deaths",1796,"Hampden County",25013,516,"Interstitial lung disease and pulmonary sarcoidosis",2,"Female",27,"Age-standardized",1994,"Rate",2.70655475609374,1.98705548085948,3.70669884888628
1,"Deaths",1796,"Hampden County",25013,516,"Interstitial lung disease and pulmonary sarcoidosis",2,"Female",27,"Age-standardized",1995,"Rate",2.91380434634284,2.06878114469658,3.93826159325501
1,"Deaths",1796,"Hampden County",25013,516,"Interstitial lung disease and pulmonary sarcoidosis",2,"Female",27,"Age-standardized",1996,"Rate",3.01569139701157,2.05542156189463,3.95474997671564
1,"Deaths",1796,"Hampden County",25013,516,"Interstitial lung disease and pulmonary sarcoidosis",2,"Female",27,"Age-standardized",1997,"Rate",3.21892946613248,2.16033989341214,4.00707732143364
1,"Deaths",1796,"Hampden County",25013,516,"Interstitial lung disease and pulmonary sarcoidosis",2,"Female",27,"Age-standardized",1998,"Rate",3.33311260054226,2.17735244661064,4.17818922264699
1,"Deaths",1796,"Hampden County",25013,516,"Interstitial lung disease and pulmonary sarcoidosis",2,"Female",27,"Age-standardized",1999,"Rate",3.60712609018252,2.32142288649231,4.42975283526411
1,"Deaths",1796,"Hampden County",25013,516,"Interstitial lung disease and pulmonary sarcoidosis",2,"Female",27,"Age-standardized",2000,"Rate",3.83783426249764,2.38917608847617,4.73332069546524
1,"Deaths",1796,"Hampden County",25013,516,"Interstitial lung disease and pulmonary sarcoidosis",2,"Female",27,"Age-standardized",2001,"Rate",4.01169831335519,2.39814746776619,4.8677076999111
1,"Deaths",1796,"Hampden County",25013,516,"Interstitial lung disease and pulmonary sarcoidosis",2,"Female",27,"Age-standardized",2002,"Rate",4.17400688701655,2.53091839514448,5.06064563205958
1,"Deaths",1796,"Hampden County",25013,516,"Interstitial lung disease and pulmonary sarcoidosis",2,"Female",27,"Age-standardized",2003,"Rate",4.26840145454936,2.53271614492778,5.22298348064824
1,"Deaths",1796,"Hampden County",25013,516,"Interstitial lung disease and pulmonary sarcoidosis",2,"Female",27,"Age-standardized",2004,"Rate",4.26646727836627,2.43361497264351,5.21614782419494
1,"Deaths",1796,"Hampden County",25013,516,"Interstitial lung disease and pulmonary sarcoidosis",2,"Female",27,"Age-standardized",2005,"Rate",4.39845360057199,2.54293872340519,5.44196078651479
1,"Deaths",1796,"Hampden County",25013,516,"Interstitial lung disease and pulmonary sarcoidosis",2,"Female",27,"Age-standardized",2006,"Rate",4.51872717938431,2.56640540573286,5.60053759093648
1,"Deaths",1796,"Hampden County",25013,516,"Interstitial lung disease and pulmonary sarcoidosis",2,"Female",27,"Age-standardized",2007,"Rate",4.40667513612026,2.45137226137149,5.3649171492325
1,"Deaths",1796,"Hampden County",25013,516,"Interstitial lung disease and pulmonary sarcoidosis",2,"Female",27,"Age-standardized",2008,"Rate",4.51105805525785,2.62152715772585,5.53658498748001
1,"Deaths",1796,"Hampden County",25013,516,"Interstitial lung disease and pulmonary sarcoidosis",2,"Female",27,"Age-standardized",2009,"Rate",4.51150824087058,2.58273139978719,5.49124159559157
1,"Deaths",1796,"Hampden County",25013,516,"Interstitial lung disease and pulmonary sarcoidosis",2,"Female",27,"Age-standardized",2010,"Rate",4.48684919831961,2.59683233071404,5.54844371595127
1,"Deaths",1796,"Hampden County",25013,516,"Interstitial lung disease and pulmonary sarcoidosis",2,"Female",27,"Age-standardized",2011,"Rate",4.69816924853986,2.66493433079668,5.82364327653299
1,"Deaths",1796,"Hampden County",25013,516,"Interstitial lung disease and pulmonary sarcoidosis",2,"Female",27,"Age-standardized",2012,"Rate",4.74538654529617,2.70851474686497,5.8819144109672
1,"Deaths",1796,"Hampden County",25013,516,"Interstitial lung disease and pulmonary sarcoidosis",2,"Female",27,"Age-standardized",2013,"Rate",4.72043754009842,2.6983938150691,5.79787256013619
1,"Deaths",1796,"Hampden County",25013,516,"Interstitial lung disease and pulmonary sarcoidosis",2,"Female",27,"Age-standardized",2014,"Rate",4.99329118158651,2.90538990204621,6.13648944155541
1,"Deaths",1796,"Hampden County",25013,516,"Interstitial lung disease and pulmonary sarcoidosis",3,"Both",27,"Age-standardized",1980,"Rate",2.23916081836753,1.77447512136335,3.5255711610473
1,"Deaths",1796,"Hampden County",25013,516,"Interstitial lung disease and pulmonary sarcoidosis",3,"Both",27,"Age-standardized",1981,"Rate",2.2731738228334,1.82157391698911,3.55320546149783
1,"Deaths",1796,"Hampden County",25013,516,"Interstitial lung disease and pulmonary sarcoidosis",3,"Both",27,"Age-standardized",1982,"Rate",2.27346269961751,1.82951540479232,3.48774088557822
1,"Deaths",1796,"Hampden County",25013,516,"Interstitial lung disease and pulmonary sarcoidosis",3,"Both",27,"Age-standardized",1983,"Rate",2.38939424307368,1.93659286549511,3.65980134106833
1,"Deaths",1796,"Hampden County",25013,516,"Interstitial lung disease and pulmonary sarcoidosis",3,"Both",27,"Age-standardized",1984,"Rate",2.44744161844729,2.00205363173715,3.71457508976549
1,"Deaths",1796,"Hampden County",25013,516,"Interstitial lung disease and pulmonary sarcoidosis",3,"Both",27,"Age-standardized",1985,"Rate",2.54769890355735,2.10682385538531,3.7922863851117
1,"Deaths",1796,"Hampden County",25013,516,"Interstitial lung disease and pulmonary sarcoidosis",3,"Both",27,"Age-standardized",1986,"Rate",2.64678315084892,2.20875947749788,3.91212587807997
1,"Deaths",1796,"Hampden County",25013,516,"Interstitial lung disease and pulmonary sarcoidosis",3,"Both",27,"Age-standardized",1987,"Rate",2.72193941662198,2.2663212354801,3.94211119913152
1,"Deaths",1796,"Hampden County",25013,516,"Interstitial lung disease and pulmonary sarcoidosis",3,"Both",27,"Age-standardized",1988,"Rate",2.84415907455019,2.3869341514162,4.02516535119829
1,"Deaths",1796,"Hampden County",25013,516,"Interstitial lung disease and pulmonary sarcoidosis",3,"Both",27,"Age-standardized",1989,"Rate",2.89505038888933,2.42819033993166,4.04590010810194
1,"Deaths",1796,"Hampden County",25013,516,"Interstitial lung disease and pulmonary sarcoidosis",3,"Both",27,"Age-standardized",1990,"Rate",2.87758178037448,2.42657911962856,3.88304854573669
1,"Deaths",1796,"Hampden County",25013,516,"Interstitial lung disease and pulmonary sarcoidosis",3,"Both",27,"Age-standardized",1991,"Rate",3.05089784365263,2.59793483705206,4.08185485656559
1,"Deaths",1796,"Hampden County",25013,516,"Interstitial lung disease and pulmonary sarcoidosis",3,"Both",27,"Age-standardized",1992,"Rate",3.16065780099087,2.67757303947374,4.15831720743732
1,"Deaths",1796,"Hampden County",25013,516,"Interstitial lung disease and pulmonary sarcoidosis",3,"Both",27,"Age-standardized",1993,"Rate",3.32441242661398,2.76386476302945,4.36077038209639
1,"Deaths",1796,"Hampden County",25013,516,"Interstitial lung disease and pulmonary sarcoidosis",3,"Both",27,"Age-standardized",1994,"Rate",3.42983530983317,2.90264205257783,4.40605795583974
1,"Deaths",1796,"Hampden County",25013,516,"Interstitial lung disease and pulmonary sarcoidosis",3,"Both",27,"Age-standardized",1995,"Rate",3.59276475416834,2.96536326481959,4.53966815741196
1,"Deaths",1796,"Hampden County",25013,516,"Interstitial lung disease and pulmonary sarcoidosis",3,"Both",27,"Age-standardized",1996,"Rate",3.72531390135335,2.95466055696363,4.55956573989331
1,"Deaths",1796,"Hampden County",25013,516,"Interstitial lung disease and pulmonary sarcoidosis",3,"Both",27,"Age-standardized",1997,"Rate",3.90428532003737,3.07589340850146,4.71280831503555
1,"Deaths",1796,"Hampden County",25013,516,"Interstitial lung disease and pulmonary sarcoidosis",3,"Both",27,"Age-standardized",1998,"Rate",4.1069175820996,3.07856432279412,4.84607159450876
1,"Deaths",1796,"Hampden County",25013,516,"Interstitial lung disease and pulmonary sarcoidosis",3,"Both",27,"Age-standardized",1999,"Rate",4.38582902596212,3.25308707412248,5.13181091829162
1,"Deaths",1796,"Hampden County",25013,516,"Interstitial lung disease and pulmonary sarcoidosis",3,"Both",27,"Age-standardized",2000,"Rate",4.63745519433043,3.29969964892313,5.38652703787856
1,"Deaths",1796,"Hampden County",25013,516,"Interstitial lung disease and pulmonary sarcoidosis",3,"Both",27,"Age-standardized",2001,"Rate",4.76293905727044,3.31935358408684,5.53577757373661
1,"Deaths",1796,"Hampden County",25013,516,"Interstitial lung disease and pulmonary sarcoidosis",3,"Both",27,"Age-standardized",2002,"Rate",4.98226548099853,3.44972941226947,5.78711491361587
1,"Deaths",1796,"Hampden County",25013,516,"Interstitial lung disease and pulmonary sarcoidosis",3,"Both",27,"Age-standardized",2003,"Rate",5.0645902918764,3.44231814313623,5.91212430222491
1,"Deaths",1796,"Hampden County",25013,516,"Interstitial lung disease and pulmonary sarcoidosis",3,"Both",27,"Age-standardized",2004,"Rate",5.1563273703566,3.49191949275725,6.04443856297555
1,"Deaths",1796,"Hampden County",25013,516,"Interstitial lung disease and pulmonary sarcoidosis",3,"Both",27,"Age-standardized",2005,"Rate",5.238250190905,3.44153967962367,6.14361274049056
1,"Deaths",1796,"Hampden County",25013,516,"Interstitial lung disease and pulmonary sarcoidosis",3,"Both",27,"Age-standardized",2006,"Rate",5.43595403240357,3.54670163008528,6.34128383043981
1,"Deaths",1796,"Hampden County",25013,516,"Interstitial lung disease and pulmonary sarcoidosis",3,"Both",27,"Age-standardized",2007,"Rate",5.37026704109023,3.51801415540597,6.26204083807287
1,"Deaths",1796,"Hampden County",25013,516,"Interstitial lung disease and pulmonary sarcoidosis",3,"Both",27,"Age-standardized",2008,"Rate",5.4485948756612,3.53902448173962,6.3827886769638
1,"Deaths",1796,"Hampden County",25013,516,"Interstitial lung disease and pulmonary sarcoidosis",3,"Both",27,"Age-standardized",2009,"Rate",5.49273741320305,3.55773919431046,6.41875783659065
1,"Deaths",1796,"Hampden County",25013,516,"Interstitial lung disease and pulmonary sarcoidosis",3,"Both",27,"Age-standardized",2010,"Rate",5.55193125566815,3.57240152362632,6.51700130878234
1,"Deaths",1796,"Hampden County",25013,516,"Interstitial lung disease and pulmonary sarcoidosis",3,"Both",27,"Age-standardized",2011,"Rate",5.68273507844124,3.7274365521581,6.66534133954471
1,"Deaths",1796,"Hampden County",25013,516,"Interstitial lung disease and pulmonary sarcoidosis",3,"Both",27,"Age-standardized",2012,"Rate",5.79068944448546,3.81083501225437,6.81930186187023
1,"Deaths",1796,"Hampden County",25013,516,"Interstitial lung disease and pulmonary sarcoidosis",3,"Both",27,"Age-standardized",2013,"Rate",5.82286243826378,3.8565346193993,6.88283195139774
1,"Deaths",1796,"Hampden County",25013,516,"Interstitial lung disease and pulmonary sarcoidosis",3,"Both",27,"Age-standardized",2014,"Rate",6.03409543751272,3.93876036480966,7.11232321687402
1,"Deaths",1794,"Hampshire County",25015,516,"Interstitial lung disease and pulmonary sarcoidosis",1,"Male",27,"Age-standardized",1980,"Rate",3.19783468160622,2.20214934669466,5.68483111712643
1,"Deaths",1794,"Hampshire County",25015,516,"Interstitial lung disease and pulmonary sarcoidosis",1,"Male",27,"Age-standardized",1981,"Rate",3.27219095513643,2.29100839914365,5.72472924710168
1,"Deaths",1794,"Hampshire County",25015,516,"Interstitial lung disease and pulmonary sarcoidosis",1,"Male",27,"Age-standardized",1982,"Rate",3.26923783129075,2.25370757797615,5.73933948477645
1,"Deaths",1794,"Hampshire County",25015,516,"Interstitial lung disease and pulmonary sarcoidosis",1,"Male",27,"Age-standardized",1983,"Rate",3.36983950029896,2.38991097257649,5.78265373559781
1,"Deaths",1794,"Hampshire County",25015,516,"Interstitial lung disease and pulmonary sarcoidosis",1,"Male",27,"Age-standardized",1984,"Rate",3.46333278461155,2.45242353269632,5.98100862500185
1,"Deaths",1794,"Hampshire County",25015,516,"Interstitial lung disease and pulmonary sarcoidosis",1,"Male",27,"Age-standardized",1985,"Rate",3.50271535029545,2.52903600585504,5.97309962708186
1,"Deaths",1794,"Hampshire County",25015,516,"Interstitial lung disease and pulmonary sarcoidosis",1,"Male",27,"Age-standardized",1986,"Rate",3.61931506754648,2.67575750983163,5.94397166710678
1,"Deaths",1794,"Hampshire County",25015,516,"Interstitial lung disease and pulmonary sarcoidosis",1,"Male",27,"Age-standardized",1987,"Rate",3.72738107470373,2.75042767985238,6.09427028623072
1,"Deaths",1794,"Hampshire County",25015,516,"Interstitial lung disease and pulmonary sarcoidosis",1,"Male",27,"Age-standardized",1988,"Rate",3.85691543724719,2.8665754550304,6.12821708276588
1,"Deaths",1794,"Hampshire County",25015,516,"Interstitial lung disease and pulmonary sarcoidosis",1,"Male",27,"Age-standardized",1989,"Rate",3.90917077899799,2.94376493501524,6.03921912697364
1,"Deaths",1794,"Hampshire County",25015,516,"Interstitial lung disease and pulmonary sarcoidosis",1,"Male",27,"Age-standardized",1990,"Rate",3.88775077878204,2.94366686145066,5.88728831903734
1,"Deaths",1794,"Hampshire County",25015,516,"Interstitial lung disease and pulmonary sarcoidosis",1,"Male",27,"Age-standardized",1991,"Rate",4.09061745199771,3.14358887635311,6.17710835405384
1,"Deaths",1794,"Hampshire County",25015,516,"Interstitial lung disease and pulmonary sarcoidosis",1,"Male",27,"Age-standardized",1992,"Rate",4.20784141031766,3.17147257987565,6.16877085498141
1,"Deaths",1794,"Hampshire County",25015,516,"Interstitial lung disease and pulmonary sarcoidosis",1,"Male",27,"Age-standardized",1993,"Rate",4.32880456198515,3.30436020620234,6.16821954132048
1,"Deaths",1794,"Hampshire County",25015,516,"Interstitial lung disease and pulmonary sarcoidosis",1,"Male",27,"Age-standardized",1994,"Rate",4.41108008753925,3.35500451015514,6.29944597753767
1,"Deaths",1794,"Hampshire County",25015,516,"Interstitial lung disease and pulmonary sarcoidosis",1,"Male",27,"Age-standardized",1995,"Rate",4.61482809577657,3.47607158015035,6.37866565518459
1,"Deaths",1794,"Hampshire County",25015,516,"Interstitial lung disease and pulmonary sarcoidosis",1,"Male",27,"Age-standardized",1996,"Rate",4.66448801527813,3.56394901771669,6.27366836477605
1,"Deaths",1794,"Hampshire County",25015,516,"Interstitial lung disease and pulmonary sarcoidosis",1,"Male",27,"Age-standardized",1997,"Rate",4.79866806341831,3.61341155951453,6.29987930279873
1,"Deaths",1794,"Hampshire County",25015,516,"Interstitial lung disease and pulmonary sarcoidosis",1,"Male",27,"Age-standardized",1998,"Rate",4.90334074809898,3.60842290717814,6.30467128089905
1,"Deaths",1794,"Hampshire County",25015,516,"Interstitial lung disease and pulmonary sarcoidosis",1,"Male",27,"Age-standardized",1999,"Rate",5.18456257793542,3.69838523685739,6.5390750070932
1,"Deaths",1794,"Hampshire County",25015,516,"Interstitial lung disease and pulmonary sarcoidosis",1,"Male",27,"Age-standardized",2000,"Rate",5.51596727853612,3.77683659836937,6.99771648058928
1,"Deaths",1794,"Hampshire County",25015,516,"Interstitial lung disease and pulmonary sarcoidosis",1,"Male",27,"Age-standardized",2001,"Rate",5.58636002707695,3.70197138486899,6.9881856461862
1,"Deaths",1794,"Hampshire County",25015,516,"Interstitial lung disease and pulmonary sarcoidosis",1,"Male",27,"Age-standardized",2002,"Rate",5.83143569211798,3.78492164816211,7.29537898090859
1,"Deaths",1794,"Hampshire County",25015,516,"Interstitial lung disease and pulmonary sarcoidosis",1,"Male",27,"Age-standardized",2003,"Rate",5.90151361592993,3.80340559646256,7.45855760568738
1,"Deaths",1794,"Hampshire County",25015,516,"Interstitial lung disease and pulmonary sarcoidosis",1,"Male",27,"Age-standardized",2004,"Rate",5.91780915056144,3.78355036265389,7.49476677028864
1,"Deaths",1794,"Hampshire County",25015,516,"Interstitial lung disease and pulmonary sarcoidosis",1,"Male",27,"Age-standardized",2005,"Rate",6.03982169446846,3.77792546392686,7.7189719943927
1,"Deaths",1794,"Hampshire County",25015,516,"Interstitial lung disease and pulmonary sarcoidosis",1,"Male",27,"Age-standardized",2006,"Rate",6.14379384756541,3.81842049452944,7.86352589991482
1,"Deaths",1794,"Hampshire County",25015,516,"Interstitial lung disease and pulmonary sarcoidosis",1,"Male",27,"Age-standardized",2007,"Rate",6.25221522781469,3.78483573381759,7.95688645477224
1,"Deaths",1794,"Hampshire County",25015,516,"Interstitial lung disease and pulmonary sarcoidosis",1,"Male",27,"Age-standardized",2008,"Rate",6.29489904747254,3.83365932930934,8.04849883716676
1,"Deaths",1794,"Hampshire County",25015,516,"Interstitial lung disease and pulmonary sarcoidosis",1,"Male",27,"Age-standardized",2009,"Rate",6.44001465547181,3.79091084172367,8.34992206761014
1,"Deaths",1794,"Hampshire County",25015,516,"Interstitial lung disease and pulmonary sarcoidosis",1,"Male",27,"Age-standardized",2010,"Rate",6.36480221017325,3.80191978125771,8.29718342618584
1,"Deaths",1794,"Hampshire County",25015,516,"Interstitial lung disease and pulmonary sarcoidosis",1,"Male",27,"Age-standardized",2011,"Rate",6.33121031224156,3.728629408011,8.17363119912614
1,"Deaths",1794,"Hampshire County",25015,516,"Interstitial lung disease and pulmonary sarcoidosis",1,"Male",27,"Age-standardized",2012,"Rate",6.37361607230958,3.79412262612253,8.31067499729306
1,"Deaths",1794,"Hampshire County",25015,516,"Interstitial lung disease and pulmonary sarcoidosis",1,"Male",27,"Age-standardized",2013,"Rate",6.53416623797469,3.83406380108699,8.6694824395854
1,"Deaths",1794,"Hampshire County",25015,516,"Interstitial lung disease and pulmonary sarcoidosis",1,"Male",27,"Age-standardized",2014,"Rate",6.80973295772281,4.03404624260136,8.97351414201729
1,"Deaths",1794,"Hampshire County",25015,516,"Interstitial lung disease and pulmonary sarcoidosis",2,"Female",27,"Age-standardized",1980,"Rate",1.6944469556789,1.19997962776699,2.99809372387474
1,"Deaths",1794,"Hampshire County",25015,516,"Interstitial lung disease and pulmonary sarcoidosis",2,"Female",27,"Age-standardized",1981,"Rate",1.67744776707607,1.20210579417966,2.97790680168505
1,"Deaths",1794,"Hampshire County",25015,516,"Interstitial lung disease and pulmonary sarcoidosis",2,"Female",27,"Age-standardized",1982,"Rate",1.73152140588619,1.24003505409646,2.99445754657303
1,"Deaths",1794,"Hampshire County",25015,516,"Interstitial lung disease and pulmonary sarcoidosis",2,"Female",27,"Age-standardized",1983,"Rate",1.7601548985364,1.28881933616123,2.98307274591608
1,"Deaths",1794,"Hampshire County",25015,516,"Interstitial lung disease and pulmonary sarcoidosis",2,"Female",27,"Age-standardized",1984,"Rate",1.82463255440186,1.32318547494304,3.02394343783804
1,"Deaths",1794,"Hampshire County",25015,516,"Interstitial lung disease and pulmonary sarcoidosis",2,"Female",27,"Age-standardized",1985,"Rate",1.89017228737981,1.39123783755157,3.1505971781986
1,"Deaths",1794,"Hampshire County",25015,516,"Interstitial lung disease and pulmonary sarcoidosis",2,"Female",27,"Age-standardized",1986,"Rate",1.94825271136861,1.44529151288478,3.13026266199536
1,"Deaths",1794,"Hampshire County",25015,516,"Interstitial lung disease and pulmonary sarcoidosis",2,"Female",27,"Age-standardized",1987,"Rate",2.01951259622223,1.49260149295966,3.26364898379387
1,"Deaths",1794,"Hampshire County",25015,516,"Interstitial lung disease and pulmonary sarcoidosis",2,"Female",27,"Age-standardized",1988,"Rate",2.07397686650482,1.51352552652778,3.26474478729781
1,"Deaths",1794,"Hampshire County",25015,516,"Interstitial lung disease and pulmonary sarcoidosis",2,"Female",27,"Age-standardized",1989,"Rate",2.16878890075812,1.64028211642062,3.33169712933684
1,"Deaths",1794,"Hampshire County",25015,516,"Interstitial lung disease and pulmonary sarcoidosis",2,"Female",27,"Age-standardized",1990,"Rate",2.15486078981984,1.6030395402816,3.38226049572889
1,"Deaths",1794,"Hampshire County",25015,516,"Interstitial lung disease and pulmonary sarcoidosis",2,"Female",27,"Age-standardized",1991,"Rate",2.22905984934818,1.66315739997628,3.44661656575848
1,"Deaths",1794,"Hampshire County",25015,516,"Interstitial lung disease and pulmonary sarcoidosis",2,"Female",27,"Age-standardized",1992,"Rate",2.34464958992318,1.71148621278478,3.47186958959459
1,"Deaths",1794,"Hampshire County",25015,516,"Interstitial lung disease and pulmonary sarcoidosis",2,"Female",27,"Age-standardized",1993,"Rate",2.45713096421132,1.8333105150791,3.57122381480116
1,"Deaths",1794,"Hampshire County",25015,516,"Interstitial lung disease and pulmonary sarcoidosis",2,"Female",27,"Age-standardized",1994,"Rate",2.50502062690448,1.83484609665427,3.55260943312824
1,"Deaths",1794,"Hampshire County",25015,516,"Interstitial lung disease and pulmonary sarcoidosis",2,"Female",27,"Age-standardized",1995,"Rate",2.67629856539388,1.91505269753649,3.68652404706832
1,"Deaths",1794,"Hampshire County",25015,516,"Interstitial lung disease and pulmonary sarcoidosis",2,"Female",27,"Age-standardized",1996,"Rate",2.73820605844716,1.8863251952373,3.73086935547907
1,"Deaths",1794,"Hampshire County",25015,516,"Interstitial lung disease and pulmonary sarcoidosis",2,"Female",27,"Age-standardized",1997,"Rate",2.85412203398324,1.95654613400921,3.74547639205107
1,"Deaths",1794,"Hampshire County",25015,516,"Interstitial lung disease and pulmonary sarcoidosis",2,"Female",27,"Age-standardized",1998,"Rate",2.90555901665642,1.90698973552368,3.78757377351585
1,"Deaths",1794,"Hampshire County",25015,516,"Interstitial lung disease and pulmonary sarcoidosis",2,"Female",27,"Age-standardized",1999,"Rate",3.19021161291338,2.01662449393121,4.08763681161836
1,"Deaths",1794,"Hampshire County",25015,516,"Interstitial lung disease and pulmonary sarcoidosis",2,"Female",27,"Age-standardized",2000,"Rate",3.42239490185427,2.12069175998531,4.42204868326548
1,"Deaths",1794,"Hampshire County",25015,516,"Interstitial lung disease and pulmonary sarcoidosis",2,"Female",27,"Age-standardized",2001,"Rate",3.49983975293383,2.11940595508747,4.48039737182493
1,"Deaths",1794,"Hampshire County",25015,516,"Interstitial lung disease and pulmonary sarcoidosis",2,"Female",27,"Age-standardized",2002,"Rate",3.68343732637807,2.29541903498789,4.78703402994686
1,"Deaths",1794,"Hampshire County",25015,516,"Interstitial lung disease and pulmonary sarcoidosis",2,"Female",27,"Age-standardized",2003,"Rate",3.79130650505055,2.22236069461765,4.93357263057278
1,"Deaths",1794,"Hampshire County",25015,516,"Interstitial lung disease and pulmonary sarcoidosis",2,"Female",27,"Age-standardized",2004,"Rate",3.7602808148658,2.18530770317892,4.86648644492625
1,"Deaths",1794,"Hampshire County",25015,516,"Interstitial lung disease and pulmonary sarcoidosis",2,"Female",27,"Age-standardized",2005,"Rate",3.92599599826397,2.31514043534931,5.01826305865633
1,"Deaths",1794,"Hampshire County",25015,516,"Interstitial lung disease and pulmonary sarcoidosis",2,"Female",27,"Age-standardized",2006,"Rate",3.90016025827953,2.2346995351,5.0887818964228
1,"Deaths",1794,"Hampshire County",25015,516,"Interstitial lung disease and pulmonary sarcoidosis",2,"Female",27,"Age-standardized",2007,"Rate",3.94628034197807,2.27488606765628,5.1603607751235
1,"Deaths",1794,"Hampshire County",25015,516,"Interstitial lung disease and pulmonary sarcoidosis",2,"Female",27,"Age-standardized",2008,"Rate",3.93182235831683,2.29182274761496,5.07046204565329
1,"Deaths",1794,"Hampshire County",25015,516,"Interstitial lung disease and pulmonary sarcoidosis",2,"Female",27,"Age-standardized",2009,"Rate",3.99057284685515,2.2696827962473,5.1426418807941
1,"Deaths",1794,"Hampshire County",25015,516,"Interstitial lung disease and pulmonary sarcoidosis",2,"Female",27,"Age-standardized",2010,"Rate",3.98893983381099,2.34156706938873,5.16343211227792
1,"Deaths",1794,"Hampshire County",25015,516,"Interstitial lung disease and pulmonary sarcoidosis",2,"Female",27,"Age-standardized",2011,"Rate",4.0953468414645,2.38395603609644,5.37928346962299
1,"Deaths",1794,"Hampshire County",25015,516,"Interstitial lung disease and pulmonary sarcoidosis",2,"Female",27,"Age-standardized",2012,"Rate",4.10729743445064,2.3468872541518,5.3770274201668
1,"Deaths",1794,"Hampshire County",25015,516,"Interstitial lung disease and pulmonary sarcoidosis",2,"Female",27,"Age-standardized",2013,"Rate",4.07125616444148,2.28562330561663,5.31567936759981
1,"Deaths",1794,"Hampshire County",25015,516,"Interstitial lung disease and pulmonary sarcoidosis",2,"Female",27,"Age-standardized",2014,"Rate",4.27733515407513,2.49834852492929,5.67032314833168
1,"Deaths",1794,"Hampshire County",25015,516,"Interstitial lung disease and pulmonary sarcoidosis",3,"Both",27,"Age-standardized",1980,"Rate",2.24605667184294,1.70154296814162,3.60403250645601
1,"Deaths",1794,"Hampshire County",25015,516,"Interstitial lung disease and pulmonary sarcoidosis",3,"Both",27,"Age-standardized",1981,"Rate",2.2630501603137,1.73377466325954,3.6005587129256
1,"Deaths",1794,"Hampshire County",25015,516,"Interstitial lung disease and pulmonary sarcoidosis",3,"Both",27,"Age-standardized",1982,"Rate",2.29672244193687,1.77236550875821,3.64174998342158
1,"Deaths",1794,"Hampshire County",25015,516,"Interstitial lung disease and pulmonary sarcoidosis",3,"Both",27,"Age-standardized",1983,"Rate",2.35126552353596,1.83233875885629,3.66721905807306
1,"Deaths",1794,"Hampshire County",25015,516,"Interstitial lung disease and pulmonary sarcoidosis",3,"Both",27,"Age-standardized",1984,"Rate",2.43007350601012,1.90117225635737,3.71229105311065
1,"Deaths",1794,"Hampshire County",25015,516,"Interstitial lung disease and pulmonary sarcoidosis",3,"Both",27,"Age-standardized",1985,"Rate",2.48640439756289,1.98326536919671,3.74079765805359
1,"Deaths",1794,"Hampshire County",25015,516,"Interstitial lung disease and pulmonary sarcoidosis",3,"Both",27,"Age-standardized",1986,"Rate",2.56910989624203,2.05605964120136,3.84054437292543
1,"Deaths",1794,"Hampshire County",25015,516,"Interstitial lung disease and pulmonary sarcoidosis",3,"Both",27,"Age-standardized",1987,"Rate",2.65634664311315,2.14427585505316,3.9062643608005
1,"Deaths",1794,"Hampshire County",25015,516,"Interstitial lung disease and pulmonary sarcoidosis",3,"Both",27,"Age-standardized",1988,"Rate",2.74420313842702,2.20447538492421,3.92925544362984
1,"Deaths",1794,"Hampshire County",25015,516,"Interstitial lung disease and pulmonary sarcoidosis",3,"Both",27,"Age-standardized",1989,"Rate",2.82606461911242,2.29466682611954,3.97466477500726
1,"Deaths",1794,"Hampshire County",25015,516,"Interstitial lung disease and pulmonary sarcoidosis",3,"Both",27,"Age-standardized",1990,"Rate",2.80827017852599,2.29700155988059,3.83874478531151
1,"Deaths",1794,"Hampshire County",25015,516,"Interstitial lung disease and pulmonary sarcoidosis",3,"Both",27,"Age-standardized",1991,"Rate",2.93154382495017,2.39086605676474,3.9982041596542
1,"Deaths",1794,"Hampshire County",25015,516,"Interstitial lung disease and pulmonary sarcoidosis",3,"Both",27,"Age-standardized",1992,"Rate",3.04820865967892,2.52921017536822,4.09645286472536
1,"Deaths",1794,"Hampshire County",25015,516,"Interstitial lung disease and pulmonary sarcoidosis",3,"Both",27,"Age-standardized",1993,"Rate",3.16617963427306,2.59831254065796,4.18724917087137
1,"Deaths",1794,"Hampshire County",25015,516,"Interstitial lung disease and pulmonary sarcoidosis",3,"Both",27,"Age-standardized",1994,"Rate",3.23060011677069,2.61950406420287,4.20369028669086
1,"Deaths",1794,"Hampshire County",25015,516,"Interstitial lung disease and pulmonary sarcoidosis",3,"Both",27,"Age-standardized",1995,"Rate",3.41501380102942,2.800024432445,4.33915253706373
1,"Deaths",1794,"Hampshire County",25015,516,"Interstitial lung disease and pulmonary sarcoidosis",3,"Both",27,"Age-standardized",1996,"Rate",3.47513503005214,2.7558529923067,4.31008833957082
1,"Deaths",1794,"Hampshire County",25015,516,"Interstitial lung disease and pulmonary sarcoidosis",3,"Both",27,"Age-standardized",1997,"Rate",3.59696953876174,2.8163881633331,4.32931280664235
1,"Deaths",1794,"Hampshire County",25015,516,"Interstitial lung disease and pulmonary sarcoidosis",3,"Both",27,"Age-standardized",1998,"Rate",3.67255485804084,2.78767326919212,4.41343209210914
1,"Deaths",1794,"Hampshire County",25015,516,"Interstitial lung disease and pulmonary sarcoidosis",3,"Both",27,"Age-standardized",1999,"Rate",3.95868686339011,2.93571543789775,4.63960024389418
1,"Deaths",1794,"Hampshire County",25015,516,"Interstitial lung disease and pulmonary sarcoidosis",3,"Both",27,"Age-standardized",2000,"Rate",4.23041268214881,2.9656808110182,5.01555737289826
1,"Deaths",1794,"Hampshire County",25015,516,"Interstitial lung disease and pulmonary sarcoidosis",3,"Both",27,"Age-standardized",2001,"Rate",4.30949783743029,2.96576154978094,5.10386262461302
1,"Deaths",1794,"Hampshire County",25015,516,"Interstitial lung disease and pulmonary sarcoidosis",3,"Both",27,"Age-standardized",2002,"Rate",4.52855195611968,3.18916303493026,5.3842370365379
1,"Deaths",1794,"Hampshire County",25015,516,"Interstitial lung disease and pulmonary sarcoidosis",3,"Both",27,"Age-standardized",2003,"Rate",4.62656294641476,3.1164153313629,5.52317090621592
1,"Deaths",1794,"Hampshire County",25015,516,"Interstitial lung disease and pulmonary sarcoidosis",3,"Both",27,"Age-standardized",2004,"Rate",4.61713978106601,3.0290319454778,5.51523287126888
1,"Deaths",1794,"Hampshire County",25015,516,"Interstitial lung disease and pulmonary sarcoidosis",3,"Both",27,"Age-standardized",2005,"Rate",4.77151267444243,3.13867049467642,5.69715622796593
1,"Deaths",1794,"Hampshire County",25015,516,"Interstitial lung disease and pulmonary sarcoidosis",3,"Both",27,"Age-standardized",2006,"Rate",4.79542713462016,3.14686802524281,5.78930577059345
1,"Deaths",1794,"Hampshire County",25015,516,"Interstitial lung disease and pulmonary sarcoidosis",3,"Both",27,"Age-standardized",2007,"Rate",4.8733833462007,3.15837683009977,5.91384016989321
1,"Deaths",1794,"Hampshire County",25015,516,"Interstitial lung disease and pulmonary sarcoidosis",3,"Both",27,"Age-standardized",2008,"Rate",4.88382791184984,3.14700891564311,5.89274065081022
1,"Deaths",1794,"Hampshire County",25015,516,"Interstitial lung disease and pulmonary sarcoidosis",3,"Both",27,"Age-standardized",2009,"Rate",4.98459613450658,3.22923256292254,6.07909865982699
1,"Deaths",1794,"Hampshire County",25015,516,"Interstitial lung disease and pulmonary sarcoidosis",3,"Both",27,"Age-standardized",2010,"Rate",4.95496837376983,3.1520028753183,6.06154238354369
1,"Deaths",1794,"Hampshire County",25015,516,"Interstitial lung disease and pulmonary sarcoidosis",3,"Both",27,"Age-standardized",2011,"Rate",5.00675306762619,3.15542003218229,6.10480759736344
1,"Deaths",1794,"Hampshire County",25015,516,"Interstitial lung disease and pulmonary sarcoidosis",3,"Both",27,"Age-standardized",2012,"Rate",5.03696497945365,3.24879737077272,6.19614900982413
1,"Deaths",1794,"Hampshire County",25015,516,"Interstitial lung disease and pulmonary sarcoidosis",3,"Both",27,"Age-standardized",2013,"Rate",5.08474465520316,3.24780633149512,6.25168062183097
1,"Deaths",1794,"Hampshire County",25015,516,"Interstitial lung disease and pulmonary sarcoidosis",3,"Both",27,"Age-standardized",2014,"Rate",5.32202544303855,3.42449818607263,6.57838482603852
1,"Deaths",1792,"Middlesex County",25017,516,"Interstitial lung disease and pulmonary sarcoidosis",1,"Male",27,"Age-standardized",1980,"Rate",3.57872032899679,2.75234687901628,6.13234224827445
1,"Deaths",1792,"Middlesex County",25017,516,"Interstitial lung disease and pulmonary sarcoidosis",1,"Male",27,"Age-standardized",1981,"Rate",3.58897226800265,2.75689148865857,6.09706151522488
1,"Deaths",1792,"Middlesex County",25017,516,"Interstitial lung disease and pulmonary sarcoidosis",1,"Male",27,"Age-standardized",1982,"Rate",3.58287916043249,2.76071722599772,6.18136380918884
1,"Deaths",1792,"Middlesex County",25017,516,"Interstitial lung disease and pulmonary sarcoidosis",1,"Male",27,"Age-standardized",1983,"Rate",3.69147799194832,2.86859490563305,6.14758982229579
1,"Deaths",1792,"Middlesex County",25017,516,"Interstitial lung disease and pulmonary sarcoidosis",1,"Male",27,"Age-standardized",1984,"Rate",3.74234441117948,2.92345439625962,6.20107421463887
1,"Deaths",1792,"Middlesex County",25017,516,"Interstitial lung disease and pulmonary sarcoidosis",1,"Male",27,"Age-standardized",1985,"Rate",3.91890593195646,3.06668852909591,6.48065948983447
1,"Deaths",1792,"Middlesex County",25017,516,"Interstitial lung disease and pulmonary sarcoidosis",1,"Male",27,"Age-standardized",1986,"Rate",4.01392036651973,3.20022051784158,6.51022664657991
1,"Deaths",1792,"Middlesex County",25017,516,"Interstitial lung disease and pulmonary sarcoidosis",1,"Male",27,"Age-standardized",1987,"Rate",4.14242358023955,3.30961277814788,6.59380978321765
1,"Deaths",1792,"Middlesex County",25017,516,"Interstitial lung disease and pulmonary sarcoidosis",1,"Male",27,"Age-standardized",1988,"Rate",4.09737924997744,3.32784833626838,6.41732117910749
1,"Deaths",1792,"Middlesex County",25017,516,"Interstitial lung disease and pulmonary sarcoidosis",1,"Male",27,"Age-standardized",1989,"Rate",4.28355320803219,3.48777831329175,6.46783524883818
1,"Deaths",1792,"Middlesex County",25017,516,"Interstitial lung disease and pulmonary sarcoidosis",1,"Male",27,"Age-standardized",1990,"Rate",4.31569542493278,3.55435681667168,6.36131485246945
1,"Deaths",1792,"Middlesex County",25017,516,"Interstitial lung disease and pulmonary sarcoidosis",1,"Male",27,"Age-standardized",1991,"Rate",4.45180715235781,3.68080150525816,6.50198261855805
1,"Deaths",1792,"Middlesex County",25017,516,"Interstitial lung disease and pulmonary sarcoidosis",1,"Male",27,"Age-standardized",1992,"Rate",4.64399456545667,3.8630100136674,6.67413260018184
1,"Deaths",1792,"Middlesex County",25017,516,"Interstitial lung disease and pulmonary sarcoidosis",1,"Male",27,"Age-standardized",1993,"Rate",4.73497656197421,3.97583159984464,6.74210480395541
1,"Deaths",1792,"Middlesex County",25017,516,"Interstitial lung disease and pulmonary sarcoidosis",1,"Male",27,"Age-standardized",1994,"Rate",4.9114487464083,4.08360022965468,6.66934464030671
1,"Deaths",1792,"Middlesex County",25017,516,"Interstitial lung disease and pulmonary sarcoidosis",1,"Male",27,"Age-standardized",1995,"Rate",5.22278354921166,4.189354475651,7.09873624691008
1,"Deaths",1792,"Middlesex County",25017,516,"Interstitial lung disease and pulmonary sarcoidosis",1,"Male",27,"Age-standardized",1996,"Rate",5.26156345346267,4.21397891734774,6.93343760738477
1,"Deaths",1792,"Middlesex County",25017,516,"Interstitial lung disease and pulmonary sarcoidosis",1,"Male",27,"Age-standardized",1997,"Rate",5.38543486052936,4.22193766540676,6.91692196975988
1,"Deaths",1792,"Middlesex County",25017,516,"Interstitial lung disease and pulmonary sarcoidosis",1,"Male",27,"Age-standardized",1998,"Rate",5.62055954340482,4.30623740152717,6.87512774586438
1,"Deaths",1792,"Middlesex County",25017,516,"Interstitial lung disease and pulmonary sarcoidosis",1,"Male",27,"Age-standardized",1999,"Rate",5.87895792213203,4.28818351903961,7.07919706992674
1,"Deaths",1792,"Middlesex County",25017,516,"Interstitial lung disease and pulmonary sarcoidosis",1,"Male",27,"Age-standardized",2000,"Rate",6.23019406315879,4.36923085303992,7.3866950742436
1,"Deaths",1792,"Middlesex County",25017,516,"Interstitial lung disease and pulmonary sarcoidosis",1,"Male",27,"Age-standardized",2001,"Rate",6.37540689032091,4.29989260251221,7.44080124626015
1,"Deaths",1792,"Middlesex County",25017,516,"Interstitial lung disease and pulmonary sarcoidosis",1,"Male",27,"Age-standardized",2002,"Rate",6.41406099964977,4.39933954517126,7.50504290528229
1,"Deaths",1792,"Middlesex County",25017,516,"Interstitial lung disease and pulmonary sarcoidosis",1,"Male",27,"Age-standardized",2003,"Rate",6.57559490752234,4.39043833431657,7.6796793477838
1,"Deaths",1792,"Middlesex County",25017,516,"Interstitial lung disease and pulmonary sarcoidosis",1,"Male",27,"Age-standardized",2004,"Rate",6.69951088021221,4.35936860470784,7.76929918680269
1,"Deaths",1792,"Middlesex County",25017,516,"Interstitial lung disease and pulmonary sarcoidosis",1,"Male",27,"Age-standardized",2005,"Rate",6.91400244968894,4.4284558444343,8.15009669546583
1,"Deaths",1792,"Middlesex County",25017,516,"Interstitial lung disease and pulmonary sarcoidosis",1,"Male",27,"Age-standardized",2006,"Rate",6.83906734308054,4.31031593887052,7.9576450251545
1,"Deaths",1792,"Middlesex County",25017,516,"Interstitial lung disease and pulmonary sarcoidosis",1,"Male",27,"Age-standardized",2007,"Rate",6.94581963935602,4.3668556635448,8.15165439087374
1,"Deaths",1792,"Middlesex County",25017,516,"Interstitial lung disease and pulmonary sarcoidosis",1,"Male",27,"Age-standardized",2008,"Rate",7.10326083545142,4.38000393328679,8.36895262455329
1,"Deaths",1792,"Middlesex County",25017,516,"Interstitial lung disease and pulmonary sarcoidosis",1,"Male",27,"Age-standardized",2009,"Rate",7.33714901663607,4.54935954993431,8.65574609528485
1,"Deaths",1792,"Middlesex County",25017,516,"Interstitial lung disease and pulmonary sarcoidosis",1,"Male",27,"Age-standardized",2010,"Rate",7.05914137425498,4.31876719878489,8.268953815213
1,"Deaths",1792,"Middlesex County",25017,516,"Interstitial lung disease and pulmonary sarcoidosis",1,"Male",27,"Age-standardized",2011,"Rate",7.52957817336655,4.64541372408831,8.93226223405946
1,"Deaths",1792,"Middlesex County",25017,516,"Interstitial lung disease and pulmonary sarcoidosis",1,"Male",27,"Age-standardized",2012,"Rate",7.26970570183599,4.47084123742741,8.6563111057494
1,"Deaths",1792,"Middlesex County",25017,516,"Interstitial lung disease and pulmonary sarcoidosis",1,"Male",27,"Age-standardized",2013,"Rate",7.16561789034742,4.30486386659554,8.49974121862126
1,"Deaths",1792,"Middlesex County",25017,516,"Interstitial lung disease and pulmonary sarcoidosis",1,"Male",27,"Age-standardized",2014,"Rate",7.52919507635812,4.59413800238059,8.91572753225655
1,"Deaths",1792,"Middlesex County",25017,516,"Interstitial lung disease and pulmonary sarcoidosis",2,"Female",27,"Age-standardized",1980,"Rate",1.69002382801142,1.2997841240413,2.95544719527704
1,"Deaths",1792,"Middlesex County",25017,516,"Interstitial lung disease and pulmonary sarcoidosis",2,"Female",27,"Age-standardized",1981,"Rate",1.73084520319501,1.32868329671731,2.96910142517609
1,"Deaths",1792,"Middlesex County",25017,516,"Interstitial lung disease and pulmonary sarcoidosis",2,"Female",27,"Age-standardized",1982,"Rate",1.74613381861259,1.37459894227911,2.97228557653593
1,"Deaths",1792,"Middlesex County",25017,516,"Interstitial lung disease and pulmonary sarcoidosis",2,"Female",27,"Age-standardized",1983,"Rate",1.78965331941984,1.40539714626228,2.96222234495683
1,"Deaths",1792,"Middlesex County",25017,516,"Interstitial lung disease and pulmonary sarcoidosis",2,"Female",27,"Age-standardized",1984,"Rate",1.90097677714769,1.50519282994643,3.14544027189913
1,"Deaths",1792,"Middlesex County",25017,516,"Interstitial lung disease and pulmonary sarcoidosis",2,"Female",27,"Age-standardized",1985,"Rate",1.99357184699392,1.56731504284093,3.25650037185338
1,"Deaths",1792,"Middlesex County",25017,516,"Interstitial lung disease and pulmonary sarcoidosis",2,"Female",27,"Age-standardized",1986,"Rate",2.06803947855582,1.65144683632523,3.38477923067157
1,"Deaths",1792,"Middlesex County",25017,516,"Interstitial lung disease and pulmonary sarcoidosis",2,"Female",27,"Age-standardized",1987,"Rate",2.12763446438222,1.70318186496179,3.3351076915021
1,"Deaths",1792,"Middlesex County",25017,516,"Interstitial lung disease and pulmonary sarcoidosis",2,"Female",27,"Age-standardized",1988,"Rate",2.17158079323682,1.71870619828299,3.35626506549867
1,"Deaths",1792,"Middlesex County",25017,516,"Interstitial lung disease and pulmonary sarcoidosis",2,"Female",27,"Age-standardized",1989,"Rate",2.21537994448819,1.74324388007667,3.32322473338971
1,"Deaths",1792,"Middlesex County",25017,516,"Interstitial lung disease and pulmonary sarcoidosis",2,"Female",27,"Age-standardized",1990,"Rate",2.25273804554915,1.77047111973101,3.41088854436952
1,"Deaths",1792,"Middlesex County",25017,516,"Interstitial lung disease and pulmonary sarcoidosis",2,"Female",27,"Age-standardized",1991,"Rate",2.37143983899961,1.83032755445973,3.50577246787025
1,"Deaths",1792,"Middlesex County",25017,516,"Interstitial lung disease and pulmonary sarcoidosis",2,"Female",27,"Age-standardized",1992,"Rate",2.39366516493912,1.82336479724909,3.45711306183052
1,"Deaths",1792,"Middlesex County",25017,516,"Interstitial lung disease and pulmonary sarcoidosis",2,"Female",27,"Age-standardized",1993,"Rate",2.65532417496241,2.00642608208617,3.77211353646384
1,"Deaths",1792,"Middlesex County",25017,516,"Interstitial lung disease and pulmonary sarcoidosis",2,"Female",27,"Age-standardized",1994,"Rate",2.64934721636375,1.98745518826777,3.69951151981627
1,"Deaths",1792,"Middlesex County",25017,516,"Interstitial lung disease and pulmonary sarcoidosis",2,"Female",27,"Age-standardized",1995,"Rate",2.96924565384907,2.18294226966335,4.07508448288342
1,"Deaths",1792,"Middlesex County",25017,516,"Interstitial lung disease and pulmonary sarcoidosis",2,"Female",27,"Age-standardized",1996,"Rate",2.84551451963501,2.06113668175201,3.81814387153471
1,"Deaths",1792,"Middlesex County",25017,516,"Interstitial lung disease and pulmonary sarcoidosis",2,"Female",27,"Age-standardized",1997,"Rate",2.9990305761297,2.07772585527903,3.97423557659317
1,"Deaths",1792,"Middlesex County",25017,516,"Interstitial lung disease and pulmonary sarcoidosis",2,"Female",27,"Age-standardized",1998,"Rate",3.21321708644042,2.15604796196568,4.04752341443205
1,"Deaths",1792,"Middlesex County",25017,516,"Interstitial lung disease and pulmonary sarcoidosis",2,"Female",27,"Age-standardized",1999,"Rate",3.44074010248126,2.21859110445734,4.22635915476254
1,"Deaths",1792,"Middlesex County",25017,516,"Interstitial lung disease and pulmonary sarcoidosis",2,"Female",27,"Age-standardized",2000,"Rate",3.75550396742297,2.4068061880428,4.45206305975522
1,"Deaths",1792,"Middlesex County",25017,516,"Interstitial lung disease and pulmonary sarcoidosis",2,"Female",27,"Age-standardized",2001,"Rate",3.74635685781028,2.32927671957217,4.44613880309422
1,"Deaths",1792,"Middlesex County",25017,516,"Interstitial lung disease and pulmonary sarcoidosis",2,"Female",27,"Age-standardized",2002,"Rate",3.82850792175423,2.36665590456811,4.58100423388476
1,"Deaths",1792,"Middlesex County",25017,516,"Interstitial lung disease and pulmonary sarcoidosis",2,"Female",27,"Age-standardized",2003,"Rate",3.83807760368418,2.34990382872739,4.56769237677939
1,"Deaths",1792,"Middlesex County",25017,516,"Interstitial lung disease and pulmonary sarcoidosis",2,"Female",27,"Age-standardized",2004,"Rate",3.92847733490584,2.32057274258091,4.6514700121734
1,"Deaths",1792,"Middlesex County",25017,516,"Interstitial lung disease and pulmonary sarcoidosis",2,"Female",27,"Age-standardized",2005,"Rate",4.09492972484062,2.39888858577387,4.88029278226413
1,"Deaths",1792,"Middlesex County",25017,516,"Interstitial lung disease and pulmonary sarcoidosis",2,"Female",27,"Age-standardized",2006,"Rate",4.10794929395996,2.45029315896514,4.89010160603843
1,"Deaths",1792,"Middlesex County",25017,516,"Interstitial lung disease and pulmonary sarcoidosis",2,"Female",27,"Age-standardized",2007,"Rate",4.03904209331187,2.37951369781341,4.82551553855614
1,"Deaths",1792,"Middlesex County",25017,516,"Interstitial lung disease and pulmonary sarcoidosis",2,"Female",27,"Age-standardized",2008,"Rate",4.13062041263689,2.4043484357223,4.9345437467636
1,"Deaths",1792,"Middlesex County",25017,516,"Interstitial lung disease and pulmonary sarcoidosis",2,"Female",27,"Age-standardized",2009,"Rate",4.0758989975459,2.35690598519568,4.91143103347622
1,"Deaths",1792,"Middlesex County",25017,516,"Interstitial lung disease and pulmonary sarcoidosis",2,"Female",27,"Age-standardized",2010,"Rate",4.33129779202556,2.54465650514364,5.19677957235449
1,"Deaths",1792,"Middlesex County",25017,516,"Interstitial lung disease and pulmonary sarcoidosis",2,"Female",27,"Age-standardized",2011,"Rate",4.40918570979528,2.51576808556127,5.2871829834681
1,"Deaths",1792,"Middlesex County",25017,516,"Interstitial lung disease and pulmonary sarcoidosis",2,"Female",27,"Age-standardized",2012,"Rate",4.34375263586979,2.54713256425086,5.24489508778058
1,"Deaths",1792,"Middlesex County",25017,516,"Interstitial lung disease and pulmonary sarcoidosis",2,"Female",27,"Age-standardized",2013,"Rate",4.24289749375337,2.47240933240911,5.15730723179657
1,"Deaths",1792,"Middlesex County",25017,516,"Interstitial lung disease and pulmonary sarcoidosis",2,"Female",27,"Age-standardized",2014,"Rate",4.42566617358788,2.55714647853493,5.34420545966699
1,"Deaths",1792,"Middlesex County",25017,516,"Interstitial lung disease and pulmonary sarcoidosis",3,"Both",27,"Age-standardized",1980,"Rate",2.33936702835535,1.90248436224727,3.6318715579398
1,"Deaths",1792,"Middlesex County",25017,516,"Interstitial lung disease and pulmonary sarcoidosis",3,"Both",27,"Age-standardized",1981,"Rate",2.36660315793155,1.91945366460869,3.67011114508767
1,"Deaths",1792,"Middlesex County",25017,516,"Interstitial lung disease and pulmonary sarcoidosis",3,"Both",27,"Age-standardized",1982,"Rate",2.37429245104924,1.94071439571925,3.6246489550323
1,"Deaths",1792,"Middlesex County",25017,516,"Interstitial lung disease and pulmonary sarcoidosis",3,"Both",27,"Age-standardized",1983,"Rate",2.443273959097,2.00619434734733,3.72825767233247
1,"Deaths",1792,"Middlesex County",25017,516,"Interstitial lung disease and pulmonary sarcoidosis",3,"Both",27,"Age-standardized",1984,"Rate",2.53406864380725,2.08058395702225,3.89786175871451
1,"Deaths",1792,"Middlesex County",25017,516,"Interstitial lung disease and pulmonary sarcoidosis",3,"Both",27,"Age-standardized",1985,"Rate",2.65627379487632,2.21566991601232,3.95690165533406
1,"Deaths",1792,"Middlesex County",25017,516,"Interstitial lung disease and pulmonary sarcoidosis",3,"Both",27,"Age-standardized",1986,"Rate",2.73991693677943,2.31183570234181,3.99252987695911
1,"Deaths",1792,"Middlesex County",25017,516,"Interstitial lung disease and pulmonary sarcoidosis",3,"Both",27,"Age-standardized",1987,"Rate",2.82586812477493,2.39410899954586,4.11103514198746
1,"Deaths",1792,"Middlesex County",25017,516,"Interstitial lung disease and pulmonary sarcoidosis",3,"Both",27,"Age-standardized",1988,"Rate",2.84279498568612,2.436877272006,4.01157162726123
1,"Deaths",1792,"Middlesex County",25017,516,"Interstitial lung disease and pulmonary sarcoidosis",3,"Both",27,"Age-standardized",1989,"Rate",2.94168072379412,2.52411574868695,4.01270107792886
1,"Deaths",1792,"Middlesex County",25017,516,"Interstitial lung disease and pulmonary sarcoidosis",3,"Both",27,"Age-standardized",1990,"Rate",2.97636185908769,2.57320858247536,4.02698376801343
1,"Deaths",1792,"Middlesex County",25017,516,"Interstitial lung disease and pulmonary sarcoidosis",3,"Both",27,"Age-standardized",1991,"Rate",3.10648563686942,2.68934975931409,4.2072071561174
1,"Deaths",1792,"Middlesex County",25017,516,"Interstitial lung disease and pulmonary sarcoidosis",3,"Both",27,"Age-standardized",1992,"Rate",3.19435643366838,2.77264939041768,4.25258260812742
1,"Deaths",1792,"Middlesex County",25017,516,"Interstitial lung disease and pulmonary sarcoidosis",3,"Both",27,"Age-standardized",1993,"Rate",3.40180947432841,2.89631654336238,4.40410892802133
1,"Deaths",1792,"Middlesex County",25017,516,"Interstitial lung disease and pulmonary sarcoidosis",3,"Both",27,"Age-standardized",1994,"Rate",3.46627229159313,2.93449813521306,4.3801568614743
1,"Deaths",1792,"Middlesex County",25017,516,"Interstitial lung disease and pulmonary sarcoidosis",3,"Both",27,"Age-standardized",1995,"Rate",3.78358635873364,3.14574083887754,4.75673481153767
1,"Deaths",1792,"Middlesex County",25017,516,"Interstitial lung disease and pulmonary sarcoidosis",3,"Both",27,"Age-standardized",1996,"Rate",3.72280289276102,3.04209660407379,4.57209727386665
1,"Deaths",1792,"Middlesex County",25017,516,"Interstitial lung disease and pulmonary sarcoidosis",3,"Both",27,"Age-standardized",1997,"Rate",3.87030716320205,3.07142771086081,4.63951791387034
1,"Deaths",1792,"Middlesex County",25017,516,"Interstitial lung disease and pulmonary sarcoidosis",3,"Both",27,"Age-standardized",1998,"Rate",4.09467615730544,3.14049094576943,4.80461519405404
1,"Deaths",1792,"Middlesex County",25017,516,"Interstitial lung disease and pulmonary sarcoidosis",3,"Both",27,"Age-standardized",1999,"Rate",4.33960646995232,3.19067607661572,4.92183523150109
1,"Deaths",1792,"Middlesex County",25017,516,"Interstitial lung disease and pulmonary sarcoidosis",3,"Both",27,"Age-standardized",2000,"Rate",4.67666394210388,3.3425879564241,5.27050871577189
1,"Deaths",1792,"Middlesex County",25017,516,"Interstitial lung disease and pulmonary sarcoidosis",3,"Both",27,"Age-standardized",2001,"Rate",4.73631739224473,3.30589740780522,5.34043935528586
1,"Deaths",1792,"Middlesex County",25017,516,"Interstitial lung disease and pulmonary sarcoidosis",3,"Both",27,"Age-standardized",2002,"Rate",4.81234663674032,3.3861613545985,5.47820652235376
1,"Deaths",1792,"Middlesex County",25017,516,"Interstitial lung disease and pulmonary sarcoidosis",3,"Both",27,"Age-standardized",2003,"Rate",4.88684630783272,3.37314115453066,5.53350564976083
1,"Deaths",1792,"Middlesex County",25017,516,"Interstitial lung disease and pulmonary sarcoidosis",3,"Both",27,"Age-standardized",2004,"Rate",4.99750538045483,3.36760238387476,5.6757536376181
1,"Deaths",1792,"Middlesex County",25017,516,"Interstitial lung disease and pulmonary sarcoidosis",3,"Both",27,"Age-standardized",2005,"Rate",5.19615037971412,3.50416094888693,5.93320089124335
1,"Deaths",1792,"Middlesex County",25017,516,"Interstitial lung disease and pulmonary sarcoidosis",3,"Both",27,"Age-standardized",2006,"Rate",5.18445363633803,3.45676399650289,5.91259121741585
1,"Deaths",1792,"Middlesex County",25017,516,"Interstitial lung disease and pulmonary sarcoidosis",3,"Both",27,"Age-standardized",2007,"Rate",5.19153878622938,3.3873084839866,5.93293177279242
1,"Deaths",1792,"Middlesex County",25017,516,"Interstitial lung disease and pulmonary sarcoidosis",3,"Both",27,"Age-standardized",2008,"Rate",5.31808138948616,3.4865640501297,6.06568297786694
1,"Deaths",1792,"Middlesex County",25017,516,"Interstitial lung disease and pulmonary sarcoidosis",3,"Both",27,"Age-standardized",2009,"Rate",5.38296650289021,3.5451531174579,6.17099212567482
1,"Deaths",1792,"Middlesex County",25017,516,"Interstitial lung disease and pulmonary sarcoidosis",3,"Both",27,"Age-standardized",2010,"Rate",5.42881314716271,3.51739587982497,6.23777634059096
1,"Deaths",1792,"Middlesex County",25017,516,"Interstitial lung disease and pulmonary sarcoidosis",3,"Both",27,"Age-standardized",2011,"Rate",5.67271623239557,3.64430735483521,6.51271087655114
1,"Deaths",1792,"Middlesex County",25017,516,"Interstitial lung disease and pulmonary sarcoidosis",3,"Both",27,"Age-standardized",2012,"Rate",5.53666917372032,3.60526183846423,6.39533973300783
1,"Deaths",1792,"Middlesex County",25017,516,"Interstitial lung disease and pulmonary sarcoidosis",3,"Both",27,"Age-standardized",2013,"Rate",5.43534390371621,3.56273380877138,6.31132383345499
1,"Deaths",1792,"Middlesex County",25017,516,"Interstitial lung disease and pulmonary sarcoidosis",3,"Both",27,"Age-standardized",2014,"Rate",5.695897524291,3.77813831650254,6.60351557959677
1,"Deaths",1802,"Nantucket County",25019,516,"Interstitial lung disease and pulmonary sarcoidosis",1,"Male",27,"Age-standardized",1980,"Rate",4.17760462025252,2.09408336808477,8.15940213720929
1,"Deaths",1802,"Nantucket County",25019,516,"Interstitial lung disease and pulmonary sarcoidosis",1,"Male",27,"Age-standardized",1981,"Rate",4.1820824154615,2.06003955017504,8.09256828059891
1,"Deaths",1802,"Nantucket County",25019,516,"Interstitial lung disease and pulmonary sarcoidosis",1,"Male",27,"Age-standardized",1982,"Rate",4.1802289252599,2.0718700765709,7.90393151455144
1,"Deaths",1802,"Nantucket County",25019,516,"Interstitial lung disease and pulmonary sarcoidosis",1,"Male",27,"Age-standardized",1983,"Rate",4.30696866275267,2.18726551705349,8.35441359148304
1,"Deaths",1802,"Nantucket County",25019,516,"Interstitial lung disease and pulmonary sarcoidosis",1,"Male",27,"Age-standardized",1984,"Rate",4.31303754178064,2.18713544095123,8.09677448752623
1,"Deaths",1802,"Nantucket County",25019,516,"Interstitial lung disease and pulmonary sarcoidosis",1,"Male",27,"Age-standardized",1985,"Rate",4.48039709188599,2.32391352271383,8.355039529133
1,"Deaths",1802,"Nantucket County",25019,516,"Interstitial lung disease and pulmonary sarcoidosis",1,"Male",27,"Age-standardized",1986,"Rate",4.57097462774895,2.39228332336478,8.19694670340338
1,"Deaths",1802,"Nantucket County",25019,516,"Interstitial lung disease and pulmonary sarcoidosis",1,"Male",27,"Age-standardized",1987,"Rate",4.64102998959886,2.4682610754332,8.27648640368373
1,"Deaths",1802,"Nantucket County",25019,516,"Interstitial lung disease and pulmonary sarcoidosis",1,"Male",27,"Age-standardized",1988,"Rate",4.77751091552203,2.47679293317055,8.29498291077243
1,"Deaths",1802,"Nantucket County",25019,516,"Interstitial lung disease and pulmonary sarcoidosis",1,"Male",27,"Age-standardized",1989,"Rate",4.84666863104319,2.62863009910364,8.3460551640007
1,"Deaths",1802,"Nantucket County",25019,516,"Interstitial lung disease and pulmonary sarcoidosis",1,"Male",27,"Age-standardized",1990,"Rate",4.8397462319797,2.59465459880821,8.27274131521144
1,"Deaths",1802,"Nantucket County",25019,516,"Interstitial lung disease and pulmonary sarcoidosis",1,"Male",27,"Age-standardized",1991,"Rate",4.90720614486695,2.65610061705639,8.31755938816304
1,"Deaths",1802,"Nantucket County",25019,516,"Interstitial lung disease and pulmonary sarcoidosis",1,"Male",27,"Age-standardized",1992,"Rate",4.99545525694326,2.70602869330134,8.35611024264888
1,"Deaths",1802,"Nantucket County",25019,516,"Interstitial lung disease and pulmonary sarcoidosis",1,"Male",27,"Age-standardized",1993,"Rate",5.15594203416292,2.78315429007824,8.53354828433402
1,"Deaths",1802,"Nantucket County",25019,516,"Interstitial lung disease and pulmonary sarcoidosis",1,"Male",27,"Age-standardized",1994,"Rate",5.30581095545239,2.90299122196194,8.70058180337993
1,"Deaths",1802,"Nantucket County",25019,516,"Interstitial lung disease and pulmonary sarcoidosis",1,"Male",27,"Age-standardized",1995,"Rate",5.44555986773171,2.96633027492222,8.89255613822433
1,"Deaths",1802,"Nantucket County",25019,516,"Interstitial lung disease and pulmonary sarcoidosis",1,"Male",27,"Age-standardized",1996,"Rate",5.51435333472636,3.02728172464926,8.9059993641616
1,"Deaths",1802,"Nantucket County",25019,516,"Interstitial lung disease and pulmonary sarcoidosis",1,"Male",27,"Age-standardized",1997,"Rate",5.67059610204719,3.07705635122713,9.22969575640946
1,"Deaths",1802,"Nantucket County",25019,516,"Interstitial lung disease and pulmonary sarcoidosis",1,"Male",27,"Age-standardized",1998,"Rate",5.82277997723864,3.09494245872985,9.23728885070076
1,"Deaths",1802,"Nantucket County",25019,516,"Interstitial lung disease and pulmonary sarcoidosis",1,"Male",27,"Age-standardized",1999,"Rate",6.1362185871646,3.1646582367536,9.78018320777122
1,"Deaths",1802,"Nantucket County",25019,516,"Interstitial lung disease and pulmonary sarcoidosis",1,"Male",27,"Age-standardized",2000,"Rate",6.42358071235282,3.24168746903833,10.277178615885
1,"Deaths",1802,"Nantucket County",25019,516,"Interstitial lung disease and pulmonary sarcoidosis",1,"Male",27,"Age-standardized",2001,"Rate",6.65640033816431,3.27948621353532,10.4723639070574
1,"Deaths",1802,"Nantucket County",25019,516,"Interstitial lung disease and pulmonary sarcoidosis",1,"Male",27,"Age-standardized",2002,"Rate",6.83409088076246,3.42464903873101,10.9864153421609
1,"Deaths",1802,"Nantucket County",25019,516,"Interstitial lung disease and pulmonary sarcoidosis",1,"Male",27,"Age-standardized",2003,"Rate",7.10875650524427,3.4784501834614,11.5783096669162
1,"Deaths",1802,"Nantucket County",25019,516,"Interstitial lung disease and pulmonary sarcoidosis",1,"Male",27,"Age-standardized",2004,"Rate",6.91493460128357,3.26615670671834,11.2374459525885
1,"Deaths",1802,"Nantucket County",25019,516,"Interstitial lung disease and pulmonary sarcoidosis",1,"Male",27,"Age-standardized",2005,"Rate",6.84602937755902,3.25917895702855,11.1610180541841
1,"Deaths",1802,"Nantucket County",25019,516,"Interstitial lung disease and pulmonary sarcoidosis",1,"Male",27,"Age-standardized",2006,"Rate",6.68672044020571,3.21122394511937,10.8181533148808
1,"Deaths",1802,"Nantucket County",25019,516,"Interstitial lung disease and pulmonary sarcoidosis",1,"Male",27,"Age-standardized",2007,"Rate",6.88238612156934,3.1361253386058,11.4335435760747
1,"Deaths",1802,"Nantucket County",25019,516,"Interstitial lung disease and pulmonary sarcoidosis",1,"Male",27,"Age-standardized",2008,"Rate",7.15700736951756,3.32472792244262,11.8915946755474
1,"Deaths",1802,"Nantucket County",25019,516,"Interstitial lung disease and pulmonary sarcoidosis",1,"Male",27,"Age-standardized",2009,"Rate",7.36205427782597,3.35386461011785,12.1965289958443
1,"Deaths",1802,"Nantucket County",25019,516,"Interstitial lung disease and pulmonary sarcoidosis",1,"Male",27,"Age-standardized",2010,"Rate",7.39394179686398,3.3768809035226,12.4288731504496
1,"Deaths",1802,"Nantucket County",25019,516,"Interstitial lung disease and pulmonary sarcoidosis",1,"Male",27,"Age-standardized",2011,"Rate",7.27716485260241,3.21006887874991,12.0966752918665
1,"Deaths",1802,"Nantucket County",25019,516,"Interstitial lung disease and pulmonary sarcoidosis",1,"Male",27,"Age-standardized",2012,"Rate",7.33658439542643,3.31101603921325,12.362623545043
1,"Deaths",1802,"Nantucket County",25019,516,"Interstitial lung disease and pulmonary sarcoidosis",1,"Male",27,"Age-standardized",2013,"Rate",7.47425984496233,3.32512746907199,12.7170449185899
1,"Deaths",1802,"Nantucket County",25019,516,"Interstitial lung disease and pulmonary sarcoidosis",1,"Male",27,"Age-standardized",2014,"Rate",7.59356355118287,3.33128593659827,12.9897229194952
1,"Deaths",1802,"Nantucket County",25019,516,"Interstitial lung disease and pulmonary sarcoidosis",2,"Female",27,"Age-standardized",1980,"Rate",2.30224268204139,1.08051128986843,4.38732381712602
1,"Deaths",1802,"Nantucket County",25019,516,"Interstitial lung disease and pulmonary sarcoidosis",2,"Female",27,"Age-standardized",1981,"Rate",2.32970575102197,1.1185080438389,4.6029882475152
1,"Deaths",1802,"Nantucket County",25019,516,"Interstitial lung disease and pulmonary sarcoidosis",2,"Female",27,"Age-standardized",1982,"Rate",2.35213107427667,1.16587020323114,4.46645510126469
1,"Deaths",1802,"Nantucket County",25019,516,"Interstitial lung disease and pulmonary sarcoidosis",2,"Female",27,"Age-standardized",1983,"Rate",2.42426858880789,1.19326456787051,4.55172014585022
1,"Deaths",1802,"Nantucket County",25019,516,"Interstitial lung disease and pulmonary sarcoidosis",2,"Female",27,"Age-standardized",1984,"Rate",2.49795926585591,1.21353049586963,4.6495128876566
1,"Deaths",1802,"Nantucket County",25019,516,"Interstitial lung disease and pulmonary sarcoidosis",2,"Female",27,"Age-standardized",1985,"Rate",2.59562722266406,1.34754116286597,4.64987806920273
1,"Deaths",1802,"Nantucket County",25019,516,"Interstitial lung disease and pulmonary sarcoidosis",2,"Female",27,"Age-standardized",1986,"Rate",2.65328672348878,1.36878147047462,4.68981481603474
1,"Deaths",1802,"Nantucket County",25019,516,"Interstitial lung disease and pulmonary sarcoidosis",2,"Female",27,"Age-standardized",1987,"Rate",2.72921392699662,1.39891661397729,4.82687076715722
1,"Deaths",1802,"Nantucket County",25019,516,"Interstitial lung disease and pulmonary sarcoidosis",2,"Female",27,"Age-standardized",1988,"Rate",2.82900916638288,1.46426689586005,4.83109562518647
1,"Deaths",1802,"Nantucket County",25019,516,"Interstitial lung disease and pulmonary sarcoidosis",2,"Female",27,"Age-standardized",1989,"Rate",2.87877945446892,1.52568399348603,4.82760653845031
1,"Deaths",1802,"Nantucket County",25019,516,"Interstitial lung disease and pulmonary sarcoidosis",2,"Female",27,"Age-standardized",1990,"Rate",2.86176998282814,1.51111326694229,4.70401033030698
1,"Deaths",1802,"Nantucket County",25019,516,"Interstitial lung disease and pulmonary sarcoidosis",2,"Female",27,"Age-standardized",1991,"Rate",3.00673345427776,1.57002737796893,4.87842762778397
1,"Deaths",1802,"Nantucket County",25019,516,"Interstitial lung disease and pulmonary sarcoidosis",2,"Female",27,"Age-standardized",1992,"Rate",3.11773595374814,1.60969448503225,5.04068632872577
1,"Deaths",1802,"Nantucket County",25019,516,"Interstitial lung disease and pulmonary sarcoidosis",2,"Female",27,"Age-standardized",1993,"Rate",3.30030325979272,1.74763767968536,5.2096120002104
1,"Deaths",1802,"Nantucket County",25019,516,"Interstitial lung disease and pulmonary sarcoidosis",2,"Female",27,"Age-standardized",1994,"Rate",3.45425333194616,1.80015127866429,5.52070751980584
1,"Deaths",1802,"Nantucket County",25019,516,"Interstitial lung disease and pulmonary sarcoidosis",2,"Female",27,"Age-standardized",1995,"Rate",3.68778547039126,1.92300003558236,5.91255405713225
1,"Deaths",1802,"Nantucket County",25019,516,"Interstitial lung disease and pulmonary sarcoidosis",2,"Female",27,"Age-standardized",1996,"Rate",3.84528369446435,1.95813307136952,6.18086438841528
1,"Deaths",1802,"Nantucket County",25019,516,"Interstitial lung disease and pulmonary sarcoidosis",2,"Female",27,"Age-standardized",1997,"Rate",4.08866062449775,2.14114298556761,6.60082451755098
1,"Deaths",1802,"Nantucket County",25019,516,"Interstitial lung disease and pulmonary sarcoidosis",2,"Female",27,"Age-standardized",1998,"Rate",4.3348791194468,2.20725015256667,7.00618319087782
1,"Deaths",1802,"Nantucket County",25019,516,"Interstitial lung disease and pulmonary sarcoidosis",2,"Female",27,"Age-standardized",1999,"Rate",4.70392297473995,2.37874698940954,7.63971092047519
1,"Deaths",1802,"Nantucket County",25019,516,"Interstitial lung disease and pulmonary sarcoidosis",2,"Female",27,"Age-standardized",2000,"Rate",5.00643005044374,2.4582299943909,7.89646349292215
1,"Deaths",1802,"Nantucket County",25019,516,"Interstitial lung disease and pulmonary sarcoidosis",2,"Female",27,"Age-standardized",2001,"Rate",5.14008536361614,2.478157979924,8.3298823198013
1,"Deaths",1802,"Nantucket County",25019,516,"Interstitial lung disease and pulmonary sarcoidosis",2,"Female",27,"Age-standardized",2002,"Rate",5.20057108440948,2.53627138322193,8.5771572811978
1,"Deaths",1802,"Nantucket County",25019,516,"Interstitial lung disease and pulmonary sarcoidosis",2,"Female",27,"Age-standardized",2003,"Rate",5.45676597163706,2.53550042423092,9.00274822150379
1,"Deaths",1802,"Nantucket County",25019,516,"Interstitial lung disease and pulmonary sarcoidosis",2,"Female",27,"Age-standardized",2004,"Rate",5.43897001928651,2.58695940856231,9.05618633745612
1,"Deaths",1802,"Nantucket County",25019,516,"Interstitial lung disease and pulmonary sarcoidosis",2,"Female",27,"Age-standardized",2005,"Rate",5.4590970138797,2.49799229085047,9.11963873585086
1,"Deaths",1802,"Nantucket County",25019,516,"Interstitial lung disease and pulmonary sarcoidosis",2,"Female",27,"Age-standardized",2006,"Rate",5.52764976961823,2.56921969176689,9.28083278974461
1,"Deaths",1802,"Nantucket County",25019,516,"Interstitial lung disease and pulmonary sarcoidosis",2,"Female",27,"Age-standardized",2007,"Rate",5.42100795973738,2.51838662696926,9.20826379451346
1,"Deaths",1802,"Nantucket County",25019,516,"Interstitial lung disease and pulmonary sarcoidosis",2,"Female",27,"Age-standardized",2008,"Rate",5.46086026205729,2.54050643980277,9.06365288439642
1,"Deaths",1802,"Nantucket County",25019,516,"Interstitial lung disease and pulmonary sarcoidosis",2,"Female",27,"Age-standardized",2009,"Rate",5.66896213740715,2.49959061285118,9.42762163647262
1,"Deaths",1802,"Nantucket County",25019,516,"Interstitial lung disease and pulmonary sarcoidosis",2,"Female",27,"Age-standardized",2010,"Rate",5.90603150921578,2.69294224588347,9.83651729097162
1,"Deaths",1802,"Nantucket County",25019,516,"Interstitial lung disease and pulmonary sarcoidosis",2,"Female",27,"Age-standardized",2011,"Rate",6.10222531162728,2.76437313393688,10.2761614874397
1,"Deaths",1802,"Nantucket County",25019,516,"Interstitial lung disease and pulmonary sarcoidosis",2,"Female",27,"Age-standardized",2012,"Rate",6.17229627386448,2.82369150363549,10.6576218937916
1,"Deaths",1802,"Nantucket County",25019,516,"Interstitial lung disease and pulmonary sarcoidosis",2,"Female",27,"Age-standardized",2013,"Rate",6.19332235802172,2.78183176776151,10.2392287685282
1,"Deaths",1802,"Nantucket County",25019,516,"Interstitial lung disease and pulmonary sarcoidosis",2,"Female",27,"Age-standardized",2014,"Rate",6.42030751151043,2.7884617065476,10.9654913216541
1,"Deaths",1802,"Nantucket County",25019,516,"Interstitial lung disease and pulmonary sarcoidosis",3,"Both",27,"Age-standardized",1980,"Rate",2.95841172631183,1.74454273109054,5.0936131629071
1,"Deaths",1802,"Nantucket County",25019,516,"Interstitial lung disease and pulmonary sarcoidosis",3,"Both",27,"Age-standardized",1981,"Rate",2.98912136353247,1.79625803950346,5.17776713260928
1,"Deaths",1802,"Nantucket County",25019,516,"Interstitial lung disease and pulmonary sarcoidosis",3,"Both",27,"Age-standardized",1982,"Rate",3.00481167526815,1.79048357183246,5.2125054130825
1,"Deaths",1802,"Nantucket County",25019,516,"Interstitial lung disease and pulmonary sarcoidosis",3,"Both",27,"Age-standardized",1983,"Rate",3.09766200963093,1.86747795492507,5.17956701271436
1,"Deaths",1802,"Nantucket County",25019,516,"Interstitial lung disease and pulmonary sarcoidosis",3,"Both",27,"Age-standardized",1984,"Rate",3.16376471783089,1.90785457263508,5.24376579338706
1,"Deaths",1802,"Nantucket County",25019,516,"Interstitial lung disease and pulmonary sarcoidosis",3,"Both",27,"Age-standardized",1985,"Rate",3.28476462641418,2.00720395046779,5.33119961584783
1,"Deaths",1802,"Nantucket County",25019,516,"Interstitial lung disease and pulmonary sarcoidosis",3,"Both",27,"Age-standardized",1986,"Rate",3.35957787659073,2.0656732945679,5.34808941136562
1,"Deaths",1802,"Nantucket County",25019,516,"Interstitial lung disease and pulmonary sarcoidosis",3,"Both",27,"Age-standardized",1987,"Rate",3.44474620972174,2.12396496843318,5.46001671247972
1,"Deaths",1802,"Nantucket County",25019,516,"Interstitial lung disease and pulmonary sarcoidosis",3,"Both",27,"Age-standardized",1988,"Rate",3.57078240183755,2.21551866536266,5.61781737055935
1,"Deaths",1802,"Nantucket County",25019,516,"Interstitial lung disease and pulmonary sarcoidosis",3,"Both",27,"Age-standardized",1989,"Rate",3.63428925484555,2.30829932422997,5.59266391442515
1,"Deaths",1802,"Nantucket County",25019,516,"Interstitial lung disease and pulmonary sarcoidosis",3,"Both",27,"Age-standardized",1990,"Rate",3.61552522664658,2.3232702676176,5.49435967918106
1,"Deaths",1802,"Nantucket County",25019,516,"Interstitial lung disease and pulmonary sarcoidosis",3,"Both",27,"Age-standardized",1991,"Rate",3.73647797547083,2.36265700453705,5.54491646868321
1,"Deaths",1802,"Nantucket County",25019,516,"Interstitial lung disease and pulmonary sarcoidosis",3,"Both",27,"Age-standardized",1992,"Rate",3.84561956879415,2.42591071104947,5.57233126448569
1,"Deaths",1802,"Nantucket County",25019,516,"Interstitial lung disease and pulmonary sarcoidosis",3,"Both",27,"Age-standardized",1993,"Rate",4.02203798635193,2.54544369507937,5.85823934765976
1,"Deaths",1802,"Nantucket County",25019,516,"Interstitial lung disease and pulmonary sarcoidosis",3,"Both",27,"Age-standardized",1994,"Rate",4.18066347079734,2.59888509015445,5.99777433302585
1,"Deaths",1802,"Nantucket County",25019,516,"Interstitial lung disease and pulmonary sarcoidosis",3,"Both",27,"Age-standardized",1995,"Rate",4.38346314505726,2.76989429102411,6.32780337488732
1,"Deaths",1802,"Nantucket County",25019,516,"Interstitial lung disease and pulmonary sarcoidosis",3,"Both",27,"Age-standardized",1996,"Rate",4.5121895374866,2.80218209863226,6.431321998733
1,"Deaths",1802,"Nantucket County",25019,516,"Interstitial lung disease and pulmonary sarcoidosis",3,"Both",27,"Age-standardized",1997,"Rate",4.72669023404821,2.97005544298338,6.6231360293712
1,"Deaths",1802,"Nantucket County",25019,516,"Interstitial lung disease and pulmonary sarcoidosis",3,"Both",27,"Age-standardized",1998,"Rate",4.93908584030383,3.08796525864749,7.03912443558279
1,"Deaths",1802,"Nantucket County",25019,516,"Interstitial lung disease and pulmonary sarcoidosis",3,"Both",27,"Age-standardized",1999,"Rate",5.29221812070566,3.16392465454889,7.67466150978487
1,"Deaths",1802,"Nantucket County",25019,516,"Interstitial lung disease and pulmonary sarcoidosis",3,"Both",27,"Age-standardized",2000,"Rate",5.59829008364696,3.37215848306455,8.23984126993633
1,"Deaths",1802,"Nantucket County",25019,516,"Interstitial lung disease and pulmonary sarcoidosis",3,"Both",27,"Age-standardized",2001,"Rate",5.76305767147021,3.43536618380459,8.31847514323158
1,"Deaths",1802,"Nantucket County",25019,516,"Interstitial lung disease and pulmonary sarcoidosis",3,"Both",27,"Age-standardized",2002,"Rate",5.86992797175876,3.45713120271634,8.47051634791917
1,"Deaths",1802,"Nantucket County",25019,516,"Interstitial lung disease and pulmonary sarcoidosis",3,"Both",27,"Age-standardized",2003,"Rate",6.14785422898929,3.55770854102321,9.04011257753758
1,"Deaths",1802,"Nantucket County",25019,516,"Interstitial lung disease and pulmonary sarcoidosis",3,"Both",27,"Age-standardized",2004,"Rate",6.06360134270222,3.51554941954704,8.88030765982509
1,"Deaths",1802,"Nantucket County",25019,516,"Interstitial lung disease and pulmonary sarcoidosis",3,"Both",27,"Age-standardized",2005,"Rate",6.07005976036104,3.50189883649483,8.91269813505791
1,"Deaths",1802,"Nantucket County",25019,516,"Interstitial lung disease and pulmonary sarcoidosis",3,"Both",27,"Age-standardized",2006,"Rate",6.06471587829,3.52193032057489,8.89399970532335
1,"Deaths",1802,"Nantucket County",25019,516,"Interstitial lung disease and pulmonary sarcoidosis",3,"Both",27,"Age-standardized",2007,"Rate",6.05613247171946,3.42805459411815,8.89282643169121
1,"Deaths",1802,"Nantucket County",25019,516,"Interstitial lung disease and pulmonary sarcoidosis",3,"Both",27,"Age-standardized",2008,"Rate",6.20425870933399,3.5615678296234,9.01841609016908
1,"Deaths",1802,"Nantucket County",25019,516,"Interstitial lung disease and pulmonary sarcoidosis",3,"Both",27,"Age-standardized",2009,"Rate",6.39625831357397,3.62114908537165,9.55014612481384
1,"Deaths",1802,"Nantucket County",25019,516,"Interstitial lung disease and pulmonary sarcoidosis",3,"Both",27,"Age-standardized",2010,"Rate",6.57197206645969,3.71909352930323,9.70508987197617
1,"Deaths",1802,"Nantucket County",25019,516,"Interstitial lung disease and pulmonary sarcoidosis",3,"Both",27,"Age-standardized",2011,"Rate",6.65170840591452,3.76375120669807,9.84836681875094
1,"Deaths",1802,"Nantucket County",25019,516,"Interstitial lung disease and pulmonary sarcoidosis",3,"Both",27,"Age-standardized",2012,"Rate",6.71646037726176,3.74003454160579,10.0916696225066
1,"Deaths",1802,"Nantucket County",25019,516,"Interstitial lung disease and pulmonary sarcoidosis",3,"Both",27,"Age-standardized",2013,"Rate",6.77949478239774,3.85474151122975,10.3554913365562
1,"Deaths",1802,"Nantucket County",25019,516,"Interstitial lung disease and pulmonary sarcoidosis",3,"Both",27,"Age-standardized",2014,"Rate",6.97833089418524,3.95191524274606,10.501699429891
1,"Deaths",1798,"Norfolk County",25021,516,"Interstitial lung disease and pulmonary sarcoidosis",1,"Male",27,"Age-standardized",1980,"Rate",3.20776191200369,2.43086382403113,5.44984678489164
1,"Deaths",1798,"Norfolk County",25021,516,"Interstitial lung disease and pulmonary sarcoidosis",1,"Male",27,"Age-standardized",1981,"Rate",3.29702801773464,2.50036969830596,5.54630059658562
1,"Deaths",1798,"Norfolk County",25021,516,"Interstitial lung disease and pulmonary sarcoidosis",1,"Male",27,"Age-standardized",1982,"Rate",3.3537852165677,2.56600103896626,5.55861874256358
1,"Deaths",1798,"Norfolk County",25021,516,"Interstitial lung disease and pulmonary sarcoidosis",1,"Male",27,"Age-standardized",1983,"Rate",3.38609395439914,2.58040047893188,5.59922124886176
1,"Deaths",1798,"Norfolk County",25021,516,"Interstitial lung disease and pulmonary sarcoidosis",1,"Male",27,"Age-standardized",1984,"Rate",3.49627547331721,2.70904245733309,5.77850225981002
1,"Deaths",1798,"Norfolk County",25021,516,"Interstitial lung disease and pulmonary sarcoidosis",1,"Male",27,"Age-standardized",1985,"Rate",3.68441289526732,2.8920614431591,5.8872060725355
1,"Deaths",1798,"Norfolk County",25021,516,"Interstitial lung disease and pulmonary sarcoidosis",1,"Male",27,"Age-standardized",1986,"Rate",3.82934140018659,3.04733062792707,6.12032126995425
1,"Deaths",1798,"Norfolk County",25021,516,"Interstitial lung disease and pulmonary sarcoidosis",1,"Male",27,"Age-standardized",1987,"Rate",3.8455303617873,3.06668842340987,6.15869995703133
1,"Deaths",1798,"Norfolk County",25021,516,"Interstitial lung disease and pulmonary sarcoidosis",1,"Male",27,"Age-standardized",1988,"Rate",3.97316855988697,3.2075849542832,6.25137766952609
1,"Deaths",1798,"Norfolk County",25021,516,"Interstitial lung disease and pulmonary sarcoidosis",1,"Male",27,"Age-standardized",1989,"Rate",4.16827975614835,3.37910692522886,6.3937887849269
1,"Deaths",1798,"Norfolk County",25021,516,"Interstitial lung disease and pulmonary sarcoidosis",1,"Male",27,"Age-standardized",1990,"Rate",4.15910448247141,3.37926525879896,6.09410020391476
1,"Deaths",1798,"Norfolk County",25021,516,"Interstitial lung disease and pulmonary sarcoidosis",1,"Male",27,"Age-standardized",1991,"Rate",4.2492960971257,3.47394187667292,6.18553548075971
1,"Deaths",1798,"Norfolk County",25021,516,"Interstitial lung disease and pulmonary sarcoidosis",1,"Male",27,"Age-standardized",1992,"Rate",4.45495679998799,3.67823209543779,6.51141993921562
1,"Deaths",1798,"Norfolk County",25021,516,"Interstitial lung disease and pulmonary sarcoidosis",1,"Male",27,"Age-standardized",1993,"Rate",4.53020754562348,3.70908481802839,6.4177435150514
1,"Deaths",1798,"Norfolk County",25021,516,"Interstitial lung disease and pulmonary sarcoidosis",1,"Male",27,"Age-standardized",1994,"Rate",4.65679036185575,3.77338145847423,6.38812269139346
1,"Deaths",1798,"Norfolk County",25021,516,"Interstitial lung disease and pulmonary sarcoidosis",1,"Male",27,"Age-standardized",1995,"Rate",4.97889835961163,4.03423044096282,6.75553056930549
1,"Deaths",1798,"Norfolk County",25021,516,"Interstitial lung disease and pulmonary sarcoidosis",1,"Male",27,"Age-standardized",1996,"Rate",5.14975831974724,4.09111675659289,6.77795483523085
1,"Deaths",1798,"Norfolk County",25021,516,"Interstitial lung disease and pulmonary sarcoidosis",1,"Male",27,"Age-standardized",1997,"Rate",5.16261959382634,4.00775855003359,6.50748934826882
1,"Deaths",1798,"Norfolk County",25021,516,"Interstitial lung disease and pulmonary sarcoidosis",1,"Male",27,"Age-standardized",1998,"Rate",5.34680177058439,4.00522548228101,6.68924034286049
1,"Deaths",1798,"Norfolk County",25021,516,"Interstitial lung disease and pulmonary sarcoidosis",1,"Male",27,"Age-standardized",1999,"Rate",5.69914905086648,4.07377934718918,6.90218093009354
1,"Deaths",1798,"Norfolk County",25021,516,"Interstitial lung disease and pulmonary sarcoidosis",1,"Male",27,"Age-standardized",2000,"Rate",6.0455483325374,4.23251750343625,7.18487675409761
1,"Deaths",1798,"Norfolk County",25021,516,"Interstitial lung disease and pulmonary sarcoidosis",1,"Male",27,"Age-standardized",2001,"Rate",6.18356921254554,4.32785515290462,7.22614080464759
1,"Deaths",1798,"Norfolk County",25021,516,"Interstitial lung disease and pulmonary sarcoidosis",1,"Male",27,"Age-standardized",2002,"Rate",6.35774051736817,4.38919450553666,7.4947722446991
1,"Deaths",1798,"Norfolk County",25021,516,"Interstitial lung disease and pulmonary sarcoidosis",1,"Male",27,"Age-standardized",2003,"Rate",6.69223104492574,4.42573485449236,7.8666009450909
1,"Deaths",1798,"Norfolk County",25021,516,"Interstitial lung disease and pulmonary sarcoidosis",1,"Male",27,"Age-standardized",2004,"Rate",6.54777166162837,4.28758618147142,7.71689346222054
1,"Deaths",1798,"Norfolk County",25021,516,"Interstitial lung disease and pulmonary sarcoidosis",1,"Male",27,"Age-standardized",2005,"Rate",6.68979548044197,4.36469827304923,7.94658684179447
1,"Deaths",1798,"Norfolk County",25021,516,"Interstitial lung disease and pulmonary sarcoidosis",1,"Male",27,"Age-standardized",2006,"Rate",6.98124367127439,4.37960433332304,8.31423577113469
1,"Deaths",1798,"Norfolk County",25021,516,"Interstitial lung disease and pulmonary sarcoidosis",1,"Male",27,"Age-standardized",2007,"Rate",7.07692017519294,4.43811973230982,8.42001567696207
1,"Deaths",1798,"Norfolk County",25021,516,"Interstitial lung disease and pulmonary sarcoidosis",1,"Male",27,"Age-standardized",2008,"Rate",7.028324400123,4.41296431581739,8.37224108045795
1,"Deaths",1798,"Norfolk County",25021,516,"Interstitial lung disease and pulmonary sarcoidosis",1,"Male",27,"Age-standardized",2009,"Rate",7.23521159342325,4.50680259428194,8.62995976586144
1,"Deaths",1798,"Norfolk County",25021,516,"Interstitial lung disease and pulmonary sarcoidosis",1,"Male",27,"Age-standardized",2010,"Rate",7.36789358451765,4.56059944707676,8.81394304927759
1,"Deaths",1798,"Norfolk County",25021,516,"Interstitial lung disease and pulmonary sarcoidosis",1,"Male",27,"Age-standardized",2011,"Rate",7.42325856908314,4.58374839270871,8.99034063424672
1,"Deaths",1798,"Norfolk County",25021,516,"Interstitial lung disease and pulmonary sarcoidosis",1,"Male",27,"Age-standardized",2012,"Rate",7.43182236950011,4.59562709346773,8.95589507454636
1,"Deaths",1798,"Norfolk County",25021,516,"Interstitial lung disease and pulmonary sarcoidosis",1,"Male",27,"Age-standardized",2013,"Rate",7.45123606367749,4.54497474389371,9.06721306462617
1,"Deaths",1798,"Norfolk County",25021,516,"Interstitial lung disease and pulmonary sarcoidosis",1,"Male",27,"Age-standardized",2014,"Rate",7.7741028166642,4.73165744351835,9.33295510010771
1,"Deaths",1798,"Norfolk County",25021,516,"Interstitial lung disease and pulmonary sarcoidosis",2,"Female",27,"Age-standardized",1980,"Rate",1.62996027989036,1.22858922358687,2.87495081535922
1,"Deaths",1798,"Norfolk County",25021,516,"Interstitial lung disease and pulmonary sarcoidosis",2,"Female",27,"Age-standardized",1981,"Rate",1.57998626048483,1.21363783254212,2.80340391922059
1,"Deaths",1798,"Norfolk County",25021,516,"Interstitial lung disease and pulmonary sarcoidosis",2,"Female",27,"Age-standardized",1982,"Rate",1.63228777866375,1.23317076753872,2.76148339075807
1,"Deaths",1798,"Norfolk County",25021,516,"Interstitial lung disease and pulmonary sarcoidosis",2,"Female",27,"Age-standardized",1983,"Rate",1.70786405461081,1.31815563854785,2.9187391675844
1,"Deaths",1798,"Norfolk County",25021,516,"Interstitial lung disease and pulmonary sarcoidosis",2,"Female",27,"Age-standardized",1984,"Rate",1.73265839006712,1.34833158747946,2.86094065987754
1,"Deaths",1798,"Norfolk County",25021,516,"Interstitial lung disease and pulmonary sarcoidosis",2,"Female",27,"Age-standardized",1985,"Rate",1.84535640178388,1.43293889305746,2.9961087814647
1,"Deaths",1798,"Norfolk County",25021,516,"Interstitial lung disease and pulmonary sarcoidosis",2,"Female",27,"Age-standardized",1986,"Rate",1.9024600842453,1.50480751561875,3.0100280855196
1,"Deaths",1798,"Norfolk County",25021,516,"Interstitial lung disease and pulmonary sarcoidosis",2,"Female",27,"Age-standardized",1987,"Rate",1.95564244952613,1.52565642866863,3.10797699144602
1,"Deaths",1798,"Norfolk County",25021,516,"Interstitial lung disease and pulmonary sarcoidosis",2,"Female",27,"Age-standardized",1988,"Rate",2.03429654036557,1.58808440776631,3.13839601636698
1,"Deaths",1798,"Norfolk County",25021,516,"Interstitial lung disease and pulmonary sarcoidosis",2,"Female",27,"Age-standardized",1989,"Rate",2.05572891938385,1.59489689860687,3.14229898455418
1,"Deaths",1798,"Norfolk County",25021,516,"Interstitial lung disease and pulmonary sarcoidosis",2,"Female",27,"Age-standardized",1990,"Rate",2.14447311490947,1.64945885902757,3.21609143191369
1,"Deaths",1798,"Norfolk County",25021,516,"Interstitial lung disease and pulmonary sarcoidosis",2,"Female",27,"Age-standardized",1991,"Rate",2.22213812458293,1.7048941861443,3.30838096288329
1,"Deaths",1798,"Norfolk County",25021,516,"Interstitial lung disease and pulmonary sarcoidosis",2,"Female",27,"Age-standardized",1992,"Rate",2.31376675666245,1.77225314480796,3.3497203610831
1,"Deaths",1798,"Norfolk County",25021,516,"Interstitial lung disease and pulmonary sarcoidosis",2,"Female",27,"Age-standardized",1993,"Rate",2.39568531298534,1.79921882923218,3.4600818436885
1,"Deaths",1798,"Norfolk County",25021,516,"Interstitial lung disease and pulmonary sarcoidosis",2,"Female",27,"Age-standardized",1994,"Rate",2.54310087925919,1.86112555744906,3.52416280704056
1,"Deaths",1798,"Norfolk County",25021,516,"Interstitial lung disease and pulmonary sarcoidosis",2,"Female",27,"Age-standardized",1995,"Rate",2.71866345145575,2.00200072575974,3.69169525296943
1,"Deaths",1798,"Norfolk County",25021,516,"Interstitial lung disease and pulmonary sarcoidosis",2,"Female",27,"Age-standardized",1996,"Rate",2.71527340901832,1.89610137078136,3.63902173101413
1,"Deaths",1798,"Norfolk County",25021,516,"Interstitial lung disease and pulmonary sarcoidosis",2,"Female",27,"Age-standardized",1997,"Rate",2.90786497544647,2.01684478115279,3.7955680677561
1,"Deaths",1798,"Norfolk County",25021,516,"Interstitial lung disease and pulmonary sarcoidosis",2,"Female",27,"Age-standardized",1998,"Rate",3.16883552177923,2.16154326652479,3.89958838324907
1,"Deaths",1798,"Norfolk County",25021,516,"Interstitial lung disease and pulmonary sarcoidosis",2,"Female",27,"Age-standardized",1999,"Rate",3.30034017979138,2.13090549137637,4.16774158653218
1,"Deaths",1798,"Norfolk County",25021,516,"Interstitial lung disease and pulmonary sarcoidosis",2,"Female",27,"Age-standardized",2000,"Rate",3.59792518442974,2.23552107640145,4.39306828060273
1,"Deaths",1798,"Norfolk County",25021,516,"Interstitial lung disease and pulmonary sarcoidosis",2,"Female",27,"Age-standardized",2001,"Rate",3.62862521085024,2.19761295507943,4.38591095074411
1,"Deaths",1798,"Norfolk County",25021,516,"Interstitial lung disease and pulmonary sarcoidosis",2,"Female",27,"Age-standardized",2002,"Rate",3.79393563970419,2.32565392857468,4.58009412630886
1,"Deaths",1798,"Norfolk County",25021,516,"Interstitial lung disease and pulmonary sarcoidosis",2,"Female",27,"Age-standardized",2003,"Rate",3.80130356475925,2.27160439108676,4.58853786000453
1,"Deaths",1798,"Norfolk County",25021,516,"Interstitial lung disease and pulmonary sarcoidosis",2,"Female",27,"Age-standardized",2004,"Rate",3.96132269956184,2.26894782897077,4.79603778117226
1,"Deaths",1798,"Norfolk County",25021,516,"Interstitial lung disease and pulmonary sarcoidosis",2,"Female",27,"Age-standardized",2005,"Rate",3.86410310455053,2.25993428337316,4.6942735791071
1,"Deaths",1798,"Norfolk County",25021,516,"Interstitial lung disease and pulmonary sarcoidosis",2,"Female",27,"Age-standardized",2006,"Rate",4.17185710715301,2.45009566000898,5.02818704649014
1,"Deaths",1798,"Norfolk County",25021,516,"Interstitial lung disease and pulmonary sarcoidosis",2,"Female",27,"Age-standardized",2007,"Rate",4.0784448863083,2.31349349169633,4.94011724835666
1,"Deaths",1798,"Norfolk County",25021,516,"Interstitial lung disease and pulmonary sarcoidosis",2,"Female",27,"Age-standardized",2008,"Rate",4.02852509691217,2.3001389588417,4.91900796159631
1,"Deaths",1798,"Norfolk County",25021,516,"Interstitial lung disease and pulmonary sarcoidosis",2,"Female",27,"Age-standardized",2009,"Rate",4.17504846572492,2.38175980170184,5.10856224126685
1,"Deaths",1798,"Norfolk County",25021,516,"Interstitial lung disease and pulmonary sarcoidosis",2,"Female",27,"Age-standardized",2010,"Rate",4.19578637943997,2.42879536206792,5.10479554254977
1,"Deaths",1798,"Norfolk County",25021,516,"Interstitial lung disease and pulmonary sarcoidosis",2,"Female",27,"Age-standardized",2011,"Rate",4.3803058216961,2.5113343525627,5.34747735891167
1,"Deaths",1798,"Norfolk County",25021,516,"Interstitial lung disease and pulmonary sarcoidosis",2,"Female",27,"Age-standardized",2012,"Rate",4.36274608524591,2.44671225551453,5.34350568555831
1,"Deaths",1798,"Norfolk County",25021,516,"Interstitial lung disease and pulmonary sarcoidosis",2,"Female",27,"Age-standardized",2013,"Rate",4.29635609824173,2.41206770624693,5.31292618781212
1,"Deaths",1798,"Norfolk County",25021,516,"Interstitial lung disease and pulmonary sarcoidosis",2,"Female",27,"Age-standardized",2014,"Rate",4.50531507458583,2.62326784479602,5.57806213901047
1,"Deaths",1798,"Norfolk County",25021,516,"Interstitial lung disease and pulmonary sarcoidosis",3,"Both",27,"Age-standardized",1980,"Rate",2.17782376704712,1.74151158304745,3.44149422311719
1,"Deaths",1798,"Norfolk County",25021,516,"Interstitial lung disease and pulmonary sarcoidosis",3,"Both",27,"Age-standardized",1981,"Rate",2.17430881514036,1.74037526865519,3.37584541878169
1,"Deaths",1798,"Norfolk County",25021,516,"Interstitial lung disease and pulmonary sarcoidosis",3,"Both",27,"Age-standardized",1982,"Rate",2.22958553091433,1.80233516721482,3.44364193395614
1,"Deaths",1798,"Norfolk County",25021,516,"Interstitial lung disease and pulmonary sarcoidosis",3,"Both",27,"Age-standardized",1983,"Rate",2.29139927933602,1.85473929570294,3.45844100799729
1,"Deaths",1798,"Norfolk County",25021,516,"Interstitial lung disease and pulmonary sarcoidosis",3,"Both",27,"Age-standardized",1984,"Rate",2.34620866437252,1.91979981351175,3.53251024218905
1,"Deaths",1798,"Norfolk County",25021,516,"Interstitial lung disease and pulmonary sarcoidosis",3,"Both",27,"Age-standardized",1985,"Rate",2.48665009365799,2.05067135697284,3.68423764234155
1,"Deaths",1798,"Norfolk County",25021,516,"Interstitial lung disease and pulmonary sarcoidosis",3,"Both",27,"Age-standardized",1986,"Rate",2.58051192464271,2.15099449038572,3.76377415987319
1,"Deaths",1798,"Norfolk County",25021,516,"Interstitial lung disease and pulmonary sarcoidosis",3,"Both",27,"Age-standardized",1987,"Rate",2.62197313927278,2.19867067267577,3.75211224313308
1,"Deaths",1798,"Norfolk County",25021,516,"Interstitial lung disease and pulmonary sarcoidosis",3,"Both",27,"Age-standardized",1988,"Rate",2.72322185055095,2.30664001328685,3.8643824970922
1,"Deaths",1798,"Norfolk County",25021,516,"Interstitial lung disease and pulmonary sarcoidosis",3,"Both",27,"Age-standardized",1989,"Rate",2.80896886987998,2.38822337804757,3.89087622713094
1,"Deaths",1798,"Norfolk County",25021,516,"Interstitial lung disease and pulmonary sarcoidosis",3,"Both",27,"Age-standardized",1990,"Rate",2.86311064443417,2.44712765891583,3.91767166932048
1,"Deaths",1798,"Norfolk County",25021,516,"Interstitial lung disease and pulmonary sarcoidosis",3,"Both",27,"Age-standardized",1991,"Rate",2.95019009345858,2.53393362785462,3.96420122715506
1,"Deaths",1798,"Norfolk County",25021,516,"Interstitial lung disease and pulmonary sarcoidosis",3,"Both",27,"Age-standardized",1992,"Rate",3.08621303588142,2.63241139433597,4.0771227598943
1,"Deaths",1798,"Norfolk County",25021,516,"Interstitial lung disease and pulmonary sarcoidosis",3,"Both",27,"Age-standardized",1993,"Rate",3.17408677198372,2.69272808844201,4.13394554267355
1,"Deaths",1798,"Norfolk County",25021,516,"Interstitial lung disease and pulmonary sarcoidosis",3,"Both",27,"Age-standardized",1994,"Rate",3.31285669297105,2.78136915315023,4.2292978306942
1,"Deaths",1798,"Norfolk County",25021,516,"Interstitial lung disease and pulmonary sarcoidosis",3,"Both",27,"Age-standardized",1995,"Rate",3.54733868677354,2.94484365268623,4.45268880083757
1,"Deaths",1798,"Norfolk County",25021,516,"Interstitial lung disease and pulmonary sarcoidosis",3,"Both",27,"Age-standardized",1996,"Rate",3.61478700089333,2.94168009611714,4.39775973598391
1,"Deaths",1798,"Norfolk County",25021,516,"Interstitial lung disease and pulmonary sarcoidosis",3,"Both",27,"Age-standardized",1997,"Rate",3.73726162085492,2.9245298584327,4.44062969916419
1,"Deaths",1798,"Norfolk County",25021,516,"Interstitial lung disease and pulmonary sarcoidosis",3,"Both",27,"Age-standardized",1998,"Rate",3.97500925227682,2.99264895803031,4.64855847531109
1,"Deaths",1798,"Norfolk County",25021,516,"Interstitial lung disease and pulmonary sarcoidosis",3,"Both",27,"Age-standardized",1999,"Rate",4.1946945836937,3.08197062797771,4.83813272774763
1,"Deaths",1798,"Norfolk County",25021,516,"Interstitial lung disease and pulmonary sarcoidosis",3,"Both",27,"Age-standardized",2000,"Rate",4.51763909938803,3.21010828423144,5.13108500571569
1,"Deaths",1798,"Norfolk County",25021,516,"Interstitial lung disease and pulmonary sarcoidosis",3,"Both",27,"Age-standardized",2001,"Rate",4.59516553312411,3.24941219494628,5.22226026587942
1,"Deaths",1798,"Norfolk County",25021,516,"Interstitial lung disease and pulmonary sarcoidosis",3,"Both",27,"Age-standardized",2002,"Rate",4.77387225953894,3.3386818971969,5.47262380559474
1,"Deaths",1798,"Norfolk County",25021,516,"Interstitial lung disease and pulmonary sarcoidosis",3,"Both",27,"Age-standardized",2003,"Rate",4.91985705105124,3.36982352264092,5.68253208046603
1,"Deaths",1798,"Norfolk County",25021,516,"Interstitial lung disease and pulmonary sarcoidosis",3,"Both",27,"Age-standardized",2004,"Rate",4.96230902486273,3.33949713283826,5.72360150114798
1,"Deaths",1798,"Norfolk County",25021,516,"Interstitial lung disease and pulmonary sarcoidosis",3,"Both",27,"Age-standardized",2005,"Rate",4.96551768896069,3.32018422345514,5.71088439950385
1,"Deaths",1798,"Norfolk County",25021,516,"Interstitial lung disease and pulmonary sarcoidosis",3,"Both",27,"Age-standardized",2006,"Rate",5.27008891186786,3.49392718485171,6.07184329991776
1,"Deaths",1798,"Norfolk County",25021,516,"Interstitial lung disease and pulmonary sarcoidosis",3,"Both",27,"Age-standardized",2007,"Rate",5.25724044337632,3.50582770098938,6.05422767553022
1,"Deaths",1798,"Norfolk County",25021,516,"Interstitial lung disease and pulmonary sarcoidosis",3,"Both",27,"Age-standardized",2008,"Rate",5.21814181920727,3.36022995595321,6.03785183232846
1,"Deaths",1798,"Norfolk County",25021,516,"Interstitial lung disease and pulmonary sarcoidosis",3,"Both",27,"Age-standardized",2009,"Rate",5.39518564875983,3.47494670292869,6.22504487809529
1,"Deaths",1798,"Norfolk County",25021,516,"Interstitial lung disease and pulmonary sarcoidosis",3,"Both",27,"Age-standardized",2010,"Rate",5.46480710337437,3.53399057819155,6.3768901624759
1,"Deaths",1798,"Norfolk County",25021,516,"Interstitial lung disease and pulmonary sarcoidosis",3,"Both",27,"Age-standardized",2011,"Rate",5.60106891489404,3.68692932090124,6.48607900894185
1,"Deaths",1798,"Norfolk County",25021,516,"Interstitial lung disease and pulmonary sarcoidosis",3,"Both",27,"Age-standardized",2012,"Rate",5.59618788058297,3.70476256590346,6.48211265004858
1,"Deaths",1798,"Norfolk County",25021,516,"Interstitial lung disease and pulmonary sarcoidosis",3,"Both",27,"Age-standardized",2013,"Rate",5.56649302266828,3.60816340553134,6.4419942037757
1,"Deaths",1798,"Norfolk County",25021,516,"Interstitial lung disease and pulmonary sarcoidosis",3,"Both",27,"Age-standardized",2014,"Rate",5.82490796098966,3.90169353204039,6.74954065289258
1,"Deaths",1797,"Plymouth County",25023,516,"Interstitial lung disease and pulmonary sarcoidosis",1,"Male",27,"Age-standardized",1980,"Rate",3.06751051594957,2.25029069210707,5.30565084899113
1,"Deaths",1797,"Plymouth County",25023,516,"Interstitial lung disease and pulmonary sarcoidosis",1,"Male",27,"Age-standardized",1981,"Rate",3.08158120074345,2.25202570235094,5.29553111895502
1,"Deaths",1797,"Plymouth County",25023,516,"Interstitial lung disease and pulmonary sarcoidosis",1,"Male",27,"Age-standardized",1982,"Rate",3.10545451264696,2.29640518791911,5.39399340738634
1,"Deaths",1797,"Plymouth County",25023,516,"Interstitial lung disease and pulmonary sarcoidosis",1,"Male",27,"Age-standardized",1983,"Rate",3.28496063959744,2.46073046719574,5.67570949766326
1,"Deaths",1797,"Plymouth County",25023,516,"Interstitial lung disease and pulmonary sarcoidosis",1,"Male",27,"Age-standardized",1984,"Rate",3.37225512807962,2.56165282018953,5.7347528253567
1,"Deaths",1797,"Plymouth County",25023,516,"Interstitial lung disease and pulmonary sarcoidosis",1,"Male",27,"Age-standardized",1985,"Rate",3.44018200627207,2.61803896533946,5.70159643685309
1,"Deaths",1797,"Plymouth County",25023,516,"Interstitial lung disease and pulmonary sarcoidosis",1,"Male",27,"Age-standardized",1986,"Rate",3.62784625506652,2.80799848688897,5.86558238714526
1,"Deaths",1797,"Plymouth County",25023,516,"Interstitial lung disease and pulmonary sarcoidosis",1,"Male",27,"Age-standardized",1987,"Rate",3.67519510002988,2.86069452250088,5.86705824743375
1,"Deaths",1797,"Plymouth County",25023,516,"Interstitial lung disease and pulmonary sarcoidosis",1,"Male",27,"Age-standardized",1988,"Rate",3.76922464996115,2.99280257800278,5.88524235739816
1,"Deaths",1797,"Plymouth County",25023,516,"Interstitial lung disease and pulmonary sarcoidosis",1,"Male",27,"Age-standardized",1989,"Rate",3.87107336360142,3.06096392256031,6.04212956436964
1,"Deaths",1797,"Plymouth County",25023,516,"Interstitial lung disease and pulmonary sarcoidosis",1,"Male",27,"Age-standardized",1990,"Rate",3.87322771866694,3.07434419450722,5.9287339674014
1,"Deaths",1797,"Plymouth County",25023,516,"Interstitial lung disease and pulmonary sarcoidosis",1,"Male",27,"Age-standardized",1991,"Rate",4.10504078170373,3.2781933645136,6.05968467759223
1,"Deaths",1797,"Plymouth County",25023,516,"Interstitial lung disease and pulmonary sarcoidosis",1,"Male",27,"Age-standardized",1992,"Rate",4.1938003621413,3.37155039908378,6.13453282367497
1,"Deaths",1797,"Plymouth County",25023,516,"Interstitial lung disease and pulmonary sarcoidosis",1,"Male",27,"Age-standardized",1993,"Rate",4.35572736921356,3.46702332723399,6.24099334946886
1,"Deaths",1797,"Plymouth County",25023,516,"Interstitial lung disease and pulmonary sarcoidosis",1,"Male",27,"Age-standardized",1994,"Rate",4.61532036676465,3.67525092300742,6.54159977252149
1,"Deaths",1797,"Plymouth County",25023,516,"Interstitial lung disease and pulmonary sarcoidosis",1,"Male",27,"Age-standardized",1995,"Rate",4.69592351979345,3.71650143129507,6.4618370307262
1,"Deaths",1797,"Plymouth County",25023,516,"Interstitial lung disease and pulmonary sarcoidosis",1,"Male",27,"Age-standardized",1996,"Rate",4.96921288369642,3.88766716255939,6.61595117091598
1,"Deaths",1797,"Plymouth County",25023,516,"Interstitial lung disease and pulmonary sarcoidosis",1,"Male",27,"Age-standardized",1997,"Rate",5.08965730459698,3.877151538271,6.64823642625132
1,"Deaths",1797,"Plymouth County",25023,516,"Interstitial lung disease and pulmonary sarcoidosis",1,"Male",27,"Age-standardized",1998,"Rate",5.39366455957555,4.0282276065908,6.7207645934952
1,"Deaths",1797,"Plymouth County",25023,516,"Interstitial lung disease and pulmonary sarcoidosis",1,"Male",27,"Age-standardized",1999,"Rate",5.55725879060145,3.9325007396178,6.89484054819909
1,"Deaths",1797,"Plymouth County",25023,516,"Interstitial lung disease and pulmonary sarcoidosis",1,"Male",27,"Age-standardized",2000,"Rate",5.82749152746042,3.99250768459857,7.05234818247383
1,"Deaths",1797,"Plymouth County",25023,516,"Interstitial lung disease and pulmonary sarcoidosis",1,"Male",27,"Age-standardized",2001,"Rate",6.23808178978919,4.26373538924452,7.45360339869185
1,"Deaths",1797,"Plymouth County",25023,516,"Interstitial lung disease and pulmonary sarcoidosis",1,"Male",27,"Age-standardized",2002,"Rate",6.26934011496844,4.17849092859876,7.60575789272626
1,"Deaths",1797,"Plymouth County",25023,516,"Interstitial lung disease and pulmonary sarcoidosis",1,"Male",27,"Age-standardized",2003,"Rate",6.45868014518847,4.25813413850631,7.78249022414754
1,"Deaths",1797,"Plymouth County",25023,516,"Interstitial lung disease and pulmonary sarcoidosis",1,"Male",27,"Age-standardized",2004,"Rate",6.70277201848112,4.33645306228609,8.11522969840314
1,"Deaths",1797,"Plymouth County",25023,516,"Interstitial lung disease and pulmonary sarcoidosis",1,"Male",27,"Age-standardized",2005,"Rate",6.68935350898976,4.20147884569937,8.08459698496178
1,"Deaths",1797,"Plymouth County",25023,516,"Interstitial lung disease and pulmonary sarcoidosis",1,"Male",27,"Age-standardized",2006,"Rate",6.92693272676212,4.27509081648954,8.3958777681371
1,"Deaths",1797,"Plymouth County",25023,516,"Interstitial lung disease and pulmonary sarcoidosis",1,"Male",27,"Age-standardized",2007,"Rate",6.77023462322027,4.15303047577457,8.22109355714358
1,"Deaths",1797,"Plymouth County",25023,516,"Interstitial lung disease and pulmonary sarcoidosis",1,"Male",27,"Age-standardized",2008,"Rate",6.94251986169999,4.24007807294903,8.50812582194104
1,"Deaths",1797,"Plymouth County",25023,516,"Interstitial lung disease and pulmonary sarcoidosis",1,"Male",27,"Age-standardized",2009,"Rate",6.9361228064083,4.13499030391454,8.44830552680139
1,"Deaths",1797,"Plymouth County",25023,516,"Interstitial lung disease and pulmonary sarcoidosis",1,"Male",27,"Age-standardized",2010,"Rate",7.20706806826473,4.32374800881422,8.73197167957751
1,"Deaths",1797,"Plymouth County",25023,516,"Interstitial lung disease and pulmonary sarcoidosis",1,"Male",27,"Age-standardized",2011,"Rate",7.41725597621548,4.45559925272322,9.01928732755336
1,"Deaths",1797,"Plymouth County",25023,516,"Interstitial lung disease and pulmonary sarcoidosis",1,"Male",27,"Age-standardized",2012,"Rate",6.87962180384864,4.08064101755218,8.37258477955383
1,"Deaths",1797,"Plymouth County",25023,516,"Interstitial lung disease and pulmonary sarcoidosis",1,"Male",27,"Age-standardized",2013,"Rate",7.38734534790155,4.4616661907547,9.08198777312906
1,"Deaths",1797,"Plymouth County",25023,516,"Interstitial lung disease and pulmonary sarcoidosis",1,"Male",27,"Age-standardized",2014,"Rate",7.68899719803822,4.6386465066774,9.57162071984798
1,"Deaths",1797,"Plymouth County",25023,516,"Interstitial lung disease and pulmonary sarcoidosis",2,"Female",27,"Age-standardized",1980,"Rate",1.49029606783266,1.09004384359279,2.672943428701
1,"Deaths",1797,"Plymouth County",25023,516,"Interstitial lung disease and pulmonary sarcoidosis",2,"Female",27,"Age-standardized",1981,"Rate",1.51181841970043,1.13625677389213,2.64489498112345
1,"Deaths",1797,"Plymouth County",25023,516,"Interstitial lung disease and pulmonary sarcoidosis",2,"Female",27,"Age-standardized",1982,"Rate",1.52426037735726,1.15140783210053,2.66782802966027
1,"Deaths",1797,"Plymouth County",25023,516,"Interstitial lung disease and pulmonary sarcoidosis",2,"Female",27,"Age-standardized",1983,"Rate",1.61077320752961,1.20037888254448,2.76511046628128
1,"Deaths",1797,"Plymouth County",25023,516,"Interstitial lung disease and pulmonary sarcoidosis",2,"Female",27,"Age-standardized",1984,"Rate",1.65915553366958,1.25620192140706,2.78187517064543
1,"Deaths",1797,"Plymouth County",25023,516,"Interstitial lung disease and pulmonary sarcoidosis",2,"Female",27,"Age-standardized",1985,"Rate",1.72221027165885,1.3259030147217,2.84353443619738
1,"Deaths",1797,"Plymouth County",25023,516,"Interstitial lung disease and pulmonary sarcoidosis",2,"Female",27,"Age-standardized",1986,"Rate",1.82723178131241,1.41140457850571,2.90343973331591
1,"Deaths",1797,"Plymouth County",25023,516,"Interstitial lung disease and pulmonary sarcoidosis",2,"Female",27,"Age-standardized",1987,"Rate",1.89937235698437,1.43310788303168,2.99261869536225
1,"Deaths",1797,"Plymouth County",25023,516,"Interstitial lung disease and pulmonary sarcoidosis",2,"Female",27,"Age-standardized",1988,"Rate",1.96677798352739,1.5326414955036,3.01808121095452
1,"Deaths",1797,"Plymouth County",25023,516,"Interstitial lung disease and pulmonary sarcoidosis",2,"Female",27,"Age-standardized",1989,"Rate",1.99627824445007,1.5491909277933,3.08584018513998
1,"Deaths",1797,"Plymouth County",25023,516,"Interstitial lung disease and pulmonary sarcoidosis",2,"Female",27,"Age-standardized",1990,"Rate",2.01174165965472,1.56363814056859,3.08119604536402
1,"Deaths",1797,"Plymouth County",25023,516,"Interstitial lung disease and pulmonary sarcoidosis",2,"Female",27,"Age-standardized",1991,"Rate",2.12667906914085,1.6475616237838,3.11422842117689
1,"Deaths",1797,"Plymouth County",25023,516,"Interstitial lung disease and pulmonary sarcoidosis",2,"Female",27,"Age-standardized",1992,"Rate",2.21638907300963,1.6562447223671,3.21063096399904
1,"Deaths",1797,"Plymouth County",25023,516,"Interstitial lung disease and pulmonary sarcoidosis",2,"Female",27,"Age-standardized",1993,"Rate",2.36826758717874,1.77655108965651,3.33047814180236
1,"Deaths",1797,"Plymouth County",25023,516,"Interstitial lung disease and pulmonary sarcoidosis",2,"Female",27,"Age-standardized",1994,"Rate",2.45090600686156,1.83553967856441,3.41950410363641
1,"Deaths",1797,"Plymouth County",25023,516,"Interstitial lung disease and pulmonary sarcoidosis",2,"Female",27,"Age-standardized",1995,"Rate",2.56952897623541,1.85050829446288,3.5274254779871
1,"Deaths",1797,"Plymouth County",25023,516,"Interstitial lung disease and pulmonary sarcoidosis",2,"Female",27,"Age-standardized",1996,"Rate",2.72158175235086,1.94623249158813,3.7306019924515
1,"Deaths",1797,"Plymouth County",25023,516,"Interstitial lung disease and pulmonary sarcoidosis",2,"Female",27,"Age-standardized",1997,"Rate",2.8465922543635,2.00318585345271,3.6870113813006
1,"Deaths",1797,"Plymouth County",25023,516,"Interstitial lung disease and pulmonary sarcoidosis",2,"Female",27,"Age-standardized",1998,"Rate",3.00049774322724,2.01959434198474,3.78533281767602
1,"Deaths",1797,"Plymouth County",25023,516,"Interstitial lung disease and pulmonary sarcoidosis",2,"Female",27,"Age-standardized",1999,"Rate",3.17303698848019,2.05089832301795,3.95970238594548
1,"Deaths",1797,"Plymouth County",25023,516,"Interstitial lung disease and pulmonary sarcoidosis",2,"Female",27,"Age-standardized",2000,"Rate",3.41303995420184,2.1452138156984,4.21558228715861
1,"Deaths",1797,"Plymouth County",25023,516,"Interstitial lung disease and pulmonary sarcoidosis",2,"Female",27,"Age-standardized",2001,"Rate",3.72002705383781,2.31405179747677,4.51431090781829
1,"Deaths",1797,"Plymouth County",25023,516,"Interstitial lung disease and pulmonary sarcoidosis",2,"Female",27,"Age-standardized",2002,"Rate",3.74143812782036,2.30777588672729,4.5428566650048
1,"Deaths",1797,"Plymouth County",25023,516,"Interstitial lung disease and pulmonary sarcoidosis",2,"Female",27,"Age-standardized",2003,"Rate",3.86117072647659,2.31873444775181,4.75397914141727
1,"Deaths",1797,"Plymouth County",25023,516,"Interstitial lung disease and pulmonary sarcoidosis",2,"Female",27,"Age-standardized",2004,"Rate",3.86646530967481,2.2571680048396,4.70584000156662
1,"Deaths",1797,"Plymouth County",25023,516,"Interstitial lung disease and pulmonary sarcoidosis",2,"Female",27,"Age-standardized",2005,"Rate",3.93693396662614,2.3266349549447,4.82273551999513
1,"Deaths",1797,"Plymouth County",25023,516,"Interstitial lung disease and pulmonary sarcoidosis",2,"Female",27,"Age-standardized",2006,"Rate",4.03642315628848,2.4147588926733,4.93280605768234
1,"Deaths",1797,"Plymouth County",25023,516,"Interstitial lung disease and pulmonary sarcoidosis",2,"Female",27,"Age-standardized",2007,"Rate",3.99243105867521,2.39650693885448,4.92352802879559
1,"Deaths",1797,"Plymouth County",25023,516,"Interstitial lung disease and pulmonary sarcoidosis",2,"Female",27,"Age-standardized",2008,"Rate",4.0619222191643,2.37614133097686,5.02191149286807
1,"Deaths",1797,"Plymouth County",25023,516,"Interstitial lung disease and pulmonary sarcoidosis",2,"Female",27,"Age-standardized",2009,"Rate",4.18707731813308,2.38676838983451,5.14459836133881
1,"Deaths",1797,"Plymouth County",25023,516,"Interstitial lung disease and pulmonary sarcoidosis",2,"Female",27,"Age-standardized",2010,"Rate",4.16348046427431,2.38638902992,5.1847511413885
1,"Deaths",1797,"Plymouth County",25023,516,"Interstitial lung disease and pulmonary sarcoidosis",2,"Female",27,"Age-standardized",2011,"Rate",4.29630585032329,2.49719931349676,5.29262692611725
1,"Deaths",1797,"Plymouth County",25023,516,"Interstitial lung disease and pulmonary sarcoidosis",2,"Female",27,"Age-standardized",2012,"Rate",4.30435587824148,2.50578162513845,5.3143941779566
1,"Deaths",1797,"Plymouth County",25023,516,"Interstitial lung disease and pulmonary sarcoidosis",2,"Female",27,"Age-standardized",2013,"Rate",4.39119513416994,2.49439530456551,5.46155401612065
1,"Deaths",1797,"Plymouth County",25023,516,"Interstitial lung disease and pulmonary sarcoidosis",2,"Female",27,"Age-standardized",2014,"Rate",4.51020284048297,2.59467749595291,5.72217023598937
1,"Deaths",1797,"Plymouth County",25023,516,"Interstitial lung disease and pulmonary sarcoidosis",3,"Both",27,"Age-standardized",1980,"Rate",2.06456270281936,1.5955646423865,3.31380510400409
1,"Deaths",1797,"Plymouth County",25023,516,"Interstitial lung disease and pulmonary sarcoidosis",3,"Both",27,"Age-standardized",1981,"Rate",2.0804281405073,1.63874134142107,3.33591917778038
1,"Deaths",1797,"Plymouth County",25023,516,"Interstitial lung disease and pulmonary sarcoidosis",3,"Both",27,"Age-standardized",1982,"Rate",2.09927688091116,1.66852491994802,3.29334419716903
1,"Deaths",1797,"Plymouth County",25023,516,"Interstitial lung disease and pulmonary sarcoidosis",3,"Both",27,"Age-standardized",1983,"Rate",2.21832611923562,1.76866596577261,3.42569548055388
1,"Deaths",1797,"Plymouth County",25023,516,"Interstitial lung disease and pulmonary sarcoidosis",3,"Both",27,"Age-standardized",1984,"Rate",2.28254570385282,1.82851018530714,3.49332188624853
1,"Deaths",1797,"Plymouth County",25023,516,"Interstitial lung disease and pulmonary sarcoidosis",3,"Both",27,"Age-standardized",1985,"Rate",2.35006859756793,1.90518751982024,3.50674806975821
1,"Deaths",1797,"Plymouth County",25023,516,"Interstitial lung disease and pulmonary sarcoidosis",3,"Both",27,"Age-standardized",1986,"Rate",2.48832942943561,2.01621333388622,3.65469195328426
1,"Deaths",1797,"Plymouth County",25023,516,"Interstitial lung disease and pulmonary sarcoidosis",3,"Both",27,"Age-standardized",1987,"Rate",2.55473197421948,2.09778694603945,3.69879941831173
1,"Deaths",1797,"Plymouth County",25023,516,"Interstitial lung disease and pulmonary sarcoidosis",3,"Both",27,"Age-standardized",1988,"Rate",2.63347586612728,2.18894829078107,3.85661443667523
1,"Deaths",1797,"Plymouth County",25023,516,"Interstitial lung disease and pulmonary sarcoidosis",3,"Both",27,"Age-standardized",1989,"Rate",2.69616050790277,2.2573513153664,3.89740824166939
1,"Deaths",1797,"Plymouth County",25023,516,"Interstitial lung disease and pulmonary sarcoidosis",3,"Both",27,"Age-standardized",1990,"Rate",2.70455777907009,2.2626377900628,3.73369065157814
1,"Deaths",1797,"Plymouth County",25023,516,"Interstitial lung disease and pulmonary sarcoidosis",3,"Both",27,"Age-standardized",1991,"Rate",2.86721744810742,2.39116414564303,3.89202977506906
1,"Deaths",1797,"Plymouth County",25023,516,"Interstitial lung disease and pulmonary sarcoidosis",3,"Both",27,"Age-standardized",1992,"Rate",2.95822670284584,2.48759186246309,4.02523291635237
1,"Deaths",1797,"Plymouth County",25023,516,"Interstitial lung disease and pulmonary sarcoidosis",3,"Both",27,"Age-standardized",1993,"Rate",3.11878725568846,2.59564442670919,4.12586754020592
1,"Deaths",1797,"Plymouth County",25023,516,"Interstitial lung disease and pulmonary sarcoidosis",3,"Both",27,"Age-standardized",1994,"Rate",3.269562405931,2.74720997549709,4.20779361025724
1,"Deaths",1797,"Plymouth County",25023,516,"Interstitial lung disease and pulmonary sarcoidosis",3,"Both",27,"Age-standardized",1995,"Rate",3.37813428961076,2.78387093025996,4.26430213530827
1,"Deaths",1797,"Plymouth County",25023,516,"Interstitial lung disease and pulmonary sarcoidosis",3,"Both",27,"Age-standardized",1996,"Rate",3.57921513129986,2.89341857207297,4.46903641624128
1,"Deaths",1797,"Plymouth County",25023,516,"Interstitial lung disease and pulmonary sarcoidosis",3,"Both",27,"Age-standardized",1997,"Rate",3.70261992530299,2.88006204383315,4.47833823136224
1,"Deaths",1797,"Plymouth County",25023,516,"Interstitial lung disease and pulmonary sarcoidosis",3,"Both",27,"Age-standardized",1998,"Rate",3.91733663279213,2.93316903443547,4.62408588491325
1,"Deaths",1797,"Plymouth County",25023,516,"Interstitial lung disease and pulmonary sarcoidosis",3,"Both",27,"Age-standardized",1999,"Rate",4.09124862367819,2.97035625695486,4.70853833111616
1,"Deaths",1797,"Plymouth County",25023,516,"Interstitial lung disease and pulmonary sarcoidosis",3,"Both",27,"Age-standardized",2000,"Rate",4.34792189662062,3.11260314286061,5.0186258566689
1,"Deaths",1797,"Plymouth County",25023,516,"Interstitial lung disease and pulmonary sarcoidosis",3,"Both",27,"Age-standardized",2001,"Rate",4.69883149396667,3.2831268898895,5.44388629123208
1,"Deaths",1797,"Plymouth County",25023,516,"Interstitial lung disease and pulmonary sarcoidosis",3,"Both",27,"Age-standardized",2002,"Rate",4.72606038063894,3.25073925308438,5.48134483252412
1,"Deaths",1797,"Plymouth County",25023,516,"Interstitial lung disease and pulmonary sarcoidosis",3,"Both",27,"Age-standardized",2003,"Rate",4.88486248715067,3.32282134775731,5.69228871772631
1,"Deaths",1797,"Plymouth County",25023,516,"Interstitial lung disease and pulmonary sarcoidosis",3,"Both",27,"Age-standardized",2004,"Rate",4.99132909966811,3.27783167769716,5.79330950237114
1,"Deaths",1797,"Plymouth County",25023,516,"Interstitial lung disease and pulmonary sarcoidosis",3,"Both",27,"Age-standardized",2005,"Rate",5.03063904019245,3.30199054190042,5.9045857048406
1,"Deaths",1797,"Plymouth County",25023,516,"Interstitial lung disease and pulmonary sarcoidosis",3,"Both",27,"Age-standardized",2006,"Rate",5.18949442542798,3.37317279125538,6.05565669553982
1,"Deaths",1797,"Plymouth County",25023,516,"Interstitial lung disease and pulmonary sarcoidosis",3,"Both",27,"Age-standardized",2007,"Rate",5.10848048842736,3.28232331856043,5.96285588256675
1,"Deaths",1797,"Plymouth County",25023,516,"Interstitial lung disease and pulmonary sarcoidosis",3,"Both",27,"Age-standardized",2008,"Rate",5.22565740963617,3.39039135045515,6.11812467265016
1,"Deaths",1797,"Plymouth County",25023,516,"Interstitial lung disease and pulmonary sarcoidosis",3,"Both",27,"Age-standardized",2009,"Rate",5.30145246850689,3.44373693803578,6.21738286937255
1,"Deaths",1797,"Plymouth County",25023,516,"Interstitial lung disease and pulmonary sarcoidosis",3,"Both",27,"Age-standardized",2010,"Rate",5.40578893018379,3.50363132942775,6.36181546550932
1,"Deaths",1797,"Plymouth County",25023,516,"Interstitial lung disease and pulmonary sarcoidosis",3,"Both",27,"Age-standardized",2011,"Rate",5.57012616031218,3.53595730244518,6.54745650919955
1,"Deaths",1797,"Plymouth County",25023,516,"Interstitial lung disease and pulmonary sarcoidosis",3,"Both",27,"Age-standardized",2012,"Rate",5.3617703729632,3.44435182171133,6.31155472389497
1,"Deaths",1797,"Plymouth County",25023,516,"Interstitial lung disease and pulmonary sarcoidosis",3,"Both",27,"Age-standardized",2013,"Rate",5.62553740235666,3.66967357225583,6.59796124384279
1,"Deaths",1797,"Plymouth County",25023,516,"Interstitial lung disease and pulmonary sarcoidosis",3,"Both",27,"Age-standardized",2014,"Rate",5.83046245157404,3.79305736034162,6.91142825705615
1,"Deaths",1795,"Suffolk County",25025,516,"Interstitial lung disease and pulmonary sarcoidosis",1,"Male",27,"Age-standardized",1980,"Rate",3.19808704524159,2.37342899924944,5.47901444911927
1,"Deaths",1795,"Suffolk County",25025,516,"Interstitial lung disease and pulmonary sarcoidosis",1,"Male",27,"Age-standardized",1981,"Rate",3.23403724491659,2.45236666297541,5.38580468506831
1,"Deaths",1795,"Suffolk County",25025,516,"Interstitial lung disease and pulmonary sarcoidosis",1,"Male",27,"Age-standardized",1982,"Rate",3.22975175342,2.42709511740751,5.53392373380644
1,"Deaths",1795,"Suffolk County",25025,516,"Interstitial lung disease and pulmonary sarcoidosis",1,"Male",27,"Age-standardized",1983,"Rate",3.37883867275296,2.55864651255866,5.5609118604664
1,"Deaths",1795,"Suffolk County",25025,516,"Interstitial lung disease and pulmonary sarcoidosis",1,"Male",27,"Age-standardized",1984,"Rate",3.46432802971416,2.66009839962167,5.77332705708491
1,"Deaths",1795,"Suffolk County",25025,516,"Interstitial lung disease and pulmonary sarcoidosis",1,"Male",27,"Age-standardized",1985,"Rate",3.54954097878696,2.77506823075048,5.83226623690778
1,"Deaths",1795,"Suffolk County",25025,516,"Interstitial lung disease and pulmonary sarcoidosis",1,"Male",27,"Age-standardized",1986,"Rate",3.72030221202022,2.9461025603354,5.93396580772613
1,"Deaths",1795,"Suffolk County",25025,516,"Interstitial lung disease and pulmonary sarcoidosis",1,"Male",27,"Age-standardized",1987,"Rate",3.82788028914356,3.018656068113,6.07521185779113
1,"Deaths",1795,"Suffolk County",25025,516,"Interstitial lung disease and pulmonary sarcoidosis",1,"Male",27,"Age-standardized",1988,"Rate",3.9642939355017,3.18002291373548,6.20835358942457
1,"Deaths",1795,"Suffolk County",25025,516,"Interstitial lung disease and pulmonary sarcoidosis",1,"Male",27,"Age-standardized",1989,"Rate",4.19936680748105,3.38171993707084,6.39939455065106
1,"Deaths",1795,"Suffolk County",25025,516,"Interstitial lung disease and pulmonary sarcoidosis",1,"Male",27,"Age-standardized",1990,"Rate",4.19238885801869,3.39849425537387,6.1809204064583
1,"Deaths",1795,"Suffolk County",25025,516,"Interstitial lung disease and pulmonary sarcoidosis",1,"Male",27,"Age-standardized",1991,"Rate",4.34873534743704,3.581615087111,6.33740488261577
1,"Deaths",1795,"Suffolk County",25025,516,"Interstitial lung disease and pulmonary sarcoidosis",1,"Male",27,"Age-standardized",1992,"Rate",4.4694688486041,3.6750324035117,6.36187355461656
1,"Deaths",1795,"Suffolk County",25025,516,"Interstitial lung disease and pulmonary sarcoidosis",1,"Male",27,"Age-standardized",1993,"Rate",4.64071377655156,3.79357301974747,6.60686217238182
1,"Deaths",1795,"Suffolk County",25025,516,"Interstitial lung disease and pulmonary sarcoidosis",1,"Male",27,"Age-standardized",1994,"Rate",4.80490966593949,3.90217773521565,6.74775883020333
1,"Deaths",1795,"Suffolk County",25025,516,"Interstitial lung disease and pulmonary sarcoidosis",1,"Male",27,"Age-standardized",1995,"Rate",4.92728103862077,3.98796098033668,6.67751315419243
1,"Deaths",1795,"Suffolk County",25025,516,"Interstitial lung disease and pulmonary sarcoidosis",1,"Male",27,"Age-standardized",1996,"Rate",5.05084890241115,4.04619739843843,6.60975523332878
1,"Deaths",1795,"Suffolk County",25025,516,"Interstitial lung disease and pulmonary sarcoidosis",1,"Male",27,"Age-standardized",1997,"Rate",5.09116533550107,3.8817364449223,6.57900796369919
1,"Deaths",1795,"Suffolk County",25025,516,"Interstitial lung disease and pulmonary sarcoidosis",1,"Male",27,"Age-standardized",1998,"Rate",5.38330634270481,4.07313045111804,6.76004232355174
1,"Deaths",1795,"Suffolk County",25025,516,"Interstitial lung disease and pulmonary sarcoidosis",1,"Male",27,"Age-standardized",1999,"Rate",5.56241737804972,3.99005256826798,6.74190320327196
1,"Deaths",1795,"Suffolk County",25025,516,"Interstitial lung disease and pulmonary sarcoidosis",1,"Male",27,"Age-standardized",2000,"Rate",5.83081840449661,4.03121530987513,6.97955605255015
1,"Deaths",1795,"Suffolk County",25025,516,"Interstitial lung disease and pulmonary sarcoidosis",1,"Male",27,"Age-standardized",2001,"Rate",6.08525791304586,4.12560084758235,7.25745319796176
1,"Deaths",1795,"Suffolk County",25025,516,"Interstitial lung disease and pulmonary sarcoidosis",1,"Male",27,"Age-standardized",2002,"Rate",6.24963181391707,4.22760866570184,7.52880722529508
1,"Deaths",1795,"Suffolk County",25025,516,"Interstitial lung disease and pulmonary sarcoidosis",1,"Male",27,"Age-standardized",2003,"Rate",6.42232480318777,4.24764432376334,7.62580958866587
1,"Deaths",1795,"Suffolk County",25025,516,"Interstitial lung disease and pulmonary sarcoidosis",1,"Male",27,"Age-standardized",2004,"Rate",6.54752221862603,4.17859611772907,7.82773415047282
1,"Deaths",1795,"Suffolk County",25025,516,"Interstitial lung disease and pulmonary sarcoidosis",1,"Male",27,"Age-standardized",2005,"Rate",6.64186805195267,4.26746091260537,7.97887455357558
1,"Deaths",1795,"Suffolk County",25025,516,"Interstitial lung disease and pulmonary sarcoidosis",1,"Male",27,"Age-standardized",2006,"Rate",6.72156458508857,4.28610569209503,8.08098197299399
1,"Deaths",1795,"Suffolk County",25025,516,"Interstitial lung disease and pulmonary sarcoidosis",1,"Male",27,"Age-standardized",2007,"Rate",6.63154211207821,4.14539088897858,7.98635301171541
1,"Deaths",1795,"Suffolk County",25025,516,"Interstitial lung disease and pulmonary sarcoidosis",1,"Male",27,"Age-standardized",2008,"Rate",6.84511243352413,4.25214351742599,8.28544215019685
1,"Deaths",1795,"Suffolk County",25025,516,"Interstitial lung disease and pulmonary sarcoidosis",1,"Male",27,"Age-standardized",2009,"Rate",6.8512086456457,4.24773359216128,8.27744357186514
1,"Deaths",1795,"Suffolk County",25025,516,"Interstitial lung disease and pulmonary sarcoidosis",1,"Male",27,"Age-standardized",2010,"Rate",6.86458257008865,4.27549536053793,8.4074974571798
1,"Deaths",1795,"Suffolk County",25025,516,"Interstitial lung disease and pulmonary sarcoidosis",1,"Male",27,"Age-standardized",2011,"Rate",6.95685535527051,4.2407935487136,8.42616141329778
1,"Deaths",1795,"Suffolk County",25025,516,"Interstitial lung disease and pulmonary sarcoidosis",1,"Male",27,"Age-standardized",2012,"Rate",6.97957107300694,4.19715898900013,8.51389509681289
1,"Deaths",1795,"Suffolk County",25025,516,"Interstitial lung disease and pulmonary sarcoidosis",1,"Male",27,"Age-standardized",2013,"Rate",6.99314843689335,4.24308900155118,8.49411353837017
1,"Deaths",1795,"Suffolk County",25025,516,"Interstitial lung disease and pulmonary sarcoidosis",1,"Male",27,"Age-standardized",2014,"Rate",7.49233945015086,4.65020697785735,9.14366735654806
1,"Deaths",1795,"Suffolk County",25025,516,"Interstitial lung disease and pulmonary sarcoidosis",2,"Female",27,"Age-standardized",1980,"Rate",1.63435496325547,1.26974534431723,2.76781263239529
1,"Deaths",1795,"Suffolk County",25025,516,"Interstitial lung disease and pulmonary sarcoidosis",2,"Female",27,"Age-standardized",1981,"Rate",1.65845362215757,1.27732762567073,2.80787045065937
1,"Deaths",1795,"Suffolk County",25025,516,"Interstitial lung disease and pulmonary sarcoidosis",2,"Female",27,"Age-standardized",1982,"Rate",1.71130775648381,1.33864472976521,2.83341671725214
1,"Deaths",1795,"Suffolk County",25025,516,"Interstitial lung disease and pulmonary sarcoidosis",2,"Female",27,"Age-standardized",1983,"Rate",1.76050131296765,1.39105299195292,2.86683347393477
1,"Deaths",1795,"Suffolk County",25025,516,"Interstitial lung disease and pulmonary sarcoidosis",2,"Female",27,"Age-standardized",1984,"Rate",1.82887263141736,1.45111106137654,2.99076182455276
1,"Deaths",1795,"Suffolk County",25025,516,"Interstitial lung disease and pulmonary sarcoidosis",2,"Female",27,"Age-standardized",1985,"Rate",1.89354689877598,1.49913979191183,3.04694059676532
1,"Deaths",1795,"Suffolk County",25025,516,"Interstitial lung disease and pulmonary sarcoidosis",2,"Female",27,"Age-standardized",1986,"Rate",1.99004401315663,1.56349641327498,3.14547620445122
1,"Deaths",1795,"Suffolk County",25025,516,"Interstitial lung disease and pulmonary sarcoidosis",2,"Female",27,"Age-standardized",1987,"Rate",2.06305327607154,1.60658097422094,3.20943178878556
1,"Deaths",1795,"Suffolk County",25025,516,"Interstitial lung disease and pulmonary sarcoidosis",2,"Female",27,"Age-standardized",1988,"Rate",2.23235150070984,1.78476644225237,3.42083301396969
1,"Deaths",1795,"Suffolk County",25025,516,"Interstitial lung disease and pulmonary sarcoidosis",2,"Female",27,"Age-standardized",1989,"Rate",2.20298554636301,1.73237956277576,3.37932624830148
1,"Deaths",1795,"Suffolk County",25025,516,"Interstitial lung disease and pulmonary sarcoidosis",2,"Female",27,"Age-standardized",1990,"Rate",2.33167226909045,1.8243360256025,3.47892733022489
1,"Deaths",1795,"Suffolk County",25025,516,"Interstitial lung disease and pulmonary sarcoidosis",2,"Female",27,"Age-standardized",1991,"Rate",2.3506847806581,1.80054014926919,3.51226763163885
1,"Deaths",1795,"Suffolk County",25025,516,"Interstitial lung disease and pulmonary sarcoidosis",2,"Female",27,"Age-standardized",1992,"Rate",2.51287643975766,1.91958286279522,3.62451200414448
1,"Deaths",1795,"Suffolk County",25025,516,"Interstitial lung disease and pulmonary sarcoidosis",2,"Female",27,"Age-standardized",1993,"Rate",2.61544228452993,1.96108178639538,3.76564501505544
1,"Deaths",1795,"Suffolk County",25025,516,"Interstitial lung disease and pulmonary sarcoidosis",2,"Female",27,"Age-standardized",1994,"Rate",2.66822320628156,1.92783876382291,3.7128040617045
1,"Deaths",1795,"Suffolk County",25025,516,"Interstitial lung disease and pulmonary sarcoidosis",2,"Female",27,"Age-standardized",1995,"Rate",2.85510584966117,2.0628844099762,3.88179026613286
1,"Deaths",1795,"Suffolk County",25025,516,"Interstitial lung disease and pulmonary sarcoidosis",2,"Female",27,"Age-standardized",1996,"Rate",2.88133084021874,2.05789636830548,3.77013272189284
1,"Deaths",1795,"Suffolk County",25025,516,"Interstitial lung disease and pulmonary sarcoidosis",2,"Female",27,"Age-standardized",1997,"Rate",3.16740025159511,2.19960872331969,4.11170564458233
1,"Deaths",1795,"Suffolk County",25025,516,"Interstitial lung disease and pulmonary sarcoidosis",2,"Female",27,"Age-standardized",1998,"Rate",3.3066326817227,2.15471989802649,4.15166999222309
1,"Deaths",1795,"Suffolk County",25025,516,"Interstitial lung disease and pulmonary sarcoidosis",2,"Female",27,"Age-standardized",1999,"Rate",3.48295032779947,2.2403766806937,4.29174772323675
1,"Deaths",1795,"Suffolk County",25025,516,"Interstitial lung disease and pulmonary sarcoidosis",2,"Female",27,"Age-standardized",2000,"Rate",3.64143189579912,2.26616476975851,4.41757390002278
1,"Deaths",1795,"Suffolk County",25025,516,"Interstitial lung disease and pulmonary sarcoidosis",2,"Female",27,"Age-standardized",2001,"Rate",3.87522936697256,2.44334811707227,4.70534701388098
1,"Deaths",1795,"Suffolk County",25025,516,"Interstitial lung disease and pulmonary sarcoidosis",2,"Female",27,"Age-standardized",2002,"Rate",3.98020729472991,2.43748782714164,4.79150794563525
1,"Deaths",1795,"Suffolk County",25025,516,"Interstitial lung disease and pulmonary sarcoidosis",2,"Female",27,"Age-standardized",2003,"Rate",4.04410919626382,2.43547732219299,4.87674225863606
1,"Deaths",1795,"Suffolk County",25025,516,"Interstitial lung disease and pulmonary sarcoidosis",2,"Female",27,"Age-standardized",2004,"Rate",4.13841739271818,2.4236207737317,5.01847933422051
1,"Deaths",1795,"Suffolk County",25025,516,"Interstitial lung disease and pulmonary sarcoidosis",2,"Female",27,"Age-standardized",2005,"Rate",4.23792703808162,2.45653155866712,5.09200786654995
1,"Deaths",1795,"Suffolk County",25025,516,"Interstitial lung disease and pulmonary sarcoidosis",2,"Female",27,"Age-standardized",2006,"Rate",4.19258591279676,2.5348483015921,5.09517320561685
1,"Deaths",1795,"Suffolk County",25025,516,"Interstitial lung disease and pulmonary sarcoidosis",2,"Female",27,"Age-standardized",2007,"Rate",4.31387122908692,2.50569227772722,5.24964777295182
1,"Deaths",1795,"Suffolk County",25025,516,"Interstitial lung disease and pulmonary sarcoidosis",2,"Female",27,"Age-standardized",2008,"Rate",4.32308656464135,2.6437055018924,5.29048356159845
1,"Deaths",1795,"Suffolk County",25025,516,"Interstitial lung disease and pulmonary sarcoidosis",2,"Female",27,"Age-standardized",2009,"Rate",4.25383634669036,2.57075550140633,5.1759986568576
1,"Deaths",1795,"Suffolk County",25025,516,"Interstitial lung disease and pulmonary sarcoidosis",2,"Female",27,"Age-standardized",2010,"Rate",4.22158584422121,2.48204587864618,5.20548383708628
1,"Deaths",1795,"Suffolk County",25025,516,"Interstitial lung disease and pulmonary sarcoidosis",2,"Female",27,"Age-standardized",2011,"Rate",4.38085100359963,2.57102508023623,5.40870693906368
1,"Deaths",1795,"Suffolk County",25025,516,"Interstitial lung disease and pulmonary sarcoidosis",2,"Female",27,"Age-standardized",2012,"Rate",4.44171160449087,2.63175358224294,5.42302135845718
1,"Deaths",1795,"Suffolk County",25025,516,"Interstitial lung disease and pulmonary sarcoidosis",2,"Female",27,"Age-standardized",2013,"Rate",4.48899092606604,2.64225255435423,5.56808749976538
1,"Deaths",1795,"Suffolk County",25025,516,"Interstitial lung disease and pulmonary sarcoidosis",2,"Female",27,"Age-standardized",2014,"Rate",4.45789628859965,2.62781978648395,5.52604279523135
1,"Deaths",1795,"Suffolk County",25025,516,"Interstitial lung disease and pulmonary sarcoidosis",3,"Both",27,"Age-standardized",1980,"Rate",2.18657360846169,1.74693345155267,3.4131501090463
1,"Deaths",1795,"Suffolk County",25025,516,"Interstitial lung disease and pulmonary sarcoidosis",3,"Both",27,"Age-standardized",1981,"Rate",2.21380785749845,1.78537620396018,3.47646936576015
1,"Deaths",1795,"Suffolk County",25025,516,"Interstitial lung disease and pulmonary sarcoidosis",3,"Both",27,"Age-standardized",1982,"Rate",2.24392350155771,1.8168880215518,3.44809349864806
1,"Deaths",1795,"Suffolk County",25025,516,"Interstitial lung disease and pulmonary sarcoidosis",3,"Both",27,"Age-standardized",1983,"Rate",2.32902517820791,1.89565872205661,3.51723477387638
1,"Deaths",1795,"Suffolk County",25025,516,"Interstitial lung disease and pulmonary sarcoidosis",3,"Both",27,"Age-standardized",1984,"Rate",2.40567747070331,1.98995924899374,3.62322661193202
1,"Deaths",1795,"Suffolk County",25025,516,"Interstitial lung disease and pulmonary sarcoidosis",3,"Both",27,"Age-standardized",1985,"Rate",2.47930125943705,2.06473618060418,3.68709046748314
1,"Deaths",1795,"Suffolk County",25025,516,"Interstitial lung disease and pulmonary sarcoidosis",3,"Both",27,"Age-standardized",1986,"Rate",2.60158849007773,2.19147269379941,3.80257844716035
1,"Deaths",1795,"Suffolk County",25025,516,"Interstitial lung disease and pulmonary sarcoidosis",3,"Both",27,"Age-standardized",1987,"Rate",2.68911436176546,2.26622251746734,3.87096120369277
1,"Deaths",1795,"Suffolk County",25025,516,"Interstitial lung disease and pulmonary sarcoidosis",3,"Both",27,"Age-standardized",1988,"Rate",2.846840596688,2.41774882201687,4.05480700518396
1,"Deaths",1795,"Suffolk County",25025,516,"Interstitial lung disease and pulmonary sarcoidosis",3,"Both",27,"Age-standardized",1989,"Rate",2.91845118165591,2.47344407229208,4.04083995695403
1,"Deaths",1795,"Suffolk County",25025,516,"Interstitial lung disease and pulmonary sarcoidosis",3,"Both",27,"Age-standardized",1990,"Rate",2.99185344752506,2.5497521266999,4.06557579007739
1,"Deaths",1795,"Suffolk County",25025,516,"Interstitial lung disease and pulmonary sarcoidosis",3,"Both",27,"Age-standardized",1991,"Rate",3.0673156620918,2.63442112799186,4.14672432397409
1,"Deaths",1795,"Suffolk County",25025,516,"Interstitial lung disease and pulmonary sarcoidosis",3,"Both",27,"Age-standardized",1992,"Rate",3.21492376263084,2.76173110591607,4.2598928470762
1,"Deaths",1795,"Suffolk County",25025,516,"Interstitial lung disease and pulmonary sarcoidosis",3,"Both",27,"Age-standardized",1993,"Rate",3.34199851430984,2.8377862460567,4.29718276603247
1,"Deaths",1795,"Suffolk County",25025,516,"Interstitial lung disease and pulmonary sarcoidosis",3,"Both",27,"Age-standardized",1994,"Rate",3.44204814828608,2.9023579064501,4.41801557271862
1,"Deaths",1795,"Suffolk County",25025,516,"Interstitial lung disease and pulmonary sarcoidosis",3,"Both",27,"Age-standardized",1995,"Rate",3.60947908866801,2.98335450572975,4.52668485679902
1,"Deaths",1795,"Suffolk County",25025,516,"Interstitial lung disease and pulmonary sarcoidosis",3,"Both",27,"Age-standardized",1996,"Rate",3.67469593361124,2.89644513071474,4.51942897498396
1,"Deaths",1795,"Suffolk County",25025,516,"Interstitial lung disease and pulmonary sarcoidosis",3,"Both",27,"Age-standardized",1997,"Rate",3.87064743189718,3.05180666083018,4.66160073868512
1,"Deaths",1795,"Suffolk County",25025,516,"Interstitial lung disease and pulmonary sarcoidosis",3,"Both",27,"Age-standardized",1998,"Rate",4.06939331541073,3.09245212894361,4.72120474664707
1,"Deaths",1795,"Suffolk County",25025,516,"Interstitial lung disease and pulmonary sarcoidosis",3,"Both",27,"Age-standardized",1999,"Rate",4.2462995123828,3.14178954326565,4.87483845693823
1,"Deaths",1795,"Suffolk County",25025,516,"Interstitial lung disease and pulmonary sarcoidosis",3,"Both",27,"Age-standardized",2000,"Rate",4.45080011889634,3.1183941706865,5.09939165002569
1,"Deaths",1795,"Suffolk County",25025,516,"Interstitial lung disease and pulmonary sarcoidosis",3,"Both",27,"Age-standardized",2001,"Rate",4.70106793151597,3.29206514406297,5.36680610258194
1,"Deaths",1795,"Suffolk County",25025,516,"Interstitial lung disease and pulmonary sarcoidosis",3,"Both",27,"Age-standardized",2002,"Rate",4.8377820844723,3.31680251725221,5.58426092543015
1,"Deaths",1795,"Suffolk County",25025,516,"Interstitial lung disease and pulmonary sarcoidosis",3,"Both",27,"Age-standardized",2003,"Rate",4.94953445815628,3.35906581668649,5.69344979058386
1,"Deaths",1795,"Suffolk County",25025,516,"Interstitial lung disease and pulmonary sarcoidosis",3,"Both",27,"Age-standardized",2004,"Rate",5.06128106441405,3.38328915430379,5.8647513006859
1,"Deaths",1795,"Suffolk County",25025,516,"Interstitial lung disease and pulmonary sarcoidosis",3,"Both",27,"Age-standardized",2005,"Rate",5.16166888167763,3.42010865563231,5.96547531076523
1,"Deaths",1795,"Suffolk County",25025,516,"Interstitial lung disease and pulmonary sarcoidosis",3,"Both",27,"Age-standardized",2006,"Rate",5.17455724086486,3.47945388727205,5.97325305353664
1,"Deaths",1795,"Suffolk County",25025,516,"Interstitial lung disease and pulmonary sarcoidosis",3,"Both",27,"Age-standardized",2007,"Rate",5.21246457075052,3.49043864420679,6.06548342234331
1,"Deaths",1795,"Suffolk County",25025,516,"Interstitial lung disease and pulmonary sarcoidosis",3,"Both",27,"Age-standardized",2008,"Rate",5.31087067510458,3.55461031100746,6.16326758236653
1,"Deaths",1795,"Suffolk County",25025,516,"Interstitial lung disease and pulmonary sarcoidosis",3,"Both",27,"Age-standardized",2009,"Rate",5.26843305996873,3.52694907574719,6.1441649513567
1,"Deaths",1795,"Suffolk County",25025,516,"Interstitial lung disease and pulmonary sarcoidosis",3,"Both",27,"Age-standardized",2010,"Rate",5.26170514433876,3.4818986629509,6.16171855970894
1,"Deaths",1795,"Suffolk County",25025,516,"Interstitial lung disease and pulmonary sarcoidosis",3,"Both",27,"Age-standardized",2011,"Rate",5.39817253240573,3.50991242579216,6.29526412104695
1,"Deaths",1795,"Suffolk County",25025,516,"Interstitial lung disease and pulmonary sarcoidosis",3,"Both",27,"Age-standardized",2012,"Rate",5.44785630149873,3.60992919229248,6.37808822179657
1,"Deaths",1795,"Suffolk County",25025,516,"Interstitial lung disease and pulmonary sarcoidosis",3,"Both",27,"Age-standardized",2013,"Rate",5.49285910804136,3.62312668032012,6.42032737147977
1,"Deaths",1795,"Suffolk County",25025,516,"Interstitial lung disease and pulmonary sarcoidosis",3,"Both",27,"Age-standardized",2014,"Rate",5.68584482975846,3.75794775886084,6.63841580921313
1,"Deaths",1793,"Worcester County",25027,516,"Interstitial lung disease and pulmonary sarcoidosis",1,"Male",27,"Age-standardized",1980,"Rate",3.34033187992472,2.55210043655108,5.87032743104566
1,"Deaths",1793,"Worcester County",25027,516,"Interstitial lung disease and pulmonary sarcoidosis",1,"Male",27,"Age-standardized",1981,"Rate",3.36689840000776,2.59024915660598,5.84372065268952
1,"Deaths",1793,"Worcester County",25027,516,"Interstitial lung disease and pulmonary sarcoidosis",1,"Male",27,"Age-standardized",1982,"Rate",3.30320529862309,2.53918292716529,5.676113966855
1,"Deaths",1793,"Worcester County",25027,516,"Interstitial lung disease and pulmonary sarcoidosis",1,"Male",27,"Age-standardized",1983,"Rate",3.49703669160531,2.71707316970884,6.0045197947765
1,"Deaths",1793,"Worcester County",25027,516,"Interstitial lung disease and pulmonary sarcoidosis",1,"Male",27,"Age-standardized",1984,"Rate",3.70349446351057,2.88771423910613,6.32069137439096
1,"Deaths",1793,"Worcester County",25027,516,"Interstitial lung disease and pulmonary sarcoidosis",1,"Male",27,"Age-standardized",1985,"Rate",3.71765580657775,2.92780957331182,6.23987107447318
1,"Deaths",1793,"Worcester County",25027,516,"Interstitial lung disease and pulmonary sarcoidosis",1,"Male",27,"Age-standardized",1986,"Rate",3.8911910961236,3.09493884704273,6.44266150930102
1,"Deaths",1793,"Worcester County",25027,516,"Interstitial lung disease and pulmonary sarcoidosis",1,"Male",27,"Age-standardized",1987,"Rate",4.08001305398143,3.24186900099572,6.57061178124441
1,"Deaths",1793,"Worcester County",25027,516,"Interstitial lung disease and pulmonary sarcoidosis",1,"Male",27,"Age-standardized",1988,"Rate",4.04732453767689,3.27190329433248,6.42110129760755
1,"Deaths",1793,"Worcester County",25027,516,"Interstitial lung disease and pulmonary sarcoidosis",1,"Male",27,"Age-standardized",1989,"Rate",4.18647547265642,3.38005132663698,6.47798017348334
1,"Deaths",1793,"Worcester County",25027,516,"Interstitial lung disease and pulmonary sarcoidosis",1,"Male",27,"Age-standardized",1990,"Rate",4.32464019993828,3.52460608589993,6.55449461267949
1,"Deaths",1793,"Worcester County",25027,516,"Interstitial lung disease and pulmonary sarcoidosis",1,"Male",27,"Age-standardized",1991,"Rate",4.45806973418493,3.67062101813671,6.49018701886546
1,"Deaths",1793,"Worcester County",25027,516,"Interstitial lung disease and pulmonary sarcoidosis",1,"Male",27,"Age-standardized",1992,"Rate",4.61637179427263,3.79963071788644,6.80194312814898
1,"Deaths",1793,"Worcester County",25027,516,"Interstitial lung disease and pulmonary sarcoidosis",1,"Male",27,"Age-standardized",1993,"Rate",4.761507142341,3.90213774142248,6.90396464968046
1,"Deaths",1793,"Worcester County",25027,516,"Interstitial lung disease and pulmonary sarcoidosis",1,"Male",27,"Age-standardized",1994,"Rate",4.89952068135882,4.00061096791034,6.86048072632379
1,"Deaths",1793,"Worcester County",25027,516,"Interstitial lung disease and pulmonary sarcoidosis",1,"Male",27,"Age-standardized",1995,"Rate",5.12778201796255,4.12211576168737,7.07776375457621
1,"Deaths",1793,"Worcester County",25027,516,"Interstitial lung disease and pulmonary sarcoidosis",1,"Male",27,"Age-standardized",1996,"Rate",5.31157870769662,4.18476978531476,7.13213124855167
1,"Deaths",1793,"Worcester County",25027,516,"Interstitial lung disease and pulmonary sarcoidosis",1,"Male",27,"Age-standardized",1997,"Rate",5.3310829624812,4.15234184183702,6.91946403142348
1,"Deaths",1793,"Worcester County",25027,516,"Interstitial lung disease and pulmonary sarcoidosis",1,"Male",27,"Age-standardized",1998,"Rate",5.81488728180561,4.35559368847184,7.31692283207577
1,"Deaths",1793,"Worcester County",25027,516,"Interstitial lung disease and pulmonary sarcoidosis",1,"Male",27,"Age-standardized",1999,"Rate",5.94599912924468,4.30022592183043,7.26008841498198
1,"Deaths",1793,"Worcester County",25027,516,"Interstitial lung disease and pulmonary sarcoidosis",1,"Male",27,"Age-standardized",2000,"Rate",6.22031608708808,4.35614089925383,7.39349780271938
1,"Deaths",1793,"Worcester County",25027,516,"Interstitial lung disease and pulmonary sarcoidosis",1,"Male",27,"Age-standardized",2001,"Rate",6.5391936420809,4.43936375794001,7.79607161310424
1,"Deaths",1793,"Worcester County",25027,516,"Interstitial lung disease and pulmonary sarcoidosis",1,"Male",27,"Age-standardized",2002,"Rate",6.85550238648609,4.67139697948725,8.08500012896545
1,"Deaths",1793,"Worcester County",25027,516,"Interstitial lung disease and pulmonary sarcoidosis",1,"Male",27,"Age-standardized",2003,"Rate",6.97270666922221,4.6156773502518,8.208981254528
1,"Deaths",1793,"Worcester County",25027,516,"Interstitial lung disease and pulmonary sarcoidosis",1,"Male",27,"Age-standardized",2004,"Rate",6.8957935462552,4.4626029903129,8.21325875977477
1,"Deaths",1793,"Worcester County",25027,516,"Interstitial lung disease and pulmonary sarcoidosis",1,"Male",27,"Age-standardized",2005,"Rate",7.10740795585449,4.54319748644706,8.4721855900078
1,"Deaths",1793,"Worcester County",25027,516,"Interstitial lung disease and pulmonary sarcoidosis",1,"Male",27,"Age-standardized",2006,"Rate",7.22737898616363,4.58782846203225,8.59080995101627
1,"Deaths",1793,"Worcester County",25027,516,"Interstitial lung disease and pulmonary sarcoidosis",1,"Male",27,"Age-standardized",2007,"Rate",7.19924031593871,4.44888014132106,8.63025751804521
1,"Deaths",1793,"Worcester County",25027,516,"Interstitial lung disease and pulmonary sarcoidosis",1,"Male",27,"Age-standardized",2008,"Rate",7.39195578847089,4.56806633522686,8.82224138193365
1,"Deaths",1793,"Worcester County",25027,516,"Interstitial lung disease and pulmonary sarcoidosis",1,"Male",27,"Age-standardized",2009,"Rate",7.5088953221788,4.52095308193578,8.98634547222131
1,"Deaths",1793,"Worcester County",25027,516,"Interstitial lung disease and pulmonary sarcoidosis",1,"Male",27,"Age-standardized",2010,"Rate",7.63763639012768,4.58484064597349,9.07998731372516
1,"Deaths",1793,"Worcester County",25027,516,"Interstitial lung disease and pulmonary sarcoidosis",1,"Male",27,"Age-standardized",2011,"Rate",7.68831765435576,4.66267608384481,9.23752270963748
1,"Deaths",1793,"Worcester County",25027,516,"Interstitial lung disease and pulmonary sarcoidosis",1,"Male",27,"Age-standardized",2012,"Rate",7.85389227211051,4.72484631668339,9.44205972057945
1,"Deaths",1793,"Worcester County",25027,516,"Interstitial lung disease and pulmonary sarcoidosis",1,"Male",27,"Age-standardized",2013,"Rate",8.30546392838233,5.04338571282689,9.94879392861469
1,"Deaths",1793,"Worcester County",25027,516,"Interstitial lung disease and pulmonary sarcoidosis",1,"Male",27,"Age-standardized",2014,"Rate",8.41625944950458,5.07406600944615,10.1491502163286
1,"Deaths",1793,"Worcester County",25027,516,"Interstitial lung disease and pulmonary sarcoidosis",2,"Female",27,"Age-standardized",1980,"Rate",1.66541582367571,1.27781646752982,2.89581263774098
1,"Deaths",1793,"Worcester County",25027,516,"Interstitial lung disease and pulmonary sarcoidosis",2,"Female",27,"Age-standardized",1981,"Rate",1.64728477382559,1.25740793486586,2.82162581173576
1,"Deaths",1793,"Worcester County",25027,516,"Interstitial lung disease and pulmonary sarcoidosis",2,"Female",27,"Age-standardized",1982,"Rate",1.67170640577257,1.30249144498255,2.85688997049662
1,"Deaths",1793,"Worcester County",25027,516,"Interstitial lung disease and pulmonary sarcoidosis",2,"Female",27,"Age-standardized",1983,"Rate",1.73328177851639,1.36206819375328,2.84696772812322
1,"Deaths",1793,"Worcester County",25027,516,"Interstitial lung disease and pulmonary sarcoidosis",2,"Female",27,"Age-standardized",1984,"Rate",1.8011148606322,1.39911198610651,2.99039520516711
1,"Deaths",1793,"Worcester County",25027,516,"Interstitial lung disease and pulmonary sarcoidosis",2,"Female",27,"Age-standardized",1985,"Rate",1.89028667251392,1.49711503710905,3.08072126191139
1,"Deaths",1793,"Worcester County",25027,516,"Interstitial lung disease and pulmonary sarcoidosis",2,"Female",27,"Age-standardized",1986,"Rate",1.95422218310601,1.55402035972654,3.15020674217042
1,"Deaths",1793,"Worcester County",25027,516,"Interstitial lung disease and pulmonary sarcoidosis",2,"Female",27,"Age-standardized",1987,"Rate",2.05705217199332,1.62561459108944,3.19346608807199
1,"Deaths",1793,"Worcester County",25027,516,"Interstitial lung disease and pulmonary sarcoidosis",2,"Female",27,"Age-standardized",1988,"Rate",2.11455601625308,1.66221884764649,3.293899881094
1,"Deaths",1793,"Worcester County",25027,516,"Interstitial lung disease and pulmonary sarcoidosis",2,"Female",27,"Age-standardized",1989,"Rate",2.20283524953398,1.71827555704144,3.33263516028162
1,"Deaths",1793,"Worcester County",25027,516,"Interstitial lung disease and pulmonary sarcoidosis",2,"Female",27,"Age-standardized",1990,"Rate",2.15932576613919,1.64431208928377,3.24270478829905
1,"Deaths",1793,"Worcester County",25027,516,"Interstitial lung disease and pulmonary sarcoidosis",2,"Female",27,"Age-standardized",1991,"Rate",2.28043141462275,1.75117188128419,3.44166734451796
1,"Deaths",1793,"Worcester County",25027,516,"Interstitial lung disease and pulmonary sarcoidosis",2,"Female",27,"Age-standardized",1992,"Rate",2.31550492728159,1.76299546222777,3.30774549297334
1,"Deaths",1793,"Worcester County",25027,516,"Interstitial lung disease and pulmonary sarcoidosis",2,"Female",27,"Age-standardized",1993,"Rate",2.43805235541085,1.82015203004863,3.50585355034436
1,"Deaths",1793,"Worcester County",25027,516,"Interstitial lung disease and pulmonary sarcoidosis",2,"Female",27,"Age-standardized",1994,"Rate",2.58434368754254,1.92319938949431,3.5764478020435
1,"Deaths",1793,"Worcester County",25027,516,"Interstitial lung disease and pulmonary sarcoidosis",2,"Female",27,"Age-standardized",1995,"Rate",2.73536788867519,2.01263018237572,3.71873860620628
1,"Deaths",1793,"Worcester County",25027,516,"Interstitial lung disease and pulmonary sarcoidosis",2,"Female",27,"Age-standardized",1996,"Rate",2.79920358797445,1.99032157244003,3.66868465609595
1,"Deaths",1793,"Worcester County",25027,516,"Interstitial lung disease and pulmonary sarcoidosis",2,"Female",27,"Age-standardized",1997,"Rate",3.00361411173446,2.03344947003557,3.89859922421944
1,"Deaths",1793,"Worcester County",25027,516,"Interstitial lung disease and pulmonary sarcoidosis",2,"Female",27,"Age-standardized",1998,"Rate",3.16589134378726,2.11955420998555,3.9745715065016
1,"Deaths",1793,"Worcester County",25027,516,"Interstitial lung disease and pulmonary sarcoidosis",2,"Female",27,"Age-standardized",1999,"Rate",3.28576655467833,2.09187542351394,4.01510090396113
1,"Deaths",1793,"Worcester County",25027,516,"Interstitial lung disease and pulmonary sarcoidosis",2,"Female",27,"Age-standardized",2000,"Rate",3.62951278331807,2.21377118532574,4.42556187446123
1,"Deaths",1793,"Worcester County",25027,516,"Interstitial lung disease and pulmonary sarcoidosis",2,"Female",27,"Age-standardized",2001,"Rate",3.75914318006412,2.28756507971403,4.53599211040133
1,"Deaths",1793,"Worcester County",25027,516,"Interstitial lung disease and pulmonary sarcoidosis",2,"Female",27,"Age-standardized",2002,"Rate",3.86420790588218,2.33418938793653,4.6493128121306
1,"Deaths",1793,"Worcester County",25027,516,"Interstitial lung disease and pulmonary sarcoidosis",2,"Female",27,"Age-standardized",2003,"Rate",3.78226047503589,2.21684638982464,4.60113143564015
1,"Deaths",1793,"Worcester County",25027,516,"Interstitial lung disease and pulmonary sarcoidosis",2,"Female",27,"Age-standardized",2004,"Rate",3.84252303222266,2.25010415240779,4.70674152512748
1,"Deaths",1793,"Worcester County",25027,516,"Interstitial lung disease and pulmonary sarcoidosis",2,"Female",27,"Age-standardized",2005,"Rate",4.06361723551326,2.33936483149804,4.88824350100919
1,"Deaths",1793,"Worcester County",25027,516,"Interstitial lung disease and pulmonary sarcoidosis",2,"Female",27,"Age-standardized",2006,"Rate",4.15897584412645,2.39802948137635,5.08058810662895
1,"Deaths",1793,"Worcester County",25027,516,"Interstitial lung disease and pulmonary sarcoidosis",2,"Female",27,"Age-standardized",2007,"Rate",4.10260723171442,2.31807666220177,5.01007920973463
1,"Deaths",1793,"Worcester County",25027,516,"Interstitial lung disease and pulmonary sarcoidosis",2,"Female",27,"Age-standardized",2008,"Rate",4.15352109892781,2.383982864445,5.15839746743458
1,"Deaths",1793,"Worcester County",25027,516,"Interstitial lung disease and pulmonary sarcoidosis",2,"Female",27,"Age-standardized",2009,"Rate",4.24774847157476,2.46264190568909,5.23994920068945
1,"Deaths",1793,"Worcester County",25027,516,"Interstitial lung disease and pulmonary sarcoidosis",2,"Female",27,"Age-standardized",2010,"Rate",4.18111341034575,2.38864108472886,5.07333832112672
1,"Deaths",1793,"Worcester County",25027,516,"Interstitial lung disease and pulmonary sarcoidosis",2,"Female",27,"Age-standardized",2011,"Rate",4.25787341039051,2.43764052361511,5.21911758260335
1,"Deaths",1793,"Worcester County",25027,516,"Interstitial lung disease and pulmonary sarcoidosis",2,"Female",27,"Age-standardized",2012,"Rate",4.34992210683885,2.53679525623183,5.3791319629137
1,"Deaths",1793,"Worcester County",25027,516,"Interstitial lung disease and pulmonary sarcoidosis",2,"Female",27,"Age-standardized",2013,"Rate",4.36828778824014,2.5371439115545,5.39274103000478
1,"Deaths",1793,"Worcester County",25027,516,"Interstitial lung disease and pulmonary sarcoidosis",2,"Female",27,"Age-standardized",2014,"Rate",4.42478248513892,2.48078892550028,5.49309762812875
1,"Deaths",1793,"Worcester County",25027,516,"Interstitial lung disease and pulmonary sarcoidosis",3,"Both",27,"Age-standardized",1980,"Rate",2.26765838805019,1.82794193144087,3.55484621370576
1,"Deaths",1793,"Worcester County",25027,516,"Interstitial lung disease and pulmonary sarcoidosis",3,"Both",27,"Age-standardized",1981,"Rate",2.26397772720653,1.83308856502577,3.5418129816495
1,"Deaths",1793,"Worcester County",25027,516,"Interstitial lung disease and pulmonary sarcoidosis",3,"Both",27,"Age-standardized",1982,"Rate",2.25731803329332,1.83725893754211,3.50192748050049
1,"Deaths",1793,"Worcester County",25027,516,"Interstitial lung disease and pulmonary sarcoidosis",3,"Both",27,"Age-standardized",1983,"Rate",2.3692122323546,1.9463935171151,3.61002763977918
1,"Deaths",1793,"Worcester County",25027,516,"Interstitial lung disease and pulmonary sarcoidosis",3,"Both",27,"Age-standardized",1984,"Rate",2.48997824062584,2.05282721500788,3.75430665500024
1,"Deaths",1793,"Worcester County",25027,516,"Interstitial lung disease and pulmonary sarcoidosis",3,"Both",27,"Age-standardized",1985,"Rate",2.55160637184909,2.11488909952936,3.80000226985847
1,"Deaths",1793,"Worcester County",25027,516,"Interstitial lung disease and pulmonary sarcoidosis",3,"Both",27,"Age-standardized",1986,"Rate",2.66030736128599,2.21710565135963,3.92457951483928
1,"Deaths",1793,"Worcester County",25027,516,"Interstitial lung disease and pulmonary sarcoidosis",3,"Both",27,"Age-standardized",1987,"Rate",2.79491776253932,2.36076250915793,4.02018587472783
1,"Deaths",1793,"Worcester County",25027,516,"Interstitial lung disease and pulmonary sarcoidosis",3,"Both",27,"Age-standardized",1988,"Rate",2.82485037849116,2.3944188648051,4.0022466426518
1,"Deaths",1793,"Worcester County",25027,516,"Interstitial lung disease and pulmonary sarcoidosis",3,"Both",27,"Age-standardized",1989,"Rate",2.93714692841359,2.5045199144128,4.06889383325283
1,"Deaths",1793,"Worcester County",25027,516,"Interstitial lung disease and pulmonary sarcoidosis",3,"Both",27,"Age-standardized",1990,"Rate",2.96042639954667,2.53908919019772,4.11106809645427
1,"Deaths",1793,"Worcester County",25027,516,"Interstitial lung disease and pulmonary sarcoidosis",3,"Both",27,"Age-standardized",1991,"Rate",3.08803096996094,2.6547261633044,4.19434085515697
1,"Deaths",1793,"Worcester County",25027,516,"Interstitial lung disease and pulmonary sarcoidosis",3,"Both",27,"Age-standardized",1992,"Rate",3.17168406626225,2.73346124549439,4.25922254913704
1,"Deaths",1793,"Worcester County",25027,516,"Interstitial lung disease and pulmonary sarcoidosis",3,"Both",27,"Age-standardized",1993,"Rate",3.30762411271595,2.83543284510006,4.36625630471043
1,"Deaths",1793,"Worcester County",25027,516,"Interstitial lung disease and pulmonary sarcoidosis",3,"Both",27,"Age-standardized",1994,"Rate",3.45509884656378,2.91520915312963,4.44362965703998
1,"Deaths",1793,"Worcester County",25027,516,"Interstitial lung disease and pulmonary sarcoidosis",3,"Both",27,"Age-standardized",1995,"Rate",3.63570018505361,3.00839421294626,4.6560555865778
1,"Deaths",1793,"Worcester County",25027,516,"Interstitial lung disease and pulmonary sarcoidosis",3,"Both",27,"Age-standardized",1996,"Rate",3.74926437818663,3.025319995497,4.59134327004241
1,"Deaths",1793,"Worcester County",25027,516,"Interstitial lung disease and pulmonary sarcoidosis",3,"Both",27,"Age-standardized",1997,"Rate",3.8811167685293,3.08393146599472,4.63459050075885
1,"Deaths",1793,"Worcester County",25027,516,"Interstitial lung disease and pulmonary sarcoidosis",3,"Both",27,"Age-standardized",1998,"Rate",4.17505033693436,3.20491918141776,4.91643863312796
1,"Deaths",1793,"Worcester County",25027,516,"Interstitial lung disease and pulmonary sarcoidosis",3,"Both",27,"Age-standardized",1999,"Rate",4.30037393985683,3.16907154023214,4.97880750451676
1,"Deaths",1793,"Worcester County",25027,516,"Interstitial lung disease and pulmonary sarcoidosis",3,"Both",27,"Age-standardized",2000,"Rate",4.62587697216039,3.31759441986237,5.26099700475118
1,"Deaths",1793,"Worcester County",25027,516,"Interstitial lung disease and pulmonary sarcoidosis",3,"Both",27,"Age-standardized",2001,"Rate",4.83382045151673,3.40136512122325,5.49937859527146
1,"Deaths",1793,"Worcester County",25027,516,"Interstitial lung disease and pulmonary sarcoidosis",3,"Both",27,"Age-standardized",2002,"Rate",5.02654680341409,3.5666323267211,5.70508075935209
1,"Deaths",1793,"Worcester County",25027,516,"Interstitial lung disease and pulmonary sarcoidosis",3,"Both",27,"Age-standardized",2003,"Rate",5.02460742398956,3.45374941019146,5.77611636348233
1,"Deaths",1793,"Worcester County",25027,516,"Interstitial lung disease and pulmonary sarcoidosis",3,"Both",27,"Age-standardized",2004,"Rate",5.04242546073655,3.38716767923138,5.82251601375958
1,"Deaths",1793,"Worcester County",25027,516,"Interstitial lung disease and pulmonary sarcoidosis",3,"Both",27,"Age-standardized",2005,"Rate",5.26789190833519,3.4402723170878,6.07114527610592
1,"Deaths",1793,"Worcester County",25027,516,"Interstitial lung disease and pulmonary sarcoidosis",3,"Both",27,"Age-standardized",2006,"Rate",5.38209240551059,3.5116941620355,6.23322736070401
1,"Deaths",1793,"Worcester County",25027,516,"Interstitial lung disease and pulmonary sarcoidosis",3,"Both",27,"Age-standardized",2007,"Rate",5.35186618304317,3.51968802392823,6.17623082500124
1,"Deaths",1793,"Worcester County",25027,516,"Interstitial lung disease and pulmonary sarcoidosis",3,"Both",27,"Age-standardized",2008,"Rate",5.46158859836641,3.58984852289805,6.31032794954962
1,"Deaths",1793,"Worcester County",25027,516,"Interstitial lung disease and pulmonary sarcoidosis",3,"Both",27,"Age-standardized",2009,"Rate",5.57476499467292,3.5747439644321,6.43482061585757
1,"Deaths",1793,"Worcester County",25027,516,"Interstitial lung disease and pulmonary sarcoidosis",3,"Both",27,"Age-standardized",2010,"Rate",5.58910093833061,3.63627743905749,6.47743381899325
1,"Deaths",1793,"Worcester County",25027,516,"Interstitial lung disease and pulmonary sarcoidosis",3,"Both",27,"Age-standardized",2011,"Rate",5.66613831694497,3.70139620134089,6.55439488383752
1,"Deaths",1793,"Worcester County",25027,516,"Interstitial lung disease and pulmonary sarcoidosis",3,"Both",27,"Age-standardized",2012,"Rate",5.78956833882175,3.75460340457792,6.75619806248075
1,"Deaths",1793,"Worcester County",25027,516,"Interstitial lung disease and pulmonary sarcoidosis",3,"Both",27,"Age-standardized",2013,"Rate",5.98722958498339,3.93008670721973,6.97753708492825
1,"Deaths",1793,"Worcester County",25027,516,"Interstitial lung disease and pulmonary sarcoidosis",3,"Both",27,"Age-standardized",2014,"Rate",6.08024414610497,3.97807808631742,7.11955143654613
1,"Deaths",544,"Massachusetts",25,520,"Other chronic respiratory diseases",1,"Male",27,"Age-standardized",1980,"Rate",0.841577088507737,0.753264177879616,0.937605660251478
1,"Deaths",544,"Massachusetts",25,520,"Other chronic respiratory diseases",1,"Male",27,"Age-standardized",1981,"Rate",0.829079015175339,0.742669302877459,0.918906276084182
1,"Deaths",544,"Massachusetts",25,520,"Other chronic respiratory diseases",1,"Male",27,"Age-standardized",1982,"Rate",0.81682213079604,0.735044603091512,0.902938809016339
1,"Deaths",544,"Massachusetts",25,520,"Other chronic respiratory diseases",1,"Male",27,"Age-standardized",1983,"Rate",0.831602401551582,0.752530803914507,0.916643954825976
1,"Deaths",544,"Massachusetts",25,520,"Other chronic respiratory diseases",1,"Male",27,"Age-standardized",1984,"Rate",0.837305029430142,0.758281645017197,0.916830823061967
1,"Deaths",544,"Massachusetts",25,520,"Other chronic respiratory diseases",1,"Male",27,"Age-standardized",1985,"Rate",0.837642323079261,0.762668963456378,0.918438644844678
1,"Deaths",544,"Massachusetts",25,520,"Other chronic respiratory diseases",1,"Male",27,"Age-standardized",1986,"Rate",0.835409006784339,0.763011400773317,0.915581094543019
1,"Deaths",544,"Massachusetts",25,520,"Other chronic respiratory diseases",1,"Male",27,"Age-standardized",1987,"Rate",0.826444244714337,0.755959127090527,0.902994014822212
1,"Deaths",544,"Massachusetts",25,520,"Other chronic respiratory diseases",1,"Male",27,"Age-standardized",1988,"Rate",0.816156261497441,0.747946265292047,0.89093635015188
1,"Deaths",544,"Massachusetts",25,520,"Other chronic respiratory diseases",1,"Male",27,"Age-standardized",1989,"Rate",0.805434438454805,0.737990010595671,0.875174372537264
1,"Deaths",544,"Massachusetts",25,520,"Other chronic respiratory diseases",1,"Male",27,"Age-standardized",1990,"Rate",0.77946220941171,0.713265718932927,0.844632945466187
1,"Deaths",544,"Massachusetts",25,520,"Other chronic respiratory diseases",1,"Male",27,"Age-standardized",1991,"Rate",0.775413619128491,0.713326129662904,0.840329757517329
1,"Deaths",544,"Massachusetts",25,520,"Other chronic respiratory diseases",1,"Male",27,"Age-standardized",1992,"Rate",0.766384602883223,0.702473862257991,0.831186959340554
1,"Deaths",544,"Massachusetts",25,520,"Other chronic respiratory diseases",1,"Male",27,"Age-standardized",1993,"Rate",0.765849761229656,0.703233799093029,0.828134939620791
1,"Deaths",544,"Massachusetts",25,520,"Other chronic respiratory diseases",1,"Male",27,"Age-standardized",1994,"Rate",0.769601558618448,0.708135564661621,0.83360891980809
1,"Deaths",544,"Massachusetts",25,520,"Other chronic respiratory diseases",1,"Male",27,"Age-standardized",1995,"Rate",0.780859063152798,0.716185640446139,0.846757110132444
1,"Deaths",544,"Massachusetts",25,520,"Other chronic respiratory diseases",1,"Male",27,"Age-standardized",1996,"Rate",0.782363570483947,0.717051309826955,0.846421771670086
1,"Deaths",544,"Massachusetts",25,520,"Other chronic respiratory diseases",1,"Male",27,"Age-standardized",1997,"Rate",0.781777310218476,0.715418051516699,0.845741655568894
1,"Deaths",544,"Massachusetts",25,520,"Other chronic respiratory diseases",1,"Male",27,"Age-standardized",1998,"Rate",0.825812592192669,0.756986149860393,0.894125509540292
1,"Deaths",544,"Massachusetts",25,520,"Other chronic respiratory diseases",1,"Male",27,"Age-standardized",1999,"Rate",0.881066607560141,0.808316594412569,0.958201495111777
1,"Deaths",544,"Massachusetts",25,520,"Other chronic respiratory diseases",1,"Male",27,"Age-standardized",2000,"Rate",0.9179378470747,0.840398510156915,0.996265000113578
1,"Deaths",544,"Massachusetts",25,520,"Other chronic respiratory diseases",1,"Male",27,"Age-standardized",2001,"Rate",0.936213953407179,0.859822919458743,1.0141485297894
1,"Deaths",544,"Massachusetts",25,520,"Other chronic respiratory diseases",1,"Male",27,"Age-standardized",2002,"Rate",0.957673222836978,0.881495506721555,1.03848566674609
1,"Deaths",544,"Massachusetts",25,520,"Other chronic respiratory diseases",1,"Male",27,"Age-standardized",2003,"Rate",0.96908681023513,0.896115148138071,1.04862145995751
1,"Deaths",544,"Massachusetts",25,520,"Other chronic respiratory diseases",1,"Male",27,"Age-standardized",2004,"Rate",0.965796941910919,0.893879122646517,1.05289027662366
1,"Deaths",544,"Massachusetts",25,520,"Other chronic respiratory diseases",1,"Male",27,"Age-standardized",2005,"Rate",0.968431911157522,0.891318594418489,1.05860244179081
1,"Deaths",544,"Massachusetts",25,520,"Other chronic respiratory diseases",1,"Male",27,"Age-standardized",2006,"Rate",0.978639446901562,0.900506094577743,1.07078886808077
1,"Deaths",544,"Massachusetts",25,520,"Other chronic respiratory diseases",1,"Male",27,"Age-standardized",2007,"Rate",0.971565877108265,0.893354266327468,1.06474575516964
1,"Deaths",544,"Massachusetts",25,520,"Other chronic respiratory diseases",1,"Male",27,"Age-standardized",2008,"Rate",0.975258753554623,0.894050181226779,1.06944853742449
1,"Deaths",544,"Massachusetts",25,520,"Other chronic respiratory diseases",1,"Male",27,"Age-standardized",2009,"Rate",0.967993641532368,0.887619661103503,1.06230018625653
1,"Deaths",544,"Massachusetts",25,520,"Other chronic respiratory diseases",1,"Male",27,"Age-standardized",2010,"Rate",0.9625783446288,0.878517768023088,1.05852504881702
1,"Deaths",544,"Massachusetts",25,520,"Other chronic respiratory diseases",1,"Male",27,"Age-standardized",2011,"Rate",0.968475733546587,0.879402769131894,1.0724859408413
1,"Deaths",544,"Massachusetts",25,520,"Other chronic respiratory diseases",1,"Male",27,"Age-standardized",2012,"Rate",0.942580287933649,0.853151018078318,1.04712077887279
1,"Deaths",544,"Massachusetts",25,520,"Other chronic respiratory diseases",1,"Male",27,"Age-standardized",2013,"Rate",0.944871502513398,0.850014411969003,1.05116210230047
1,"Deaths",544,"Massachusetts",25,520,"Other chronic respiratory diseases",1,"Male",27,"Age-standardized",2014,"Rate",0.949685108603903,0.852965497861505,1.06108245903069
1,"Deaths",544,"Massachusetts",25,520,"Other chronic respiratory diseases",2,"Female",27,"Age-standardized",1980,"Rate",0.275728719874024,0.22635322502858,0.322496498729763
1,"Deaths",544,"Massachusetts",25,520,"Other chronic respiratory diseases",2,"Female",27,"Age-standardized",1981,"Rate",0.270648944944992,0.225304772016683,0.313623893849958
1,"Deaths",544,"Massachusetts",25,520,"Other chronic respiratory diseases",2,"Female",27,"Age-standardized",1982,"Rate",0.259455009186373,0.218264443072848,0.300276713711046
1,"Deaths",544,"Massachusetts",25,520,"Other chronic respiratory diseases",2,"Female",27,"Age-standardized",1983,"Rate",0.260135774344314,0.221070059319322,0.299479287875065
1,"Deaths",544,"Massachusetts",25,520,"Other chronic respiratory diseases",2,"Female",27,"Age-standardized",1984,"Rate",0.267084226427545,0.229587037718123,0.305682106982208
1,"Deaths",544,"Massachusetts",25,520,"Other chronic respiratory diseases",2,"Female",27,"Age-standardized",1985,"Rate",0.266755874078691,0.231007400731481,0.303064140007738
1,"Deaths",544,"Massachusetts",25,520,"Other chronic respiratory diseases",2,"Female",27,"Age-standardized",1986,"Rate",0.267022462199067,0.233145868155001,0.302617200235322
1,"Deaths",544,"Massachusetts",25,520,"Other chronic respiratory diseases",2,"Female",27,"Age-standardized",1987,"Rate",0.264779982519545,0.229992521242782,0.297687300527347
1,"Deaths",544,"Massachusetts",25,520,"Other chronic respiratory diseases",2,"Female",27,"Age-standardized",1988,"Rate",0.263722256715695,0.229729360754151,0.295196675038946
1,"Deaths",544,"Massachusetts",25,520,"Other chronic respiratory diseases",2,"Female",27,"Age-standardized",1989,"Rate",0.259642494872406,0.227241541708698,0.291138918279122
1,"Deaths",544,"Massachusetts",25,520,"Other chronic respiratory diseases",2,"Female",27,"Age-standardized",1990,"Rate",0.252211030574354,0.221274446642312,0.283908475815366
1,"Deaths",544,"Massachusetts",25,520,"Other chronic respiratory diseases",2,"Female",27,"Age-standardized",1991,"Rate",0.252663052744335,0.222441763821678,0.282323714891304
1,"Deaths",544,"Massachusetts",25,520,"Other chronic respiratory diseases",2,"Female",27,"Age-standardized",1992,"Rate",0.248984011644761,0.218721289006766,0.280309371384163
1,"Deaths",544,"Massachusetts",25,520,"Other chronic respiratory diseases",2,"Female",27,"Age-standardized",1993,"Rate",0.254035573526106,0.221559852555815,0.286950118074486
1,"Deaths",544,"Massachusetts",25,520,"Other chronic respiratory diseases",2,"Female",27,"Age-standardized",1994,"Rate",0.249401458534716,0.218665934423169,0.281494880834603
1,"Deaths",544,"Massachusetts",25,520,"Other chronic respiratory diseases",2,"Female",27,"Age-standardized",1995,"Rate",0.257303504143971,0.228289235199271,0.291054287893894
1,"Deaths",544,"Massachusetts",25,520,"Other chronic respiratory diseases",2,"Female",27,"Age-standardized",1996,"Rate",0.252253442426816,0.223524241413604,0.284238445809261
1,"Deaths",544,"Massachusetts",25,520,"Other chronic respiratory diseases",2,"Female",27,"Age-standardized",1997,"Rate",0.257669834217653,0.228389395060837,0.292100331431335
1,"Deaths",544,"Massachusetts",25,520,"Other chronic respiratory diseases",2,"Female",27,"Age-standardized",1998,"Rate",0.27362811681123,0.243791120840249,0.309392072208332
1,"Deaths",544,"Massachusetts",25,520,"Other chronic respiratory diseases",2,"Female",27,"Age-standardized",1999,"Rate",0.30614022413279,0.273105620508796,0.347928688250019
1,"Deaths",544,"Massachusetts",25,520,"Other chronic respiratory diseases",2,"Female",27,"Age-standardized",2000,"Rate",0.329723120665099,0.292617507767696,0.375241984952162
1,"Deaths",544,"Massachusetts",25,520,"Other chronic respiratory diseases",2,"Female",27,"Age-standardized",2001,"Rate",0.340413868671565,0.301366102024827,0.38514198550576
1,"Deaths",544,"Massachusetts",25,520,"Other chronic respiratory diseases",2,"Female",27,"Age-standardized",2002,"Rate",0.349505492712649,0.309624060935074,0.397836106385217
1,"Deaths",544,"Massachusetts",25,520,"Other chronic respiratory diseases",2,"Female",27,"Age-standardized",2003,"Rate",0.357243827525504,0.317417672288888,0.410380451800797
1,"Deaths",544,"Massachusetts",25,520,"Other chronic respiratory diseases",2,"Female",27,"Age-standardized",2004,"Rate",0.360053204805095,0.318049231978351,0.418057539785436
1,"Deaths",544,"Massachusetts",25,520,"Other chronic respiratory diseases",2,"Female",27,"Age-standardized",2005,"Rate",0.375759024746361,0.332871692831646,0.432596513120054
1,"Deaths",544,"Massachusetts",25,520,"Other chronic respiratory diseases",2,"Female",27,"Age-standardized",2006,"Rate",0.388392974988388,0.339519237969127,0.446932981666536
1,"Deaths",544,"Massachusetts",25,520,"Other chronic respiratory diseases",2,"Female",27,"Age-standardized",2007,"Rate",0.387317757983954,0.341760080909526,0.450637292188825
1,"Deaths",544,"Massachusetts",25,520,"Other chronic respiratory diseases",2,"Female",27,"Age-standardized",2008,"Rate",0.390141053579081,0.342757597337506,0.451999333373113
1,"Deaths",544,"Massachusetts",25,520,"Other chronic respiratory diseases",2,"Female",27,"Age-standardized",2009,"Rate",0.389615234613966,0.34036182213343,0.452759966065989
1,"Deaths",544,"Massachusetts",25,520,"Other chronic respiratory diseases",2,"Female",27,"Age-standardized",2010,"Rate",0.388424397639266,0.336406402090775,0.455004098503397
1,"Deaths",544,"Massachusetts",25,520,"Other chronic respiratory diseases",2,"Female",27,"Age-standardized",2011,"Rate",0.392165841761788,0.339786118874712,0.462092016466205
1,"Deaths",544,"Massachusetts",25,520,"Other chronic respiratory diseases",2,"Female",27,"Age-standardized",2012,"Rate",0.390710363789864,0.336897007201284,0.45752457975035
1,"Deaths",544,"Massachusetts",25,520,"Other chronic respiratory diseases",2,"Female",27,"Age-standardized",2013,"Rate",0.3837864010046,0.327027943368645,0.453906569050775
1,"Deaths",544,"Massachusetts",25,520,"Other chronic respiratory diseases",2,"Female",27,"Age-standardized",2014,"Rate",0.374782476419999,0.317789864803589,0.446531977235707
1,"Deaths",544,"Massachusetts",25,520,"Other chronic respiratory diseases",3,"Both",27,"Age-standardized",1980,"Rate",0.47936891391213,0.431435733076146,0.527166761208393
1,"Deaths",544,"Massachusetts",25,520,"Other chronic respiratory diseases",3,"Both",27,"Age-standardized",1981,"Rate",0.469788401991686,0.424481987287543,0.514561492501666
1,"Deaths",544,"Massachusetts",25,520,"Other chronic respiratory diseases",3,"Both",27,"Age-standardized",1982,"Rate",0.4568083000195,0.414368197652343,0.498439534185327
1,"Deaths",544,"Massachusetts",25,520,"Other chronic respiratory diseases",3,"Both",27,"Age-standardized",1983,"Rate",0.462150329686661,0.419827111877772,0.505202845636705
1,"Deaths",544,"Massachusetts",25,520,"Other chronic respiratory diseases",3,"Both",27,"Age-standardized",1984,"Rate",0.467756887528177,0.426857647312251,0.508647382793448
1,"Deaths",544,"Massachusetts",25,520,"Other chronic respiratory diseases",3,"Both",27,"Age-standardized",1985,"Rate",0.466897372617874,0.429056880324197,0.506599873177903
1,"Deaths",544,"Massachusetts",25,520,"Other chronic respiratory diseases",3,"Both",27,"Age-standardized",1986,"Rate",0.465762418132523,0.426935033384075,0.503621792515973
1,"Deaths",544,"Massachusetts",25,520,"Other chronic respiratory diseases",3,"Both",27,"Age-standardized",1987,"Rate",0.460706038173174,0.423434657554846,0.498276605575927
1,"Deaths",544,"Massachusetts",25,520,"Other chronic respiratory diseases",3,"Both",27,"Age-standardized",1988,"Rate",0.457031114144968,0.419748869047113,0.491689847256294
1,"Deaths",544,"Massachusetts",25,520,"Other chronic respiratory diseases",3,"Both",27,"Age-standardized",1989,"Rate",0.45141661944715,0.415408457606526,0.485467060453239
1,"Deaths",544,"Massachusetts",25,520,"Other chronic respiratory diseases",3,"Both",27,"Age-standardized",1990,"Rate",0.437513888038308,0.402466125804015,0.471320388401166
1,"Deaths",544,"Massachusetts",25,520,"Other chronic respiratory diseases",3,"Both",27,"Age-standardized",1991,"Rate",0.437230845453998,0.402387964231856,0.470248735299836
1,"Deaths",544,"Massachusetts",25,520,"Other chronic respiratory diseases",3,"Both",27,"Age-standardized",1992,"Rate",0.432083862720951,0.398259713198219,0.465127009666618
1,"Deaths",544,"Massachusetts",25,520,"Other chronic respiratory diseases",3,"Both",27,"Age-standardized",1993,"Rate",0.436008080780358,0.402720623256233,0.467635461076022
1,"Deaths",544,"Massachusetts",25,520,"Other chronic respiratory diseases",3,"Both",27,"Age-standardized",1994,"Rate",0.434896614921254,0.401077771428021,0.467609019826693
1,"Deaths",544,"Massachusetts",25,520,"Other chronic respiratory diseases",3,"Both",27,"Age-standardized",1995,"Rate",0.444838723216606,0.411603322105981,0.478215825262918
1,"Deaths",544,"Massachusetts",25,520,"Other chronic respiratory diseases",3,"Both",27,"Age-standardized",1996,"Rate",0.4435157863393,0.409784279044396,0.476478035247109
1,"Deaths",544,"Massachusetts",25,520,"Other chronic respiratory diseases",3,"Both",27,"Age-standardized",1997,"Rate",0.447415999423883,0.41399660974499,0.482824177491811
1,"Deaths",544,"Massachusetts",25,520,"Other chronic respiratory diseases",3,"Both",27,"Age-standardized",1998,"Rate",0.475236311699465,0.440253208655024,0.512811472551693
1,"Deaths",544,"Massachusetts",25,520,"Other chronic respiratory diseases",3,"Both",27,"Age-standardized",1999,"Rate",0.518626489846876,0.480659674867299,0.560864762161495
1,"Deaths",544,"Massachusetts",25,520,"Other chronic respiratory diseases",3,"Both",27,"Age-standardized",2000,"Rate",0.549440981009357,0.507604251040512,0.595240365974035
1,"Deaths",544,"Massachusetts",25,520,"Other chronic respiratory diseases",3,"Both",27,"Age-standardized",2001,"Rate",0.565334426571649,0.522644682705693,0.612181321280441
1,"Deaths",544,"Massachusetts",25,520,"Other chronic respiratory diseases",3,"Both",27,"Age-standardized",2002,"Rate",0.581825097714244,0.537752381783901,0.630565241175365
1,"Deaths",544,"Massachusetts",25,520,"Other chronic respiratory diseases",3,"Both",27,"Age-standardized",2003,"Rate",0.592560610467362,0.548466911417881,0.644346461197694
1,"Deaths",544,"Massachusetts",25,520,"Other chronic respiratory diseases",3,"Both",27,"Age-standardized",2004,"Rate",0.595260766428939,0.5483824235256,0.648681301169398
1,"Deaths",544,"Massachusetts",25,520,"Other chronic respiratory diseases",3,"Both",27,"Age-standardized",2005,"Rate",0.607451363677583,0.558856115728921,0.664285421489945
1,"Deaths",544,"Massachusetts",25,520,"Other chronic respiratory diseases",3,"Both",27,"Age-standardized",2006,"Rate",0.62080001997224,0.568733337274968,0.680527815494142
1,"Deaths",544,"Massachusetts",25,520,"Other chronic respiratory diseases",3,"Both",27,"Age-standardized",2007,"Rate",0.61919744990823,0.56466004728811,0.681300216185752
1,"Deaths",544,"Massachusetts",25,520,"Other chronic respiratory diseases",3,"Both",27,"Age-standardized",2008,"Rate",0.623589691987528,0.567023318924553,0.688340693811867
1,"Deaths",544,"Massachusetts",25,520,"Other chronic respiratory diseases",3,"Both",27,"Age-standardized",2009,"Rate",0.62148469615972,0.567106783949166,0.68693476464026
1,"Deaths",544,"Massachusetts",25,520,"Other chronic respiratory diseases",3,"Both",27,"Age-standardized",2010,"Rate",0.619213280413966,0.561419845298406,0.686113488401197
1,"Deaths",544,"Massachusetts",25,520,"Other chronic respiratory diseases",3,"Both",27,"Age-standardized",2011,"Rate",0.624638948224649,0.567798927298436,0.69228598797465
1,"Deaths",544,"Massachusetts",25,520,"Other chronic respiratory diseases",3,"Both",27,"Age-standardized",2012,"Rate",0.613804970889116,0.555375737268549,0.682520274490685
1,"Deaths",544,"Massachusetts",25,520,"Other chronic respiratory diseases",3,"Both",27,"Age-standardized",2013,"Rate",0.611236850667868,0.549734258681712,0.682497783094886
1,"Deaths",544,"Massachusetts",25,520,"Other chronic respiratory diseases",3,"Both",27,"Age-standardized",2014,"Rate",0.60855727026782,0.549397528847539,0.678895507548449
1,"Deaths",1800,"Barnstable County",25001,520,"Other chronic respiratory diseases",1,"Male",27,"Age-standardized",1980,"Rate",0.729918924691375,0.580541166331347,0.915660370800982
1,"Deaths",1800,"Barnstable County",25001,520,"Other chronic respiratory diseases",1,"Male",27,"Age-standardized",1981,"Rate",0.729833953323056,0.579861129415453,0.914746710248803
1,"Deaths",1800,"Barnstable County",25001,520,"Other chronic respiratory diseases",1,"Male",27,"Age-standardized",1982,"Rate",0.71964284429409,0.573063608915791,0.895636009135824
1,"Deaths",1800,"Barnstable County",25001,520,"Other chronic respiratory diseases",1,"Male",27,"Age-standardized",1983,"Rate",0.713416042357559,0.567107339964252,0.889024697747066
1,"Deaths",1800,"Barnstable County",25001,520,"Other chronic respiratory diseases",1,"Male",27,"Age-standardized",1984,"Rate",0.735121123072359,0.586285543768017,0.918183458538437
1,"Deaths",1800,"Barnstable County",25001,520,"Other chronic respiratory diseases",1,"Male",27,"Age-standardized",1985,"Rate",0.732806848131501,0.585338163952288,0.912933180039273
1,"Deaths",1800,"Barnstable County",25001,520,"Other chronic respiratory diseases",1,"Male",27,"Age-standardized",1986,"Rate",0.723565251240697,0.575164969361842,0.901185613076678
1,"Deaths",1800,"Barnstable County",25001,520,"Other chronic respiratory diseases",1,"Male",27,"Age-standardized",1987,"Rate",0.734069381607581,0.583790746091677,0.905586097050817
1,"Deaths",1800,"Barnstable County",25001,520,"Other chronic respiratory diseases",1,"Male",27,"Age-standardized",1988,"Rate",0.72870916565788,0.581728835099468,0.90248268551892
1,"Deaths",1800,"Barnstable County",25001,520,"Other chronic respiratory diseases",1,"Male",27,"Age-standardized",1989,"Rate",0.717986327115965,0.57193351020455,0.88660236775346
1,"Deaths",1800,"Barnstable County",25001,520,"Other chronic respiratory diseases",1,"Male",27,"Age-standardized",1990,"Rate",0.702706335456595,0.559789430323554,0.869633475610724
1,"Deaths",1800,"Barnstable County",25001,520,"Other chronic respiratory diseases",1,"Male",27,"Age-standardized",1991,"Rate",0.690291741587427,0.55265438455222,0.85338682367482
1,"Deaths",1800,"Barnstable County",25001,520,"Other chronic respiratory diseases",1,"Male",27,"Age-standardized",1992,"Rate",0.685184348889434,0.547766620798065,0.852649244006432
1,"Deaths",1800,"Barnstable County",25001,520,"Other chronic respiratory diseases",1,"Male",27,"Age-standardized",1993,"Rate",0.667619715215038,0.533546502135605,0.836426298941615
1,"Deaths",1800,"Barnstable County",25001,520,"Other chronic respiratory diseases",1,"Male",27,"Age-standardized",1994,"Rate",0.67992979516066,0.538361693870551,0.846584770232901
1,"Deaths",1800,"Barnstable County",25001,520,"Other chronic respiratory diseases",1,"Male",27,"Age-standardized",1995,"Rate",0.687785635705175,0.542975673143459,0.859705887215883
1,"Deaths",1800,"Barnstable County",25001,520,"Other chronic respiratory diseases",1,"Male",27,"Age-standardized",1996,"Rate",0.675647860869835,0.538189017203514,0.846635375917665
1,"Deaths",1800,"Barnstable County",25001,520,"Other chronic respiratory diseases",1,"Male",27,"Age-standardized",1997,"Rate",0.693632458497532,0.550675977274243,0.867464571161107
1,"Deaths",1800,"Barnstable County",25001,520,"Other chronic respiratory diseases",1,"Male",27,"Age-standardized",1998,"Rate",0.722501234386936,0.569094103156053,0.906889270322661
1,"Deaths",1800,"Barnstable County",25001,520,"Other chronic respiratory diseases",1,"Male",27,"Age-standardized",1999,"Rate",0.770561641009925,0.610457063637209,0.965251228644439
1,"Deaths",1800,"Barnstable County",25001,520,"Other chronic respiratory diseases",1,"Male",27,"Age-standardized",2000,"Rate",0.786360637917925,0.626973877737546,0.988861343633362
1,"Deaths",1800,"Barnstable County",25001,520,"Other chronic respiratory diseases",1,"Male",27,"Age-standardized",2001,"Rate",0.827640566289454,0.653095287315847,1.0430085513764
1,"Deaths",1800,"Barnstable County",25001,520,"Other chronic respiratory diseases",1,"Male",27,"Age-standardized",2002,"Rate",0.831456917336756,0.654398121383614,1.04128905853148
1,"Deaths",1800,"Barnstable County",25001,520,"Other chronic respiratory diseases",1,"Male",27,"Age-standardized",2003,"Rate",0.854666912411096,0.666430054873215,1.06567332056679
1,"Deaths",1800,"Barnstable County",25001,520,"Other chronic respiratory diseases",1,"Male",27,"Age-standardized",2004,"Rate",0.846128716416925,0.662181258179471,1.06402390410196
1,"Deaths",1800,"Barnstable County",25001,520,"Other chronic respiratory diseases",1,"Male",27,"Age-standardized",2005,"Rate",0.855785980997047,0.659382182718638,1.08879730950671
1,"Deaths",1800,"Barnstable County",25001,520,"Other chronic respiratory diseases",1,"Male",27,"Age-standardized",2006,"Rate",0.872614666592492,0.676926249880995,1.11815414030205
1,"Deaths",1800,"Barnstable County",25001,520,"Other chronic respiratory diseases",1,"Male",27,"Age-standardized",2007,"Rate",0.871927963609008,0.673699182489707,1.11229273193716
1,"Deaths",1800,"Barnstable County",25001,520,"Other chronic respiratory diseases",1,"Male",27,"Age-standardized",2008,"Rate",0.871290308443656,0.659685789491254,1.11488390799862
1,"Deaths",1800,"Barnstable County",25001,520,"Other chronic respiratory diseases",1,"Male",27,"Age-standardized",2009,"Rate",0.887638253271451,0.676269348067836,1.1452728632995
1,"Deaths",1800,"Barnstable County",25001,520,"Other chronic respiratory diseases",1,"Male",27,"Age-standardized",2010,"Rate",0.8863460632923,0.673119565606071,1.15598919960771
1,"Deaths",1800,"Barnstable County",25001,520,"Other chronic respiratory diseases",1,"Male",27,"Age-standardized",2011,"Rate",0.881245723284231,0.662388620241661,1.14101555036201
1,"Deaths",1800,"Barnstable County",25001,520,"Other chronic respiratory diseases",1,"Male",27,"Age-standardized",2012,"Rate",0.848938822808432,0.633498097519791,1.10403082251504
1,"Deaths",1800,"Barnstable County",25001,520,"Other chronic respiratory diseases",1,"Male",27,"Age-standardized",2013,"Rate",0.850200067669221,0.623252453394594,1.1210980140008
1,"Deaths",1800,"Barnstable County",25001,520,"Other chronic respiratory diseases",1,"Male",27,"Age-standardized",2014,"Rate",0.843101891496179,0.611606691809494,1.12116433680027
1,"Deaths",1800,"Barnstable County",25001,520,"Other chronic respiratory diseases",2,"Female",27,"Age-standardized",1980,"Rate",0.218579950438682,0.14956212951622,0.310560028757127
1,"Deaths",1800,"Barnstable County",25001,520,"Other chronic respiratory diseases",2,"Female",27,"Age-standardized",1981,"Rate",0.213871828953269,0.146956010702934,0.308754488215429
1,"Deaths",1800,"Barnstable County",25001,520,"Other chronic respiratory diseases",2,"Female",27,"Age-standardized",1982,"Rate",0.208219743146708,0.141806193451636,0.288648917393598
1,"Deaths",1800,"Barnstable County",25001,520,"Other chronic respiratory diseases",2,"Female",27,"Age-standardized",1983,"Rate",0.206167571688136,0.140929576325447,0.287662044972467
1,"Deaths",1800,"Barnstable County",25001,520,"Other chronic respiratory diseases",2,"Female",27,"Age-standardized",1984,"Rate",0.209222653669816,0.139982182184022,0.2910961956113
1,"Deaths",1800,"Barnstable County",25001,520,"Other chronic respiratory diseases",2,"Female",27,"Age-standardized",1985,"Rate",0.213121131305046,0.147313763253164,0.295264702572302
1,"Deaths",1800,"Barnstable County",25001,520,"Other chronic respiratory diseases",2,"Female",27,"Age-standardized",1986,"Rate",0.212473574426946,0.148426309897035,0.294206553647288
1,"Deaths",1800,"Barnstable County",25001,520,"Other chronic respiratory diseases",2,"Female",27,"Age-standardized",1987,"Rate",0.208685725379226,0.143899791372578,0.289936286145373
1,"Deaths",1800,"Barnstable County",25001,520,"Other chronic respiratory diseases",2,"Female",27,"Age-standardized",1988,"Rate",0.217579816158917,0.14907432601212,0.304869362752354
1,"Deaths",1800,"Barnstable County",25001,520,"Other chronic respiratory diseases",2,"Female",27,"Age-standardized",1989,"Rate",0.208625609834297,0.142910896633524,0.290246100688492
1,"Deaths",1800,"Barnstable County",25001,520,"Other chronic respiratory diseases",2,"Female",27,"Age-standardized",1990,"Rate",0.202632185192809,0.139582097658816,0.287261290801142
1,"Deaths",1800,"Barnstable County",25001,520,"Other chronic respiratory diseases",2,"Female",27,"Age-standardized",1991,"Rate",0.202620027280156,0.139664024745452,0.282765892433343
1,"Deaths",1800,"Barnstable County",25001,520,"Other chronic respiratory diseases",2,"Female",27,"Age-standardized",1992,"Rate",0.196316207460059,0.136455439963407,0.271519265541951
1,"Deaths",1800,"Barnstable County",25001,520,"Other chronic respiratory diseases",2,"Female",27,"Age-standardized",1993,"Rate",0.197897446650121,0.138046197369555,0.282670566803174
1,"Deaths",1800,"Barnstable County",25001,520,"Other chronic respiratory diseases",2,"Female",27,"Age-standardized",1994,"Rate",0.192427200689603,0.132267537122137,0.275494893364836
1,"Deaths",1800,"Barnstable County",25001,520,"Other chronic respiratory diseases",2,"Female",27,"Age-standardized",1995,"Rate",0.193225102576425,0.134385603146131,0.273081704449896
1,"Deaths",1800,"Barnstable County",25001,520,"Other chronic respiratory diseases",2,"Female",27,"Age-standardized",1996,"Rate",0.195758290494081,0.13757854513064,0.274124185047403
1,"Deaths",1800,"Barnstable County",25001,520,"Other chronic respiratory diseases",2,"Female",27,"Age-standardized",1997,"Rate",0.19560006226691,0.131576662049497,0.276665375752761
1,"Deaths",1800,"Barnstable County",25001,520,"Other chronic respiratory diseases",2,"Female",27,"Age-standardized",1998,"Rate",0.21082292673503,0.145730248830251,0.29845500475636
1,"Deaths",1800,"Barnstable County",25001,520,"Other chronic respiratory diseases",2,"Female",27,"Age-standardized",1999,"Rate",0.230652113457933,0.159380373696067,0.328795875114867
1,"Deaths",1800,"Barnstable County",25001,520,"Other chronic respiratory diseases",2,"Female",27,"Age-standardized",2000,"Rate",0.248103641780203,0.167700448121114,0.35239341433227
1,"Deaths",1800,"Barnstable County",25001,520,"Other chronic respiratory diseases",2,"Female",27,"Age-standardized",2001,"Rate",0.266276251708695,0.180027218901987,0.377996608490539
1,"Deaths",1800,"Barnstable County",25001,520,"Other chronic respiratory diseases",2,"Female",27,"Age-standardized",2002,"Rate",0.256904911153219,0.17535812878244,0.369002105323366
1,"Deaths",1800,"Barnstable County",25001,520,"Other chronic respiratory diseases",2,"Female",27,"Age-standardized",2003,"Rate",0.269081498684855,0.182498440020904,0.384355802253978
1,"Deaths",1800,"Barnstable County",25001,520,"Other chronic respiratory diseases",2,"Female",27,"Age-standardized",2004,"Rate",0.272452542277933,0.186981968171395,0.395116241933645
1,"Deaths",1800,"Barnstable County",25001,520,"Other chronic respiratory diseases",2,"Female",27,"Age-standardized",2005,"Rate",0.274964777614573,0.186418933744566,0.408270351546192
1,"Deaths",1800,"Barnstable County",25001,520,"Other chronic respiratory diseases",2,"Female",27,"Age-standardized",2006,"Rate",0.29392003550944,0.195112492869335,0.434771783647182
1,"Deaths",1800,"Barnstable County",25001,520,"Other chronic respiratory diseases",2,"Female",27,"Age-standardized",2007,"Rate",0.288650171373897,0.193871464701149,0.425757179583974
1,"Deaths",1800,"Barnstable County",25001,520,"Other chronic respiratory diseases",2,"Female",27,"Age-standardized",2008,"Rate",0.301926215916968,0.199860800059447,0.451779877460002
1,"Deaths",1800,"Barnstable County",25001,520,"Other chronic respiratory diseases",2,"Female",27,"Age-standardized",2009,"Rate",0.298382336501433,0.194010965945216,0.453933202333224
1,"Deaths",1800,"Barnstable County",25001,520,"Other chronic respiratory diseases",2,"Female",27,"Age-standardized",2010,"Rate",0.300152408306876,0.191951972516144,0.467024712352057
1,"Deaths",1800,"Barnstable County",25001,520,"Other chronic respiratory diseases",2,"Female",27,"Age-standardized",2011,"Rate",0.30205807529906,0.192574433640138,0.451070815505947
1,"Deaths",1800,"Barnstable County",25001,520,"Other chronic respiratory diseases",2,"Female",27,"Age-standardized",2012,"Rate",0.295546679644419,0.185215414019363,0.451313112278362
1,"Deaths",1800,"Barnstable County",25001,520,"Other chronic respiratory diseases",2,"Female",27,"Age-standardized",2013,"Rate",0.296027306933444,0.184630942846548,0.458180863811602
1,"Deaths",1800,"Barnstable County",25001,520,"Other chronic respiratory diseases",2,"Female",27,"Age-standardized",2014,"Rate",0.278334875671357,0.170736700013483,0.443908312339105
1,"Deaths",1800,"Barnstable County",25001,520,"Other chronic respiratory diseases",3,"Both",27,"Age-standardized",1980,"Rate",0.418914511039503,0.339453984984013,0.517832247762248
1,"Deaths",1800,"Barnstable County",25001,520,"Other chronic respiratory diseases",3,"Both",27,"Age-standardized",1981,"Rate",0.414800827769,0.334455202876339,0.511896883085537
1,"Deaths",1800,"Barnstable County",25001,520,"Other chronic respiratory diseases",3,"Both",27,"Age-standardized",1982,"Rate",0.406138180422292,0.327102174890136,0.502274206632449
1,"Deaths",1800,"Barnstable County",25001,520,"Other chronic respiratory diseases",3,"Both",27,"Age-standardized",1983,"Rate",0.402289828839579,0.323279617872234,0.49539924488137
1,"Deaths",1800,"Barnstable County",25001,520,"Other chronic respiratory diseases",3,"Both",27,"Age-standardized",1984,"Rate",0.412188786858589,0.3312693365811,0.504952481630918
1,"Deaths",1800,"Barnstable County",25001,520,"Other chronic respiratory diseases",3,"Both",27,"Age-standardized",1985,"Rate",0.412932067661962,0.332663128502565,0.509395237121853
1,"Deaths",1800,"Barnstable County",25001,520,"Other chronic respiratory diseases",3,"Both",27,"Age-standardized",1986,"Rate",0.408516668579579,0.332049056633669,0.505746093703191
1,"Deaths",1800,"Barnstable County",25001,520,"Other chronic respiratory diseases",3,"Both",27,"Age-standardized",1987,"Rate",0.410993833314029,0.329643733471319,0.508169825982402
1,"Deaths",1800,"Barnstable County",25001,520,"Other chronic respiratory diseases",3,"Both",27,"Age-standardized",1988,"Rate",0.414653574157534,0.331699316038594,0.515025569034978
1,"Deaths",1800,"Barnstable County",25001,520,"Other chronic respiratory diseases",3,"Both",27,"Age-standardized",1989,"Rate",0.405934992466691,0.323514170562228,0.506999365213392
1,"Deaths",1800,"Barnstable County",25001,520,"Other chronic respiratory diseases",3,"Both",27,"Age-standardized",1990,"Rate",0.39688370176757,0.318586591002859,0.492613414269804
1,"Deaths",1800,"Barnstable County",25001,520,"Other chronic respiratory diseases",3,"Both",27,"Age-standardized",1991,"Rate",0.392334752045062,0.314686827387821,0.479702706766101
1,"Deaths",1800,"Barnstable County",25001,520,"Other chronic respiratory diseases",3,"Both",27,"Age-standardized",1992,"Rate",0.386504786966455,0.308802942836051,0.478755326197965
1,"Deaths",1800,"Barnstable County",25001,520,"Other chronic respiratory diseases",3,"Both",27,"Age-standardized",1993,"Rate",0.380500062520254,0.3026457416197,0.474593922612158
1,"Deaths",1800,"Barnstable County",25001,520,"Other chronic respiratory diseases",3,"Both",27,"Age-standardized",1994,"Rate",0.383194717386168,0.305293783458117,0.478622429819287
1,"Deaths",1800,"Barnstable County",25001,520,"Other chronic respiratory diseases",3,"Both",27,"Age-standardized",1995,"Rate",0.387282358339755,0.306609931798189,0.484964129658838
1,"Deaths",1800,"Barnstable County",25001,520,"Other chronic respiratory diseases",3,"Both",27,"Age-standardized",1996,"Rate",0.384615710092377,0.305867101067649,0.48298667355157
1,"Deaths",1800,"Barnstable County",25001,520,"Other chronic respiratory diseases",3,"Both",27,"Age-standardized",1997,"Rate",0.392353945393944,0.312175386631116,0.497189917122454
1,"Deaths",1800,"Barnstable County",25001,520,"Other chronic respiratory diseases",3,"Both",27,"Age-standardized",1998,"Rate",0.413886917561526,0.328935424302022,0.530877248285934
1,"Deaths",1800,"Barnstable County",25001,520,"Other chronic respiratory diseases",3,"Both",27,"Age-standardized",1999,"Rate",0.447664665934245,0.355209398505873,0.565738347257431
1,"Deaths",1800,"Barnstable County",25001,520,"Other chronic respiratory diseases",3,"Both",27,"Age-standardized",2000,"Rate",0.465465389850797,0.367423170045522,0.591502473232818
1,"Deaths",1800,"Barnstable County",25001,520,"Other chronic respiratory diseases",3,"Both",27,"Age-standardized",2001,"Rate",0.495289801740757,0.393107495144878,0.632242006074297
1,"Deaths",1800,"Barnstable County",25001,520,"Other chronic respiratory diseases",3,"Both",27,"Age-standardized",2002,"Rate",0.493427321425027,0.388564517019168,0.629861002568577
1,"Deaths",1800,"Barnstable County",25001,520,"Other chronic respiratory diseases",3,"Both",27,"Age-standardized",2003,"Rate",0.511075721512698,0.399166419705116,0.651217849669638
1,"Deaths",1800,"Barnstable County",25001,520,"Other chronic respiratory diseases",3,"Both",27,"Age-standardized",2004,"Rate",0.511406555417784,0.401518938106264,0.660915602729937
1,"Deaths",1800,"Barnstable County",25001,520,"Other chronic respiratory diseases",3,"Both",27,"Age-standardized",2005,"Rate",0.517512213088975,0.405189610449698,0.668282450410107
1,"Deaths",1800,"Barnstable County",25001,520,"Other chronic respiratory diseases",3,"Both",27,"Age-standardized",2006,"Rate",0.536217243185752,0.412973468620237,0.697747452643008
1,"Deaths",1800,"Barnstable County",25001,520,"Other chronic respiratory diseases",3,"Both",27,"Age-standardized",2007,"Rate",0.534250234983195,0.414341859327376,0.697361644903995
1,"Deaths",1800,"Barnstable County",25001,520,"Other chronic respiratory diseases",3,"Both",27,"Age-standardized",2008,"Rate",0.541227723618581,0.416641277982746,0.714752555575395
1,"Deaths",1800,"Barnstable County",25001,520,"Other chronic respiratory diseases",3,"Both",27,"Age-standardized",2009,"Rate",0.54804497319153,0.415378310842989,0.718937381821679
1,"Deaths",1800,"Barnstable County",25001,520,"Other chronic respiratory diseases",3,"Both",27,"Age-standardized",2010,"Rate",0.54927631542613,0.413870055804092,0.729985584605228
1,"Deaths",1800,"Barnstable County",25001,520,"Other chronic respiratory diseases",3,"Both",27,"Age-standardized",2011,"Rate",0.546883471666106,0.408971484644407,0.717327117870986
1,"Deaths",1800,"Barnstable County",25001,520,"Other chronic respiratory diseases",3,"Both",27,"Age-standardized",2012,"Rate",0.530586670591658,0.396124679263281,0.708599957375791
1,"Deaths",1800,"Barnstable County",25001,520,"Other chronic respiratory diseases",3,"Both",27,"Age-standardized",2013,"Rate",0.531242703906859,0.395941303299576,0.723330418654642
1,"Deaths",1800,"Barnstable County",25001,520,"Other chronic respiratory diseases",3,"Both",27,"Age-standardized",2014,"Rate",0.517461039005718,0.379708829315674,0.698425584986697
1,"Deaths",1790,"Berkshire County",25003,520,"Other chronic respiratory diseases",1,"Male",27,"Age-standardized",1980,"Rate",0.785011611835303,0.650404349954582,0.939855231808839
1,"Deaths",1790,"Berkshire County",25003,520,"Other chronic respiratory diseases",1,"Male",27,"Age-standardized",1981,"Rate",0.790650204955835,0.654065275378751,0.951074002101835
1,"Deaths",1790,"Berkshire County",25003,520,"Other chronic respiratory diseases",1,"Male",27,"Age-standardized",1982,"Rate",0.771806357560143,0.638904834685306,0.92736893427315
1,"Deaths",1790,"Berkshire County",25003,520,"Other chronic respiratory diseases",1,"Male",27,"Age-standardized",1983,"Rate",0.788647013759664,0.654917679655119,0.941420168093421
1,"Deaths",1790,"Berkshire County",25003,520,"Other chronic respiratory diseases",1,"Male",27,"Age-standardized",1984,"Rate",0.789757764868725,0.660581025919653,0.941893901629112
1,"Deaths",1790,"Berkshire County",25003,520,"Other chronic respiratory diseases",1,"Male",27,"Age-standardized",1985,"Rate",0.795349794216333,0.663177936264432,0.965261260298049
1,"Deaths",1790,"Berkshire County",25003,520,"Other chronic respiratory diseases",1,"Male",27,"Age-standardized",1986,"Rate",0.800824666088006,0.665680503638981,0.961441576204736
1,"Deaths",1790,"Berkshire County",25003,520,"Other chronic respiratory diseases",1,"Male",27,"Age-standardized",1987,"Rate",0.788806767653679,0.650057209340818,0.952687121099432
1,"Deaths",1790,"Berkshire County",25003,520,"Other chronic respiratory diseases",1,"Male",27,"Age-standardized",1988,"Rate",0.790107222596872,0.654818709679785,0.954839923036213
1,"Deaths",1790,"Berkshire County",25003,520,"Other chronic respiratory diseases",1,"Male",27,"Age-standardized",1989,"Rate",0.785546220112544,0.649980842854891,0.948272274628949
1,"Deaths",1790,"Berkshire County",25003,520,"Other chronic respiratory diseases",1,"Male",27,"Age-standardized",1990,"Rate",0.773296889083611,0.633547917587264,0.938404539497778
1,"Deaths",1790,"Berkshire County",25003,520,"Other chronic respiratory diseases",1,"Male",27,"Age-standardized",1991,"Rate",0.75605883032548,0.621336122668351,0.926910174705804
1,"Deaths",1790,"Berkshire County",25003,520,"Other chronic respiratory diseases",1,"Male",27,"Age-standardized",1992,"Rate",0.745488822022681,0.615899973485388,0.903749064651672
1,"Deaths",1790,"Berkshire County",25003,520,"Other chronic respiratory diseases",1,"Male",27,"Age-standardized",1993,"Rate",0.757504814020623,0.620463491341178,0.91845628460776
1,"Deaths",1790,"Berkshire County",25003,520,"Other chronic respiratory diseases",1,"Male",27,"Age-standardized",1994,"Rate",0.755973283805545,0.621413300646304,0.923595106287854
1,"Deaths",1790,"Berkshire County",25003,520,"Other chronic respiratory diseases",1,"Male",27,"Age-standardized",1995,"Rate",0.767699026760366,0.625583118001141,0.934567117929124
1,"Deaths",1790,"Berkshire County",25003,520,"Other chronic respiratory diseases",1,"Male",27,"Age-standardized",1996,"Rate",0.767059296802761,0.632462353459518,0.949774079631898
1,"Deaths",1790,"Berkshire County",25003,520,"Other chronic respiratory diseases",1,"Male",27,"Age-standardized",1997,"Rate",0.775716694207583,0.635806244058345,0.944817342923336
1,"Deaths",1790,"Berkshire County",25003,520,"Other chronic respiratory diseases",1,"Male",27,"Age-standardized",1998,"Rate",0.8246224679271,0.675969811164727,1.01182542489956
1,"Deaths",1790,"Berkshire County",25003,520,"Other chronic respiratory diseases",1,"Male",27,"Age-standardized",1999,"Rate",0.897482194232887,0.735145639311159,1.10533068186419
1,"Deaths",1790,"Berkshire County",25003,520,"Other chronic respiratory diseases",1,"Male",27,"Age-standardized",2000,"Rate",0.92528738888826,0.752866559664812,1.13791382378083
1,"Deaths",1790,"Berkshire County",25003,520,"Other chronic respiratory diseases",1,"Male",27,"Age-standardized",2001,"Rate",0.964756180932189,0.79176683056971,1.17964131565622
1,"Deaths",1790,"Berkshire County",25003,520,"Other chronic respiratory diseases",1,"Male",27,"Age-standardized",2002,"Rate",0.965256935689376,0.795319078601565,1.1801743885335
1,"Deaths",1790,"Berkshire County",25003,520,"Other chronic respiratory diseases",1,"Male",27,"Age-standardized",2003,"Rate",0.993687241672495,0.812304983555454,1.22985826953164
1,"Deaths",1790,"Berkshire County",25003,520,"Other chronic respiratory diseases",1,"Male",27,"Age-standardized",2004,"Rate",0.976310107163028,0.793852931026376,1.21102002223143
1,"Deaths",1790,"Berkshire County",25003,520,"Other chronic respiratory diseases",1,"Male",27,"Age-standardized",2005,"Rate",0.992438619429531,0.810289716763861,1.22895267422568
1,"Deaths",1790,"Berkshire County",25003,520,"Other chronic respiratory diseases",1,"Male",27,"Age-standardized",2006,"Rate",0.990803159701911,0.806894849728446,1.22400670693848
1,"Deaths",1790,"Berkshire County",25003,520,"Other chronic respiratory diseases",1,"Male",27,"Age-standardized",2007,"Rate",0.999918592861514,0.808044559507853,1.24692433047871
1,"Deaths",1790,"Berkshire County",25003,520,"Other chronic respiratory diseases",1,"Male",27,"Age-standardized",2008,"Rate",1.03472392998937,0.83578200980486,1.29553030352745
1,"Deaths",1790,"Berkshire County",25003,520,"Other chronic respiratory diseases",1,"Male",27,"Age-standardized",2009,"Rate",1.01720147906583,0.818984743854504,1.26218989969401
1,"Deaths",1790,"Berkshire County",25003,520,"Other chronic respiratory diseases",1,"Male",27,"Age-standardized",2010,"Rate",1.00440768943808,0.807146048392128,1.25524271956242
1,"Deaths",1790,"Berkshire County",25003,520,"Other chronic respiratory diseases",1,"Male",27,"Age-standardized",2011,"Rate",1.03893168719587,0.838537020565733,1.29529683375301
1,"Deaths",1790,"Berkshire County",25003,520,"Other chronic respiratory diseases",1,"Male",27,"Age-standardized",2012,"Rate",0.995560057054347,0.802903456197969,1.26539061057105
1,"Deaths",1790,"Berkshire County",25003,520,"Other chronic respiratory diseases",1,"Male",27,"Age-standardized",2013,"Rate",1.01564969866815,0.80643286451097,1.27338854451664
1,"Deaths",1790,"Berkshire County",25003,520,"Other chronic respiratory diseases",1,"Male",27,"Age-standardized",2014,"Rate",1.01164588934521,0.807384442029085,1.28398282359264
1,"Deaths",1790,"Berkshire County",25003,520,"Other chronic respiratory diseases",2,"Female",27,"Age-standardized",1980,"Rate",0.295239650976492,0.212506129577016,0.38757925829619
1,"Deaths",1790,"Berkshire County",25003,520,"Other chronic respiratory diseases",2,"Female",27,"Age-standardized",1981,"Rate",0.294625802494596,0.210259231643476,0.382984528425429
1,"Deaths",1790,"Berkshire County",25003,520,"Other chronic respiratory diseases",2,"Female",27,"Age-standardized",1982,"Rate",0.283212227210923,0.204483301072859,0.37260357169565
1,"Deaths",1790,"Berkshire County",25003,520,"Other chronic respiratory diseases",2,"Female",27,"Age-standardized",1983,"Rate",0.284692068088286,0.208483544592645,0.379467418086475
1,"Deaths",1790,"Berkshire County",25003,520,"Other chronic respiratory diseases",2,"Female",27,"Age-standardized",1984,"Rate",0.295821564590597,0.215067365357265,0.386878551416909
1,"Deaths",1790,"Berkshire County",25003,520,"Other chronic respiratory diseases",2,"Female",27,"Age-standardized",1985,"Rate",0.293221217949806,0.215829170991673,0.385340489148588
1,"Deaths",1790,"Berkshire County",25003,520,"Other chronic respiratory diseases",2,"Female",27,"Age-standardized",1986,"Rate",0.295986892291826,0.217527595898244,0.386734838496245
1,"Deaths",1790,"Berkshire County",25003,520,"Other chronic respiratory diseases",2,"Female",27,"Age-standardized",1987,"Rate",0.298143383066362,0.220433053226878,0.393402549123623
1,"Deaths",1790,"Berkshire County",25003,520,"Other chronic respiratory diseases",2,"Female",27,"Age-standardized",1988,"Rate",0.291461791587874,0.213746023008781,0.384380670920199
1,"Deaths",1790,"Berkshire County",25003,520,"Other chronic respiratory diseases",2,"Female",27,"Age-standardized",1989,"Rate",0.295878161499877,0.21869549366588,0.382578075338861
1,"Deaths",1790,"Berkshire County",25003,520,"Other chronic respiratory diseases",2,"Female",27,"Age-standardized",1990,"Rate",0.291011473893285,0.215314706581491,0.379775265289234
1,"Deaths",1790,"Berkshire County",25003,520,"Other chronic respiratory diseases",2,"Female",27,"Age-standardized",1991,"Rate",0.291222719697789,0.213728166932883,0.384933068137156
1,"Deaths",1790,"Berkshire County",25003,520,"Other chronic respiratory diseases",2,"Female",27,"Age-standardized",1992,"Rate",0.292212984466066,0.217640573761974,0.3816445252114
1,"Deaths",1790,"Berkshire County",25003,520,"Other chronic respiratory diseases",2,"Female",27,"Age-standardized",1993,"Rate",0.296688337953398,0.222234552828467,0.39260271867373
1,"Deaths",1790,"Berkshire County",25003,520,"Other chronic respiratory diseases",2,"Female",27,"Age-standardized",1994,"Rate",0.300028667116304,0.226726421528405,0.387199141297027
1,"Deaths",1790,"Berkshire County",25003,520,"Other chronic respiratory diseases",2,"Female",27,"Age-standardized",1995,"Rate",0.308767713574436,0.228712625848753,0.407047225206035
1,"Deaths",1790,"Berkshire County",25003,520,"Other chronic respiratory diseases",2,"Female",27,"Age-standardized",1996,"Rate",0.316308290142849,0.23678880587655,0.422151307966169
1,"Deaths",1790,"Berkshire County",25003,520,"Other chronic respiratory diseases",2,"Female",27,"Age-standardized",1997,"Rate",0.315477730227701,0.231841166883436,0.419302889263758
1,"Deaths",1790,"Berkshire County",25003,520,"Other chronic respiratory diseases",2,"Female",27,"Age-standardized",1998,"Rate",0.33486532943696,0.253884902053185,0.437264133689404
1,"Deaths",1790,"Berkshire County",25003,520,"Other chronic respiratory diseases",2,"Female",27,"Age-standardized",1999,"Rate",0.375465933529685,0.274476990613098,0.497559318881902
1,"Deaths",1790,"Berkshire County",25003,520,"Other chronic respiratory diseases",2,"Female",27,"Age-standardized",2000,"Rate",0.405003817004087,0.297641560250546,0.532102542157814
1,"Deaths",1790,"Berkshire County",25003,520,"Other chronic respiratory diseases",2,"Female",27,"Age-standardized",2001,"Rate",0.432407612657662,0.321450406816905,0.582733141723754
1,"Deaths",1790,"Berkshire County",25003,520,"Other chronic respiratory diseases",2,"Female",27,"Age-standardized",2002,"Rate",0.446650594451322,0.323704465122904,0.595850327978877
1,"Deaths",1790,"Berkshire County",25003,520,"Other chronic respiratory diseases",2,"Female",27,"Age-standardized",2003,"Rate",0.476404973541883,0.353549139184524,0.642934078554301
1,"Deaths",1790,"Berkshire County",25003,520,"Other chronic respiratory diseases",2,"Female",27,"Age-standardized",2004,"Rate",0.468219990236924,0.343551122368973,0.640760882888326
1,"Deaths",1790,"Berkshire County",25003,520,"Other chronic respiratory diseases",2,"Female",27,"Age-standardized",2005,"Rate",0.497751160702448,0.367059964106141,0.677561189055373
1,"Deaths",1790,"Berkshire County",25003,520,"Other chronic respiratory diseases",2,"Female",27,"Age-standardized",2006,"Rate",0.523492787939389,0.384378427420721,0.714113297947457
1,"Deaths",1790,"Berkshire County",25003,520,"Other chronic respiratory diseases",2,"Female",27,"Age-standardized",2007,"Rate",0.54476567262773,0.395972187762343,0.746528437687893
1,"Deaths",1790,"Berkshire County",25003,520,"Other chronic respiratory diseases",2,"Female",27,"Age-standardized",2008,"Rate",0.547774047660685,0.393256136502315,0.76708277630879
1,"Deaths",1790,"Berkshire County",25003,520,"Other chronic respiratory diseases",2,"Female",27,"Age-standardized",2009,"Rate",0.566105331043056,0.406219440491502,0.785880747316065
1,"Deaths",1790,"Berkshire County",25003,520,"Other chronic respiratory diseases",2,"Female",27,"Age-standardized",2010,"Rate",0.546303215554374,0.387745137328622,0.777050194617354
1,"Deaths",1790,"Berkshire County",25003,520,"Other chronic respiratory diseases",2,"Female",27,"Age-standardized",2011,"Rate",0.556859459131231,0.385822769252858,0.774140328737905
1,"Deaths",1790,"Berkshire County",25003,520,"Other chronic respiratory diseases",2,"Female",27,"Age-standardized",2012,"Rate",0.569064156570943,0.402524949800642,0.805234733974953
1,"Deaths",1790,"Berkshire County",25003,520,"Other chronic respiratory diseases",2,"Female",27,"Age-standardized",2013,"Rate",0.555976988693543,0.392590212883842,0.784398391458187
1,"Deaths",1790,"Berkshire County",25003,520,"Other chronic respiratory diseases",2,"Female",27,"Age-standardized",2014,"Rate",0.545402207091178,0.381033152141122,0.76440655129304
1,"Deaths",1790,"Berkshire County",25003,520,"Other chronic respiratory diseases",3,"Both",27,"Age-standardized",1980,"Rate",0.477104654071944,0.401386889585854,0.565692992830314
1,"Deaths",1790,"Berkshire County",25003,520,"Other chronic respiratory diseases",3,"Both",27,"Age-standardized",1981,"Rate",0.477006388524701,0.398522297704787,0.562421611739941
1,"Deaths",1790,"Berkshire County",25003,520,"Other chronic respiratory diseases",3,"Both",27,"Age-standardized",1982,"Rate",0.460657605703737,0.387175363833075,0.546540688435507
1,"Deaths",1790,"Berkshire County",25003,520,"Other chronic respiratory diseases",3,"Both",27,"Age-standardized",1983,"Rate",0.467136562134592,0.392916192604206,0.550860579335665
1,"Deaths",1790,"Berkshire County",25003,520,"Other chronic respiratory diseases",3,"Both",27,"Age-standardized",1984,"Rate",0.47273258144472,0.398966203704413,0.557635088431902
1,"Deaths",1790,"Berkshire County",25003,520,"Other chronic respiratory diseases",3,"Both",27,"Age-standardized",1985,"Rate",0.472396392673553,0.399598527485912,0.557838372483638
1,"Deaths",1790,"Berkshire County",25003,520,"Other chronic respiratory diseases",3,"Both",27,"Age-standardized",1986,"Rate",0.475179882673462,0.402254220188976,0.555709989843939
1,"Deaths",1790,"Berkshire County",25003,520,"Other chronic respiratory diseases",3,"Both",27,"Age-standardized",1987,"Rate",0.470773165243693,0.398141792772694,0.563076523342438
1,"Deaths",1790,"Berkshire County",25003,520,"Other chronic respiratory diseases",3,"Both",27,"Age-standardized",1988,"Rate",0.468096850054128,0.393810118086243,0.553745855807696
1,"Deaths",1790,"Berkshire County",25003,520,"Other chronic respiratory diseases",3,"Both",27,"Age-standardized",1989,"Rate",0.468756716450883,0.394009276940132,0.557967052637535
1,"Deaths",1790,"Berkshire County",25003,520,"Other chronic respiratory diseases",3,"Both",27,"Age-standardized",1990,"Rate",0.461695967990056,0.388675014745483,0.545307732561822
1,"Deaths",1790,"Berkshire County",25003,520,"Other chronic respiratory diseases",3,"Both",27,"Age-standardized",1991,"Rate",0.45607659895666,0.38541355720451,0.543744552438346
1,"Deaths",1790,"Berkshire County",25003,520,"Other chronic respiratory diseases",3,"Both",27,"Age-standardized",1992,"Rate",0.452924326035207,0.379053754563133,0.537963133833089
1,"Deaths",1790,"Berkshire County",25003,520,"Other chronic respiratory diseases",3,"Both",27,"Age-standardized",1993,"Rate",0.460876984790722,0.387138518578698,0.546451640284935
1,"Deaths",1790,"Berkshire County",25003,520,"Other chronic respiratory diseases",3,"Both",27,"Age-standardized",1994,"Rate",0.462530072032753,0.388844296451044,0.551078566503351
1,"Deaths",1790,"Berkshire County",25003,520,"Other chronic respiratory diseases",3,"Both",27,"Age-standardized",1995,"Rate",0.473134645254092,0.391960666084283,0.564756320078126
1,"Deaths",1790,"Berkshire County",25003,520,"Other chronic respiratory diseases",3,"Both",27,"Age-standardized",1996,"Rate",0.477673791957396,0.399725357008196,0.575732047726308
1,"Deaths",1790,"Berkshire County",25003,520,"Other chronic respiratory diseases",3,"Both",27,"Age-standardized",1997,"Rate",0.481641510449801,0.396075409987303,0.579007431164048
1,"Deaths",1790,"Berkshire County",25003,520,"Other chronic respiratory diseases",3,"Both",27,"Age-standardized",1998,"Rate",0.513177383866962,0.43002245514374,0.608986866615128
1,"Deaths",1790,"Berkshire County",25003,520,"Other chronic respiratory diseases",3,"Both",27,"Age-standardized",1999,"Rate",0.566829980838184,0.470415286523543,0.679771995619405
1,"Deaths",1790,"Berkshire County",25003,520,"Other chronic respiratory diseases",3,"Both",27,"Age-standardized",2000,"Rate",0.598276208747914,0.497796171931932,0.715708874413231
1,"Deaths",1790,"Berkshire County",25003,520,"Other chronic respiratory diseases",3,"Both",27,"Age-standardized",2001,"Rate",0.631424383927571,0.529133549551361,0.755278213904895
1,"Deaths",1790,"Berkshire County",25003,520,"Other chronic respiratory diseases",3,"Both",27,"Age-standardized",2002,"Rate",0.643321148942818,0.53703347994909,0.769049099605066
1,"Deaths",1790,"Berkshire County",25003,520,"Other chronic respiratory diseases",3,"Both",27,"Age-standardized",2003,"Rate",0.672863017911801,0.559409640869703,0.81663992765164
1,"Deaths",1790,"Berkshire County",25003,520,"Other chronic respiratory diseases",3,"Both",27,"Age-standardized",2004,"Rate",0.663123804469759,0.543988372858455,0.801761043467168
1,"Deaths",1790,"Berkshire County",25003,520,"Other chronic respiratory diseases",3,"Both",27,"Age-standardized",2005,"Rate",0.689535006736231,0.574637028265614,0.836220389344836
1,"Deaths",1790,"Berkshire County",25003,520,"Other chronic respiratory diseases",3,"Both",27,"Age-standardized",2006,"Rate",0.706860688922725,0.587920875295625,0.868549951107431
1,"Deaths",1790,"Berkshire County",25003,520,"Other chronic respiratory diseases",3,"Both",27,"Age-standardized",2007,"Rate",0.724641616116721,0.598040368303636,0.886773052500012
1,"Deaths",1790,"Berkshire County",25003,520,"Other chronic respiratory diseases",3,"Both",27,"Age-standardized",2008,"Rate",0.741985635723632,0.610593419053834,0.910788885938919
1,"Deaths",1790,"Berkshire County",25003,520,"Other chronic respiratory diseases",3,"Both",27,"Age-standardized",2009,"Rate",0.745951127796595,0.610871817622521,0.920623220515791
1,"Deaths",1790,"Berkshire County",25003,520,"Other chronic respiratory diseases",3,"Both",27,"Age-standardized",2010,"Rate",0.730563171290005,0.59475233642404,0.903188667037335
1,"Deaths",1790,"Berkshire County",25003,520,"Other chronic respiratory diseases",3,"Both",27,"Age-standardized",2011,"Rate",0.752630168410861,0.608186882428233,0.937568160780125
1,"Deaths",1790,"Berkshire County",25003,520,"Other chronic respiratory diseases",3,"Both",27,"Age-standardized",2012,"Rate",0.741021159312477,0.604446975623535,0.935449681015661
1,"Deaths",1790,"Berkshire County",25003,520,"Other chronic respiratory diseases",3,"Both",27,"Age-standardized",2013,"Rate",0.744098598144391,0.601424200234727,0.919664758270092
1,"Deaths",1790,"Berkshire County",25003,520,"Other chronic respiratory diseases",3,"Both",27,"Age-standardized",2014,"Rate",0.737561124917253,0.595296474542563,0.913357733525487
1,"Deaths",1799,"Bristol County",25005,520,"Other chronic respiratory diseases",1,"Male",27,"Age-standardized",1980,"Rate",0.881258987039649,0.728974782708738,1.06323417342068
1,"Deaths",1799,"Bristol County",25005,520,"Other chronic respiratory diseases",1,"Male",27,"Age-standardized",1981,"Rate",0.863265774046429,0.712128162477203,1.04072008468986
1,"Deaths",1799,"Bristol County",25005,520,"Other chronic respiratory diseases",1,"Male",27,"Age-standardized",1982,"Rate",0.860772121538565,0.713555427956404,1.02995808154167
1,"Deaths",1799,"Bristol County",25005,520,"Other chronic respiratory diseases",1,"Male",27,"Age-standardized",1983,"Rate",0.875820684997617,0.722820676252076,1.0434491809612
1,"Deaths",1799,"Bristol County",25005,520,"Other chronic respiratory diseases",1,"Male",27,"Age-standardized",1984,"Rate",0.881749672348365,0.733809946361387,1.04920388164903
1,"Deaths",1799,"Bristol County",25005,520,"Other chronic respiratory diseases",1,"Male",27,"Age-standardized",1985,"Rate",0.892587974573727,0.739535178915872,1.07056481606321
1,"Deaths",1799,"Bristol County",25005,520,"Other chronic respiratory diseases",1,"Male",27,"Age-standardized",1986,"Rate",0.848059023969459,0.709684664834313,1.01633865707937
1,"Deaths",1799,"Bristol County",25005,520,"Other chronic respiratory diseases",1,"Male",27,"Age-standardized",1987,"Rate",0.855588840940753,0.714878878150435,1.02041485263649
1,"Deaths",1799,"Bristol County",25005,520,"Other chronic respiratory diseases",1,"Male",27,"Age-standardized",1988,"Rate",0.863240057383386,0.716243671814041,1.02846255252674
1,"Deaths",1799,"Bristol County",25005,520,"Other chronic respiratory diseases",1,"Male",27,"Age-standardized",1989,"Rate",0.848208911967116,0.712110756048467,1.00705382708665
1,"Deaths",1799,"Bristol County",25005,520,"Other chronic respiratory diseases",1,"Male",27,"Age-standardized",1990,"Rate",0.816519526711584,0.688442550639031,0.967219256726273
1,"Deaths",1799,"Bristol County",25005,520,"Other chronic respiratory diseases",1,"Male",27,"Age-standardized",1991,"Rate",0.801493261008415,0.673943117109618,0.94004746956358
1,"Deaths",1799,"Bristol County",25005,520,"Other chronic respiratory diseases",1,"Male",27,"Age-standardized",1992,"Rate",0.793702020627328,0.661590957226147,0.937391158635448
1,"Deaths",1799,"Bristol County",25005,520,"Other chronic respiratory diseases",1,"Male",27,"Age-standardized",1993,"Rate",0.798760717898199,0.667256424282574,0.951312428715787
1,"Deaths",1799,"Bristol County",25005,520,"Other chronic respiratory diseases",1,"Male",27,"Age-standardized",1994,"Rate",0.797070093687645,0.662383823543316,0.943118851598692
1,"Deaths",1799,"Bristol County",25005,520,"Other chronic respiratory diseases",1,"Male",27,"Age-standardized",1995,"Rate",0.827744556826006,0.694298596888421,0.990710148184518
1,"Deaths",1799,"Bristol County",25005,520,"Other chronic respiratory diseases",1,"Male",27,"Age-standardized",1996,"Rate",0.82798216185402,0.693857981960873,0.980789231330707
1,"Deaths",1799,"Bristol County",25005,520,"Other chronic respiratory diseases",1,"Male",27,"Age-standardized",1997,"Rate",0.810305637685129,0.677002635196936,0.960524427389841
1,"Deaths",1799,"Bristol County",25005,520,"Other chronic respiratory diseases",1,"Male",27,"Age-standardized",1998,"Rate",0.842940719611255,0.7095232424186,0.992474261004445
1,"Deaths",1799,"Bristol County",25005,520,"Other chronic respiratory diseases",1,"Male",27,"Age-standardized",1999,"Rate",0.91555620652785,0.772825288113652,1.09235241764666
1,"Deaths",1799,"Bristol County",25005,520,"Other chronic respiratory diseases",1,"Male",27,"Age-standardized",2000,"Rate",1.00173033507313,0.844073195353684,1.19278149345027
1,"Deaths",1799,"Bristol County",25005,520,"Other chronic respiratory diseases",1,"Male",27,"Age-standardized",2001,"Rate",0.997847009588157,0.838335693965588,1.17799461393516
1,"Deaths",1799,"Bristol County",25005,520,"Other chronic respiratory diseases",1,"Male",27,"Age-standardized",2002,"Rate",1.03837062767463,0.878002128845708,1.23606731115972
1,"Deaths",1799,"Bristol County",25005,520,"Other chronic respiratory diseases",1,"Male",27,"Age-standardized",2003,"Rate",1.03034787590597,0.86617146152042,1.22445351428715
1,"Deaths",1799,"Bristol County",25005,520,"Other chronic respiratory diseases",1,"Male",27,"Age-standardized",2004,"Rate",1.01388657764062,0.843904951892897,1.21234469501852
1,"Deaths",1799,"Bristol County",25005,520,"Other chronic respiratory diseases",1,"Male",27,"Age-standardized",2005,"Rate",1.01782328103351,0.847457778566027,1.21057043434197
1,"Deaths",1799,"Bristol County",25005,520,"Other chronic respiratory diseases",1,"Male",27,"Age-standardized",2006,"Rate",1.0226306138322,0.845889994876958,1.22716302101425
1,"Deaths",1799,"Bristol County",25005,520,"Other chronic respiratory diseases",1,"Male",27,"Age-standardized",2007,"Rate",1.01155083932451,0.839163834897982,1.21307887315584
1,"Deaths",1799,"Bristol County",25005,520,"Other chronic respiratory diseases",1,"Male",27,"Age-standardized",2008,"Rate",1.03710638422468,0.862257017616494,1.24076776979391
1,"Deaths",1799,"Bristol County",25005,520,"Other chronic respiratory diseases",1,"Male",27,"Age-standardized",2009,"Rate",1.02597186518083,0.848338615208576,1.23450435334158
1,"Deaths",1799,"Bristol County",25005,520,"Other chronic respiratory diseases",1,"Male",27,"Age-standardized",2010,"Rate",1.01057123546623,0.830064147670442,1.21848619472095
1,"Deaths",1799,"Bristol County",25005,520,"Other chronic respiratory diseases",1,"Male",27,"Age-standardized",2011,"Rate",1.02856882534068,0.847142615188063,1.24841369148436
1,"Deaths",1799,"Bristol County",25005,520,"Other chronic respiratory diseases",1,"Male",27,"Age-standardized",2012,"Rate",0.982512301512364,0.798556008284604,1.19295475429807
1,"Deaths",1799,"Bristol County",25005,520,"Other chronic respiratory diseases",1,"Male",27,"Age-standardized",2013,"Rate",1.00476918614917,0.81421057663579,1.22631571955539
1,"Deaths",1799,"Bristol County",25005,520,"Other chronic respiratory diseases",1,"Male",27,"Age-standardized",2014,"Rate",0.985690742966176,0.790294155034479,1.19956952769991
1,"Deaths",1799,"Bristol County",25005,520,"Other chronic respiratory diseases",2,"Female",27,"Age-standardized",1980,"Rate",0.264686614970592,0.195133638653081,0.350052620164078
1,"Deaths",1799,"Bristol County",25005,520,"Other chronic respiratory diseases",2,"Female",27,"Age-standardized",1981,"Rate",0.263600431194009,0.193703878418667,0.344508268297691
1,"Deaths",1799,"Bristol County",25005,520,"Other chronic respiratory diseases",2,"Female",27,"Age-standardized",1982,"Rate",0.256372809596579,0.188727403469468,0.335582881323525
1,"Deaths",1799,"Bristol County",25005,520,"Other chronic respiratory diseases",2,"Female",27,"Age-standardized",1983,"Rate",0.253462301799568,0.187353548996655,0.333382865662041
1,"Deaths",1799,"Bristol County",25005,520,"Other chronic respiratory diseases",2,"Female",27,"Age-standardized",1984,"Rate",0.259957899778678,0.194250410020476,0.341193775408628
1,"Deaths",1799,"Bristol County",25005,520,"Other chronic respiratory diseases",2,"Female",27,"Age-standardized",1985,"Rate",0.255899666869493,0.188096439969976,0.332836651073721
1,"Deaths",1799,"Bristol County",25005,520,"Other chronic respiratory diseases",2,"Female",27,"Age-standardized",1986,"Rate",0.252478404955392,0.190833051235526,0.327493305032793
1,"Deaths",1799,"Bristol County",25005,520,"Other chronic respiratory diseases",2,"Female",27,"Age-standardized",1987,"Rate",0.250735377067879,0.189328717442247,0.325823514265192
1,"Deaths",1799,"Bristol County",25005,520,"Other chronic respiratory diseases",2,"Female",27,"Age-standardized",1988,"Rate",0.253403818149304,0.189822476827958,0.337822149221108
1,"Deaths",1799,"Bristol County",25005,520,"Other chronic respiratory diseases",2,"Female",27,"Age-standardized",1989,"Rate",0.243352529170325,0.185433843607631,0.314839408765947
1,"Deaths",1799,"Bristol County",25005,520,"Other chronic respiratory diseases",2,"Female",27,"Age-standardized",1990,"Rate",0.240789417595484,0.180201786728587,0.310050430607521
1,"Deaths",1799,"Bristol County",25005,520,"Other chronic respiratory diseases",2,"Female",27,"Age-standardized",1991,"Rate",0.244639174068814,0.187002901640174,0.317661694221682
1,"Deaths",1799,"Bristol County",25005,520,"Other chronic respiratory diseases",2,"Female",27,"Age-standardized",1992,"Rate",0.235208692738068,0.177726512361285,0.304614258039914
1,"Deaths",1799,"Bristol County",25005,520,"Other chronic respiratory diseases",2,"Female",27,"Age-standardized",1993,"Rate",0.242927722690556,0.182512419589561,0.317829501823312
1,"Deaths",1799,"Bristol County",25005,520,"Other chronic respiratory diseases",2,"Female",27,"Age-standardized",1994,"Rate",0.234800556123588,0.177532784481976,0.299072051135128
1,"Deaths",1799,"Bristol County",25005,520,"Other chronic respiratory diseases",2,"Female",27,"Age-standardized",1995,"Rate",0.242005531228277,0.182945265146759,0.318340062493336
1,"Deaths",1799,"Bristol County",25005,520,"Other chronic respiratory diseases",2,"Female",27,"Age-standardized",1996,"Rate",0.238226027951196,0.178333727758615,0.310936105765411
1,"Deaths",1799,"Bristol County",25005,520,"Other chronic respiratory diseases",2,"Female",27,"Age-standardized",1997,"Rate",0.247364480413935,0.183894137441698,0.329762288368981
1,"Deaths",1799,"Bristol County",25005,520,"Other chronic respiratory diseases",2,"Female",27,"Age-standardized",1998,"Rate",0.251373611327838,0.184586944953523,0.332182508472681
1,"Deaths",1799,"Bristol County",25005,520,"Other chronic respiratory diseases",2,"Female",27,"Age-standardized",1999,"Rate",0.28791326700948,0.218578770281758,0.381650941891671
1,"Deaths",1799,"Bristol County",25005,520,"Other chronic respiratory diseases",2,"Female",27,"Age-standardized",2000,"Rate",0.302368412845766,0.227800188832379,0.398631512279329
1,"Deaths",1799,"Bristol County",25005,520,"Other chronic respiratory diseases",2,"Female",27,"Age-standardized",2001,"Rate",0.328692167022348,0.246189041042343,0.432625866560553
1,"Deaths",1799,"Bristol County",25005,520,"Other chronic respiratory diseases",2,"Female",27,"Age-standardized",2002,"Rate",0.340401082119835,0.256668816765207,0.453792755960659
1,"Deaths",1799,"Bristol County",25005,520,"Other chronic respiratory diseases",2,"Female",27,"Age-standardized",2003,"Rate",0.338603892088265,0.253676137488451,0.451770042122186
1,"Deaths",1799,"Bristol County",25005,520,"Other chronic respiratory diseases",2,"Female",27,"Age-standardized",2004,"Rate",0.333570396311726,0.248805418988397,0.447825718456607
1,"Deaths",1799,"Bristol County",25005,520,"Other chronic respiratory diseases",2,"Female",27,"Age-standardized",2005,"Rate",0.351024934572459,0.254759217956427,0.471760574617059
1,"Deaths",1799,"Bristol County",25005,520,"Other chronic respiratory diseases",2,"Female",27,"Age-standardized",2006,"Rate",0.364155455399792,0.267834286480526,0.489842194352703
1,"Deaths",1799,"Bristol County",25005,520,"Other chronic respiratory diseases",2,"Female",27,"Age-standardized",2007,"Rate",0.353854507885432,0.254185566040702,0.479417299281073
1,"Deaths",1799,"Bristol County",25005,520,"Other chronic respiratory diseases",2,"Female",27,"Age-standardized",2008,"Rate",0.368569303768211,0.268549038300377,0.496832559248096
1,"Deaths",1799,"Bristol County",25005,520,"Other chronic respiratory diseases",2,"Female",27,"Age-standardized",2009,"Rate",0.366680182986155,0.266634167314745,0.501273351670231
1,"Deaths",1799,"Bristol County",25005,520,"Other chronic respiratory diseases",2,"Female",27,"Age-standardized",2010,"Rate",0.381400401986015,0.272739059164185,0.531720039987843
1,"Deaths",1799,"Bristol County",25005,520,"Other chronic respiratory diseases",2,"Female",27,"Age-standardized",2011,"Rate",0.370056665631261,0.258812027664355,0.527081946690088
1,"Deaths",1799,"Bristol County",25005,520,"Other chronic respiratory diseases",2,"Female",27,"Age-standardized",2012,"Rate",0.371311479019281,0.260008693000621,0.516714211944811
1,"Deaths",1799,"Bristol County",25005,520,"Other chronic respiratory diseases",2,"Female",27,"Age-standardized",2013,"Rate",0.368063245267777,0.258635663229019,0.519003843092186
1,"Deaths",1799,"Bristol County",25005,520,"Other chronic respiratory diseases",2,"Female",27,"Age-standardized",2014,"Rate",0.35617208421702,0.250183511052929,0.501506975048252
1,"Deaths",1799,"Bristol County",25005,520,"Other chronic respiratory diseases",3,"Both",27,"Age-standardized",1980,"Rate",0.490603959240479,0.414822503726817,0.576145215761644
1,"Deaths",1799,"Bristol County",25005,520,"Other chronic respiratory diseases",3,"Both",27,"Age-standardized",1981,"Rate",0.480308336118423,0.4093536323569,0.562129817422941
1,"Deaths",1799,"Bristol County",25005,520,"Other chronic respiratory diseases",3,"Both",27,"Age-standardized",1982,"Rate",0.473595688736179,0.396912840122481,0.557309045096995
1,"Deaths",1799,"Bristol County",25005,520,"Other chronic respiratory diseases",3,"Both",27,"Age-standardized",1983,"Rate",0.476178439593242,0.403033892223861,0.56167240640489
1,"Deaths",1799,"Bristol County",25005,520,"Other chronic respiratory diseases",3,"Both",27,"Age-standardized",1984,"Rate",0.482409302202409,0.411632341751551,0.571843635470005
1,"Deaths",1799,"Bristol County",25005,520,"Other chronic respiratory diseases",3,"Both",27,"Age-standardized",1985,"Rate",0.482654543380343,0.410226165635491,0.561626573815281
1,"Deaths",1799,"Bristol County",25005,520,"Other chronic respiratory diseases",3,"Both",27,"Age-standardized",1986,"Rate",0.463594860869296,0.391472879598958,0.54324358655328
1,"Deaths",1799,"Bristol County",25005,520,"Other chronic respiratory diseases",3,"Both",27,"Age-standardized",1987,"Rate",0.465127913667487,0.393407358491388,0.547363929337519
1,"Deaths",1799,"Bristol County",25005,520,"Other chronic respiratory diseases",3,"Both",27,"Age-standardized",1988,"Rate",0.469486215411768,0.395497940805342,0.549721971267978
1,"Deaths",1799,"Bristol County",25005,520,"Other chronic respiratory diseases",3,"Both",27,"Age-standardized",1989,"Rate",0.458827550652452,0.389023982022682,0.540188756137173
1,"Deaths",1799,"Bristol County",25005,520,"Other chronic respiratory diseases",3,"Both",27,"Age-standardized",1990,"Rate",0.446670990710852,0.379168452678286,0.526594803721279
1,"Deaths",1799,"Bristol County",25005,520,"Other chronic respiratory diseases",3,"Both",27,"Age-standardized",1991,"Rate",0.443020201144248,0.375822785201996,0.520490776303378
1,"Deaths",1799,"Bristol County",25005,520,"Other chronic respiratory diseases",3,"Both",27,"Age-standardized",1992,"Rate",0.434928999599306,0.366723898949836,0.513594874867362
1,"Deaths",1799,"Bristol County",25005,520,"Other chronic respiratory diseases",3,"Both",27,"Age-standardized",1993,"Rate",0.442019792886315,0.37182199102087,0.524450288958715
1,"Deaths",1799,"Bristol County",25005,520,"Other chronic respiratory diseases",3,"Both",27,"Age-standardized",1994,"Rate",0.436586000476107,0.365789764198147,0.512213832991282
1,"Deaths",1799,"Bristol County",25005,520,"Other chronic respiratory diseases",3,"Both",27,"Age-standardized",1995,"Rate",0.453162687123971,0.380817954689303,0.538709248551227
1,"Deaths",1799,"Bristol County",25005,520,"Other chronic respiratory diseases",3,"Both",27,"Age-standardized",1996,"Rate",0.452031091722518,0.378723353729796,0.541818382500149
1,"Deaths",1799,"Bristol County",25005,520,"Other chronic respiratory diseases",3,"Both",27,"Age-standardized",1997,"Rate",0.451028075067003,0.377506538534211,0.5305540349314
1,"Deaths",1799,"Bristol County",25005,520,"Other chronic respiratory diseases",3,"Both",27,"Age-standardized",1998,"Rate",0.467367111088132,0.389096191415426,0.560537819282274
1,"Deaths",1799,"Bristol County",25005,520,"Other chronic respiratory diseases",3,"Both",27,"Age-standardized",1999,"Rate",0.519840026728968,0.435725758516922,0.617648390581315
1,"Deaths",1799,"Bristol County",25005,520,"Other chronic respiratory diseases",3,"Both",27,"Age-standardized",2000,"Rate",0.563927888506767,0.470122071559037,0.668836036064269
1,"Deaths",1799,"Bristol County",25005,520,"Other chronic respiratory diseases",3,"Both",27,"Age-standardized",2001,"Rate",0.581250571622283,0.487510001043105,0.692783613621315
1,"Deaths",1799,"Bristol County",25005,520,"Other chronic respiratory diseases",3,"Both",27,"Age-standardized",2002,"Rate",0.605979717089407,0.506104551524385,0.73099477711546
1,"Deaths",1799,"Bristol County",25005,520,"Other chronic respiratory diseases",3,"Both",27,"Age-standardized",2003,"Rate",0.602753140437725,0.500403091645527,0.724371822424495
1,"Deaths",1799,"Bristol County",25005,520,"Other chronic respiratory diseases",3,"Both",27,"Age-standardized",2004,"Rate",0.595049632320941,0.494307226007559,0.720685222905685
1,"Deaths",1799,"Bristol County",25005,520,"Other chronic respiratory diseases",3,"Both",27,"Age-standardized",2005,"Rate",0.60896765932994,0.500356067498253,0.735420857991561
1,"Deaths",1799,"Bristol County",25005,520,"Other chronic respiratory diseases",3,"Both",27,"Age-standardized",2006,"Rate",0.6211416429073,0.510358101797403,0.75290663272318
1,"Deaths",1799,"Bristol County",25005,520,"Other chronic respiratory diseases",3,"Both",27,"Age-standardized",2007,"Rate",0.612420843849518,0.496896066554806,0.749071714502011
1,"Deaths",1799,"Bristol County",25005,520,"Other chronic respiratory diseases",3,"Both",27,"Age-standardized",2008,"Rate",0.633372287133728,0.518050584736106,0.776842255359405
1,"Deaths",1799,"Bristol County",25005,520,"Other chronic respiratory diseases",3,"Both",27,"Age-standardized",2009,"Rate",0.629540605954885,0.510272206882219,0.765620153685441
1,"Deaths",1799,"Bristol County",25005,520,"Other chronic respiratory diseases",3,"Both",27,"Age-standardized",2010,"Rate",0.631716626236941,0.513520903067778,0.774755434270961
1,"Deaths",1799,"Bristol County",25005,520,"Other chronic respiratory diseases",3,"Both",27,"Age-standardized",2011,"Rate",0.633927406988747,0.513287462146508,0.782732516983752
1,"Deaths",1799,"Bristol County",25005,520,"Other chronic respiratory diseases",3,"Both",27,"Age-standardized",2012,"Rate",0.616256830060262,0.491198633708967,0.759391805486107
1,"Deaths",1799,"Bristol County",25005,520,"Other chronic respiratory diseases",3,"Both",27,"Age-standardized",2013,"Rate",0.624824020695301,0.50058569331336,0.776521549683431
1,"Deaths",1799,"Bristol County",25005,520,"Other chronic respiratory diseases",3,"Both",27,"Age-standardized",2014,"Rate",0.610006648321087,0.487913557551807,0.755937474134548
1,"Deaths",1801,"Dukes County",25007,520,"Other chronic respiratory diseases",1,"Male",27,"Age-standardized",1980,"Rate",0.814501595360697,0.581484326757146,1.07839105191231
1,"Deaths",1801,"Dukes County",25007,520,"Other chronic respiratory diseases",1,"Male",27,"Age-standardized",1981,"Rate",0.802446338108762,0.575245076057091,1.0929345657063
1,"Deaths",1801,"Dukes County",25007,520,"Other chronic respiratory diseases",1,"Male",27,"Age-standardized",1982,"Rate",0.781068458233436,0.561331213528837,1.05933065183861
1,"Deaths",1801,"Dukes County",25007,520,"Other chronic respiratory diseases",1,"Male",27,"Age-standardized",1983,"Rate",0.787465881607789,0.561575077066255,1.05543037052436
1,"Deaths",1801,"Dukes County",25007,520,"Other chronic respiratory diseases",1,"Male",27,"Age-standardized",1984,"Rate",0.777966003549654,0.559236032630199,1.04040214588529
1,"Deaths",1801,"Dukes County",25007,520,"Other chronic respiratory diseases",1,"Male",27,"Age-standardized",1985,"Rate",0.773114264901721,0.557463700265268,1.04985609230964
1,"Deaths",1801,"Dukes County",25007,520,"Other chronic respiratory diseases",1,"Male",27,"Age-standardized",1986,"Rate",0.773854095899085,0.546454730901109,1.03578669898758
1,"Deaths",1801,"Dukes County",25007,520,"Other chronic respiratory diseases",1,"Male",27,"Age-standardized",1987,"Rate",0.752977736665601,0.533628556403884,1.02722639683929
1,"Deaths",1801,"Dukes County",25007,520,"Other chronic respiratory diseases",1,"Male",27,"Age-standardized",1988,"Rate",0.745164650495605,0.528262942349908,1.00914526789866
1,"Deaths",1801,"Dukes County",25007,520,"Other chronic respiratory diseases",1,"Male",27,"Age-standardized",1989,"Rate",0.724283292259992,0.518619928586903,0.973838762202993
1,"Deaths",1801,"Dukes County",25007,520,"Other chronic respiratory diseases",1,"Male",27,"Age-standardized",1990,"Rate",0.703218901812048,0.499469966138759,0.967871176098114
1,"Deaths",1801,"Dukes County",25007,520,"Other chronic respiratory diseases",1,"Male",27,"Age-standardized",1991,"Rate",0.697341148258122,0.492166428769869,0.940742478704842
1,"Deaths",1801,"Dukes County",25007,520,"Other chronic respiratory diseases",1,"Male",27,"Age-standardized",1992,"Rate",0.677085249149145,0.47487311096401,0.921481283383037
1,"Deaths",1801,"Dukes County",25007,520,"Other chronic respiratory diseases",1,"Male",27,"Age-standardized",1993,"Rate",0.684428417971265,0.479452759025065,0.926858564469296
1,"Deaths",1801,"Dukes County",25007,520,"Other chronic respiratory diseases",1,"Male",27,"Age-standardized",1994,"Rate",0.686299806331575,0.478618929778743,0.951564988173334
1,"Deaths",1801,"Dukes County",25007,520,"Other chronic respiratory diseases",1,"Male",27,"Age-standardized",1995,"Rate",0.689450229571157,0.476425628000784,0.954997448206429
1,"Deaths",1801,"Dukes County",25007,520,"Other chronic respiratory diseases",1,"Male",27,"Age-standardized",1996,"Rate",0.681167955201645,0.463611457118155,0.9475532861453
1,"Deaths",1801,"Dukes County",25007,520,"Other chronic respiratory diseases",1,"Male",27,"Age-standardized",1997,"Rate",0.685370057625745,0.460219488998448,0.959090365456366
1,"Deaths",1801,"Dukes County",25007,520,"Other chronic respiratory diseases",1,"Male",27,"Age-standardized",1998,"Rate",0.71474516818795,0.488727969111324,1.01344029096089
1,"Deaths",1801,"Dukes County",25007,520,"Other chronic respiratory diseases",1,"Male",27,"Age-standardized",1999,"Rate",0.769362127513657,0.525400481399562,1.08985636430326
1,"Deaths",1801,"Dukes County",25007,520,"Other chronic respiratory diseases",1,"Male",27,"Age-standardized",2000,"Rate",0.784249308791048,0.526670796631328,1.11115753548298
1,"Deaths",1801,"Dukes County",25007,520,"Other chronic respiratory diseases",1,"Male",27,"Age-standardized",2001,"Rate",0.818789664274635,0.554749671210451,1.17100517058707
1,"Deaths",1801,"Dukes County",25007,520,"Other chronic respiratory diseases",1,"Male",27,"Age-standardized",2002,"Rate",0.826396055667538,0.543151128500684,1.17986384468396
1,"Deaths",1801,"Dukes County",25007,520,"Other chronic respiratory diseases",1,"Male",27,"Age-standardized",2003,"Rate",0.844955679124868,0.548076743955733,1.23315098868588
1,"Deaths",1801,"Dukes County",25007,520,"Other chronic respiratory diseases",1,"Male",27,"Age-standardized",2004,"Rate",0.817712330374226,0.546072306679275,1.16820490769053
1,"Deaths",1801,"Dukes County",25007,520,"Other chronic respiratory diseases",1,"Male",27,"Age-standardized",2005,"Rate",0.831319458000225,0.552340768165294,1.21551179383205
1,"Deaths",1801,"Dukes County",25007,520,"Other chronic respiratory diseases",1,"Male",27,"Age-standardized",2006,"Rate",0.857962254354166,0.559516688220868,1.26022759285873
1,"Deaths",1801,"Dukes County",25007,520,"Other chronic respiratory diseases",1,"Male",27,"Age-standardized",2007,"Rate",0.82996353539045,0.539800440656166,1.24525962947339
1,"Deaths",1801,"Dukes County",25007,520,"Other chronic respiratory diseases",1,"Male",27,"Age-standardized",2008,"Rate",0.816569447683033,0.529401526059765,1.21909349479367
1,"Deaths",1801,"Dukes County",25007,520,"Other chronic respiratory diseases",1,"Male",27,"Age-standardized",2009,"Rate",0.808639662457705,0.514441944181661,1.20518858126519
1,"Deaths",1801,"Dukes County",25007,520,"Other chronic respiratory diseases",1,"Male",27,"Age-standardized",2010,"Rate",0.807945476322431,0.505930574821219,1.21626051609341
1,"Deaths",1801,"Dukes County",25007,520,"Other chronic respiratory diseases",1,"Male",27,"Age-standardized",2011,"Rate",0.79591714438736,0.494573225842963,1.20708902611776
1,"Deaths",1801,"Dukes County",25007,520,"Other chronic respiratory diseases",1,"Male",27,"Age-standardized",2012,"Rate",0.805110638224676,0.498928430417231,1.23362247634515
1,"Deaths",1801,"Dukes County",25007,520,"Other chronic respiratory diseases",1,"Male",27,"Age-standardized",2013,"Rate",0.799553793274313,0.489403327645761,1.22263340443941
1,"Deaths",1801,"Dukes County",25007,520,"Other chronic respiratory diseases",1,"Male",27,"Age-standardized",2014,"Rate",0.778722903547486,0.482966388780348,1.19180579205632
1,"Deaths",1801,"Dukes County",25007,520,"Other chronic respiratory diseases",2,"Female",27,"Age-standardized",1980,"Rate",0.255769551007237,0.151772376003833,0.407292633208872
1,"Deaths",1801,"Dukes County",25007,520,"Other chronic respiratory diseases",2,"Female",27,"Age-standardized",1981,"Rate",0.246576419989591,0.149146545724636,0.381794397148514
1,"Deaths",1801,"Dukes County",25007,520,"Other chronic respiratory diseases",2,"Female",27,"Age-standardized",1982,"Rate",0.238700058523324,0.144772745643551,0.38244759858156
1,"Deaths",1801,"Dukes County",25007,520,"Other chronic respiratory diseases",2,"Female",27,"Age-standardized",1983,"Rate",0.233457021518117,0.138087065010243,0.366770253535305
1,"Deaths",1801,"Dukes County",25007,520,"Other chronic respiratory diseases",2,"Female",27,"Age-standardized",1984,"Rate",0.237399545978639,0.13942610283128,0.367426161978621
1,"Deaths",1801,"Dukes County",25007,520,"Other chronic respiratory diseases",2,"Female",27,"Age-standardized",1985,"Rate",0.235047043266924,0.145014991756599,0.364203150295698
1,"Deaths",1801,"Dukes County",25007,520,"Other chronic respiratory diseases",2,"Female",27,"Age-standardized",1986,"Rate",0.233895075705983,0.142065543825194,0.356944116548738
1,"Deaths",1801,"Dukes County",25007,520,"Other chronic respiratory diseases",2,"Female",27,"Age-standardized",1987,"Rate",0.228172228949022,0.138054119877954,0.356171599574309
1,"Deaths",1801,"Dukes County",25007,520,"Other chronic respiratory diseases",2,"Female",27,"Age-standardized",1988,"Rate",0.225423435262114,0.135452015928489,0.359126729171057
1,"Deaths",1801,"Dukes County",25007,520,"Other chronic respiratory diseases",2,"Female",27,"Age-standardized",1989,"Rate",0.223527395722274,0.134605099257557,0.356806294706193
1,"Deaths",1801,"Dukes County",25007,520,"Other chronic respiratory diseases",2,"Female",27,"Age-standardized",1990,"Rate",0.212764332212311,0.128639302235345,0.338387910081483
1,"Deaths",1801,"Dukes County",25007,520,"Other chronic respiratory diseases",2,"Female",27,"Age-standardized",1991,"Rate",0.214542874568661,0.127359893227057,0.335460970902039
1,"Deaths",1801,"Dukes County",25007,520,"Other chronic respiratory diseases",2,"Female",27,"Age-standardized",1992,"Rate",0.204774540887848,0.123363655810602,0.331256096812931
1,"Deaths",1801,"Dukes County",25007,520,"Other chronic respiratory diseases",2,"Female",27,"Age-standardized",1993,"Rate",0.205301331618274,0.121696125494658,0.332780107813796
1,"Deaths",1801,"Dukes County",25007,520,"Other chronic respiratory diseases",2,"Female",27,"Age-standardized",1994,"Rate",0.200257272645209,0.117679475529964,0.322584589611336
1,"Deaths",1801,"Dukes County",25007,520,"Other chronic respiratory diseases",2,"Female",27,"Age-standardized",1995,"Rate",0.203915931888626,0.118120489085569,0.3320492904303
1,"Deaths",1801,"Dukes County",25007,520,"Other chronic respiratory diseases",2,"Female",27,"Age-standardized",1996,"Rate",0.201099797320235,0.116515812531745,0.33199654340647
1,"Deaths",1801,"Dukes County",25007,520,"Other chronic respiratory diseases",2,"Female",27,"Age-standardized",1997,"Rate",0.204332891707184,0.118609848569533,0.334414696429199
1,"Deaths",1801,"Dukes County",25007,520,"Other chronic respiratory diseases",2,"Female",27,"Age-standardized",1998,"Rate",0.21228059219815,0.121368298117319,0.352107655729708
1,"Deaths",1801,"Dukes County",25007,520,"Other chronic respiratory diseases",2,"Female",27,"Age-standardized",1999,"Rate",0.233564671386551,0.132140301014544,0.392370897421861
1,"Deaths",1801,"Dukes County",25007,520,"Other chronic respiratory diseases",2,"Female",27,"Age-standardized",2000,"Rate",0.24605774335987,0.139140396161484,0.411719686127013
1,"Deaths",1801,"Dukes County",25007,520,"Other chronic respiratory diseases",2,"Female",27,"Age-standardized",2001,"Rate",0.261462708054262,0.145830131254461,0.449516908566786
1,"Deaths",1801,"Dukes County",25007,520,"Other chronic respiratory diseases",2,"Female",27,"Age-standardized",2002,"Rate",0.260422157663401,0.145486237172112,0.447526607244387
1,"Deaths",1801,"Dukes County",25007,520,"Other chronic respiratory diseases",2,"Female",27,"Age-standardized",2003,"Rate",0.270727105830253,0.144462027631562,0.474852237469606
1,"Deaths",1801,"Dukes County",25007,520,"Other chronic respiratory diseases",2,"Female",27,"Age-standardized",2004,"Rate",0.269099402109419,0.144060564505093,0.463948883251549
1,"Deaths",1801,"Dukes County",25007,520,"Other chronic respiratory diseases",2,"Female",27,"Age-standardized",2005,"Rate",0.288570733884467,0.154409988323712,0.514014216074639
1,"Deaths",1801,"Dukes County",25007,520,"Other chronic respiratory diseases",2,"Female",27,"Age-standardized",2006,"Rate",0.309444690467097,0.162720720323573,0.549901308978192
1,"Deaths",1801,"Dukes County",25007,520,"Other chronic respiratory diseases",2,"Female",27,"Age-standardized",2007,"Rate",0.295123389626121,0.155350534710223,0.52178962598004
1,"Deaths",1801,"Dukes County",25007,520,"Other chronic respiratory diseases",2,"Female",27,"Age-standardized",2008,"Rate",0.302120504517583,0.153174041080842,0.559783061402434
1,"Deaths",1801,"Dukes County",25007,520,"Other chronic respiratory diseases",2,"Female",27,"Age-standardized",2009,"Rate",0.296714287663532,0.152090778148334,0.547797513219537
1,"Deaths",1801,"Dukes County",25007,520,"Other chronic respiratory diseases",2,"Female",27,"Age-standardized",2010,"Rate",0.299418700245097,0.147696391094488,0.543957147891044
1,"Deaths",1801,"Dukes County",25007,520,"Other chronic respiratory diseases",2,"Female",27,"Age-standardized",2011,"Rate",0.296751428892647,0.147030720712682,0.553201373464691
1,"Deaths",1801,"Dukes County",25007,520,"Other chronic respiratory diseases",2,"Female",27,"Age-standardized",2012,"Rate",0.302147681164159,0.148882390445339,0.573218457695597
1,"Deaths",1801,"Dukes County",25007,520,"Other chronic respiratory diseases",2,"Female",27,"Age-standardized",2013,"Rate",0.298505823329418,0.143503015307151,0.563495454375618
1,"Deaths",1801,"Dukes County",25007,520,"Other chronic respiratory diseases",2,"Female",27,"Age-standardized",2014,"Rate",0.287152415532976,0.138164620486254,0.563088271243516
1,"Deaths",1801,"Dukes County",25007,520,"Other chronic respiratory diseases",3,"Both",27,"Age-standardized",1980,"Rate",0.454458950553404,0.331401120207591,0.604170527765786
1,"Deaths",1801,"Dukes County",25007,520,"Other chronic respiratory diseases",3,"Both",27,"Age-standardized",1981,"Rate",0.445491009488254,0.325441725960964,0.599595988193029
1,"Deaths",1801,"Dukes County",25007,520,"Other chronic respiratory diseases",3,"Both",27,"Age-standardized",1982,"Rate",0.43235825016125,0.313873073678611,0.583710660725418
1,"Deaths",1801,"Dukes County",25007,520,"Other chronic respiratory diseases",3,"Both",27,"Age-standardized",1983,"Rate",0.431615224343014,0.315928466910351,0.578835361060628
1,"Deaths",1801,"Dukes County",25007,520,"Other chronic respiratory diseases",3,"Both",27,"Age-standardized",1984,"Rate",0.431995964635825,0.315018267135234,0.583557646174657
1,"Deaths",1801,"Dukes County",25007,520,"Other chronic respiratory diseases",3,"Both",27,"Age-standardized",1985,"Rate",0.431001524130581,0.30713992502655,0.58699504706778
1,"Deaths",1801,"Dukes County",25007,520,"Other chronic respiratory diseases",3,"Both",27,"Age-standardized",1986,"Rate",0.432100217166692,0.309562463057614,0.588491934923974
1,"Deaths",1801,"Dukes County",25007,520,"Other chronic respiratory diseases",3,"Both",27,"Age-standardized",1987,"Rate",0.421243837737427,0.298629572727619,0.561449497882157
1,"Deaths",1801,"Dukes County",25007,520,"Other chronic respiratory diseases",3,"Both",27,"Age-standardized",1988,"Rate",0.41914803618586,0.302337519775657,0.578945473335914
1,"Deaths",1801,"Dukes County",25007,520,"Other chronic respiratory diseases",3,"Both",27,"Age-standardized",1989,"Rate",0.411110992944727,0.294280687052846,0.561876181865367
1,"Deaths",1801,"Dukes County",25007,520,"Other chronic respiratory diseases",3,"Both",27,"Age-standardized",1990,"Rate",0.397785133388515,0.281317706508201,0.539467547450176
1,"Deaths",1801,"Dukes County",25007,520,"Other chronic respiratory diseases",3,"Both",27,"Age-standardized",1991,"Rate",0.39537147743905,0.280598794106513,0.546901094568354
1,"Deaths",1801,"Dukes County",25007,520,"Other chronic respiratory diseases",3,"Both",27,"Age-standardized",1992,"Rate",0.380115866428908,0.267623871880482,0.526854958043695
1,"Deaths",1801,"Dukes County",25007,520,"Other chronic respiratory diseases",3,"Both",27,"Age-standardized",1993,"Rate",0.383123940337011,0.265127992697076,0.534134971443922
1,"Deaths",1801,"Dukes County",25007,520,"Other chronic respiratory diseases",3,"Both",27,"Age-standardized",1994,"Rate",0.379405900429979,0.26143363239418,0.528983596873651
1,"Deaths",1801,"Dukes County",25007,520,"Other chronic respiratory diseases",3,"Both",27,"Age-standardized",1995,"Rate",0.381748717943263,0.261364229750404,0.544895530678075
1,"Deaths",1801,"Dukes County",25007,520,"Other chronic respiratory diseases",3,"Both",27,"Age-standardized",1996,"Rate",0.377028761004379,0.256758896666202,0.536767365194528
1,"Deaths",1801,"Dukes County",25007,520,"Other chronic respiratory diseases",3,"Both",27,"Age-standardized",1997,"Rate",0.380636726952571,0.256911012360378,0.544375602147713
1,"Deaths",1801,"Dukes County",25007,520,"Other chronic respiratory diseases",3,"Both",27,"Age-standardized",1998,"Rate",0.395448818477476,0.262763236927971,0.560258376755288
1,"Deaths",1801,"Dukes County",25007,520,"Other chronic respiratory diseases",3,"Both",27,"Age-standardized",1999,"Rate",0.430309958635097,0.28379839134442,0.622581743273317
1,"Deaths",1801,"Dukes County",25007,520,"Other chronic respiratory diseases",3,"Both",27,"Age-standardized",2000,"Rate",0.444754809429903,0.295877707188422,0.641738358867795
1,"Deaths",1801,"Dukes County",25007,520,"Other chronic respiratory diseases",3,"Both",27,"Age-standardized",2001,"Rate",0.471172777570801,0.31486054536933,0.69617875158368
1,"Deaths",1801,"Dukes County",25007,520,"Other chronic respiratory diseases",3,"Both",27,"Age-standardized",2002,"Rate",0.482639951714632,0.317524886620234,0.708982795759266
1,"Deaths",1801,"Dukes County",25007,520,"Other chronic respiratory diseases",3,"Both",27,"Age-standardized",2003,"Rate",0.495225315692161,0.320158408672654,0.738191250486432
1,"Deaths",1801,"Dukes County",25007,520,"Other chronic respiratory diseases",3,"Both",27,"Age-standardized",2004,"Rate",0.492905421735509,0.32111940425211,0.724407642658861
1,"Deaths",1801,"Dukes County",25007,520,"Other chronic respiratory diseases",3,"Both",27,"Age-standardized",2005,"Rate",0.508392051277219,0.324160551537184,0.764767598965657
1,"Deaths",1801,"Dukes County",25007,520,"Other chronic respiratory diseases",3,"Both",27,"Age-standardized",2006,"Rate",0.53292760809458,0.342022470272266,0.801207748611413
1,"Deaths",1801,"Dukes County",25007,520,"Other chronic respiratory diseases",3,"Both",27,"Age-standardized",2007,"Rate",0.51685890102524,0.324958385225272,0.787662804003871
1,"Deaths",1801,"Dukes County",25007,520,"Other chronic respiratory diseases",3,"Both",27,"Age-standardized",2008,"Rate",0.513285375253473,0.319171333857995,0.784825055819011
1,"Deaths",1801,"Dukes County",25007,520,"Other chronic respiratory diseases",3,"Both",27,"Age-standardized",2009,"Rate",0.51020932435594,0.317696252311344,0.779724044647993
1,"Deaths",1801,"Dukes County",25007,520,"Other chronic respiratory diseases",3,"Both",27,"Age-standardized",2010,"Rate",0.512437987238442,0.314133265808511,0.787736542544082
1,"Deaths",1801,"Dukes County",25007,520,"Other chronic respiratory diseases",3,"Both",27,"Age-standardized",2011,"Rate",0.510778135675576,0.30927069245378,0.794079609803057
1,"Deaths",1801,"Dukes County",25007,520,"Other chronic respiratory diseases",3,"Both",27,"Age-standardized",2012,"Rate",0.515659096622369,0.316295091790948,0.815028561247013
1,"Deaths",1801,"Dukes County",25007,520,"Other chronic respiratory diseases",3,"Both",27,"Age-standardized",2013,"Rate",0.513416335100092,0.307905315790625,0.812463209244239
1,"Deaths",1801,"Dukes County",25007,520,"Other chronic respiratory diseases",3,"Both",27,"Age-standardized",2014,"Rate",0.502361855356186,0.291405450170004,0.799873162347879
1,"Deaths",1789,"Essex County",25009,520,"Other chronic respiratory diseases",1,"Male",27,"Age-standardized",1980,"Rate",0.84906331835958,0.6885895495401,1.03094512655348
1,"Deaths",1789,"Essex County",25009,520,"Other chronic respiratory diseases",1,"Male",27,"Age-standardized",1981,"Rate",0.824708957507381,0.671377865283285,0.998109627773408
1,"Deaths",1789,"Essex County",25009,520,"Other chronic respiratory diseases",1,"Male",27,"Age-standardized",1982,"Rate",0.799926985279462,0.648776174925106,0.957138625823435
1,"Deaths",1789,"Essex County",25009,520,"Other chronic respiratory diseases",1,"Male",27,"Age-standardized",1983,"Rate",0.817171438718861,0.663363698474997,0.980504461760451
1,"Deaths",1789,"Essex County",25009,520,"Other chronic respiratory diseases",1,"Male",27,"Age-standardized",1984,"Rate",0.825400786347902,0.678073990950893,0.990563014003029
1,"Deaths",1789,"Essex County",25009,520,"Other chronic respiratory diseases",1,"Male",27,"Age-standardized",1985,"Rate",0.818934501434708,0.669504185757354,0.976841120777757
1,"Deaths",1789,"Essex County",25009,520,"Other chronic respiratory diseases",1,"Male",27,"Age-standardized",1986,"Rate",0.825048562661839,0.677295253292109,0.983522043102661
1,"Deaths",1789,"Essex County",25009,520,"Other chronic respiratory diseases",1,"Male",27,"Age-standardized",1987,"Rate",0.807632231745143,0.666181064583283,0.957899441392908
1,"Deaths",1789,"Essex County",25009,520,"Other chronic respiratory diseases",1,"Male",27,"Age-standardized",1988,"Rate",0.805055790942414,0.664285630536773,0.955088742583211
1,"Deaths",1789,"Essex County",25009,520,"Other chronic respiratory diseases",1,"Male",27,"Age-standardized",1989,"Rate",0.774069606435013,0.636966325639744,0.923072713928215
1,"Deaths",1789,"Essex County",25009,520,"Other chronic respiratory diseases",1,"Male",27,"Age-standardized",1990,"Rate",0.760259499509102,0.625067695841758,0.902201870193605
1,"Deaths",1789,"Essex County",25009,520,"Other chronic respiratory diseases",1,"Male",27,"Age-standardized",1991,"Rate",0.741779113807374,0.611622015355314,0.878539563087143
1,"Deaths",1789,"Essex County",25009,520,"Other chronic respiratory diseases",1,"Male",27,"Age-standardized",1992,"Rate",0.744412758979386,0.613373707870223,0.884153216965269
1,"Deaths",1789,"Essex County",25009,520,"Other chronic respiratory diseases",1,"Male",27,"Age-standardized",1993,"Rate",0.751445469171596,0.618466596336701,0.890196649302183
1,"Deaths",1789,"Essex County",25009,520,"Other chronic respiratory diseases",1,"Male",27,"Age-standardized",1994,"Rate",0.752695669006623,0.619731901733192,0.895838183271556
1,"Deaths",1789,"Essex County",25009,520,"Other chronic respiratory diseases",1,"Male",27,"Age-standardized",1995,"Rate",0.760860114774668,0.624472774118408,0.907573012339729
1,"Deaths",1789,"Essex County",25009,520,"Other chronic respiratory diseases",1,"Male",27,"Age-standardized",1996,"Rate",0.761306720286651,0.636629521478362,0.901921678591432
1,"Deaths",1789,"Essex County",25009,520,"Other chronic respiratory diseases",1,"Male",27,"Age-standardized",1997,"Rate",0.747108933549148,0.619930205615847,0.880787580775999
1,"Deaths",1789,"Essex County",25009,520,"Other chronic respiratory diseases",1,"Male",27,"Age-standardized",1998,"Rate",0.810198401040488,0.672274342433562,0.956686645210269
1,"Deaths",1789,"Essex County",25009,520,"Other chronic respiratory diseases",1,"Male",27,"Age-standardized",1999,"Rate",0.864569548460008,0.718926476002603,1.02718082638438
1,"Deaths",1789,"Essex County",25009,520,"Other chronic respiratory diseases",1,"Male",27,"Age-standardized",2000,"Rate",0.892581869980426,0.74617046073881,1.0577704849226
1,"Deaths",1789,"Essex County",25009,520,"Other chronic respiratory diseases",1,"Male",27,"Age-standardized",2001,"Rate",0.885394474763752,0.735017272479855,1.04931561839196
1,"Deaths",1789,"Essex County",25009,520,"Other chronic respiratory diseases",1,"Male",27,"Age-standardized",2002,"Rate",0.947509652213669,0.790601471844941,1.12334304403626
1,"Deaths",1789,"Essex County",25009,520,"Other chronic respiratory diseases",1,"Male",27,"Age-standardized",2003,"Rate",0.919906689560688,0.767751666786468,1.09216500539015
1,"Deaths",1789,"Essex County",25009,520,"Other chronic respiratory diseases",1,"Male",27,"Age-standardized",2004,"Rate",0.942956666067465,0.776718650201888,1.11743547910461
1,"Deaths",1789,"Essex County",25009,520,"Other chronic respiratory diseases",1,"Male",27,"Age-standardized",2005,"Rate",0.908537222529091,0.747705828501467,1.075678904007
1,"Deaths",1789,"Essex County",25009,520,"Other chronic respiratory diseases",1,"Male",27,"Age-standardized",2006,"Rate",0.914350932445314,0.753445867243279,1.08551660675252
1,"Deaths",1789,"Essex County",25009,520,"Other chronic respiratory diseases",1,"Male",27,"Age-standardized",2007,"Rate",0.928438347937343,0.764210095661055,1.10714550674573
1,"Deaths",1789,"Essex County",25009,520,"Other chronic respiratory diseases",1,"Male",27,"Age-standardized",2008,"Rate",0.919446994591316,0.753789317936256,1.10192226586296
1,"Deaths",1789,"Essex County",25009,520,"Other chronic respiratory diseases",1,"Male",27,"Age-standardized",2009,"Rate",0.904394514642621,0.740405934206306,1.08288249345276
1,"Deaths",1789,"Essex County",25009,520,"Other chronic respiratory diseases",1,"Male",27,"Age-standardized",2010,"Rate",0.907063476404115,0.738279803315889,1.09481386260375
1,"Deaths",1789,"Essex County",25009,520,"Other chronic respiratory diseases",1,"Male",27,"Age-standardized",2011,"Rate",0.893097097504657,0.723599607274623,1.08827428083636
1,"Deaths",1789,"Essex County",25009,520,"Other chronic respiratory diseases",1,"Male",27,"Age-standardized",2012,"Rate",0.883213281969975,0.714381313258045,1.08087671288378
1,"Deaths",1789,"Essex County",25009,520,"Other chronic respiratory diseases",1,"Male",27,"Age-standardized",2013,"Rate",0.870223340990982,0.696059785963407,1.07581191808818
1,"Deaths",1789,"Essex County",25009,520,"Other chronic respiratory diseases",1,"Male",27,"Age-standardized",2014,"Rate",0.878780089638072,0.696224355476911,1.08950092735449
1,"Deaths",1789,"Essex County",25009,520,"Other chronic respiratory diseases",2,"Female",27,"Age-standardized",1980,"Rate",0.246535289382293,0.176689747341808,0.327676558321679
1,"Deaths",1789,"Essex County",25009,520,"Other chronic respiratory diseases",2,"Female",27,"Age-standardized",1981,"Rate",0.242752353815483,0.175812822693733,0.320350945925509
1,"Deaths",1789,"Essex County",25009,520,"Other chronic respiratory diseases",2,"Female",27,"Age-standardized",1982,"Rate",0.227515328314348,0.16638634342355,0.296866262062789
1,"Deaths",1789,"Essex County",25009,520,"Other chronic respiratory diseases",2,"Female",27,"Age-standardized",1983,"Rate",0.234645318756288,0.174848649140147,0.308566769605866
1,"Deaths",1789,"Essex County",25009,520,"Other chronic respiratory diseases",2,"Female",27,"Age-standardized",1984,"Rate",0.24230474351902,0.181155284789414,0.316779126567321
1,"Deaths",1789,"Essex County",25009,520,"Other chronic respiratory diseases",2,"Female",27,"Age-standardized",1985,"Rate",0.233430095445645,0.176275362978733,0.303516469605982
1,"Deaths",1789,"Essex County",25009,520,"Other chronic respiratory diseases",2,"Female",27,"Age-standardized",1986,"Rate",0.237960941743072,0.180738382740125,0.312267876028107
1,"Deaths",1789,"Essex County",25009,520,"Other chronic respiratory diseases",2,"Female",27,"Age-standardized",1987,"Rate",0.233124943401833,0.176581276161056,0.30535923586787
1,"Deaths",1789,"Essex County",25009,520,"Other chronic respiratory diseases",2,"Female",27,"Age-standardized",1988,"Rate",0.235521222233308,0.178327094306437,0.309342646525518
1,"Deaths",1789,"Essex County",25009,520,"Other chronic respiratory diseases",2,"Female",27,"Age-standardized",1989,"Rate",0.22865594277385,0.170886567490207,0.294655491839805
1,"Deaths",1789,"Essex County",25009,520,"Other chronic respiratory diseases",2,"Female",27,"Age-standardized",1990,"Rate",0.224218318554237,0.170326771131355,0.288746935880481
1,"Deaths",1789,"Essex County",25009,520,"Other chronic respiratory diseases",2,"Female",27,"Age-standardized",1991,"Rate",0.22230063154388,0.169096779900021,0.290738057803937
1,"Deaths",1789,"Essex County",25009,520,"Other chronic respiratory diseases",2,"Female",27,"Age-standardized",1992,"Rate",0.225000443126669,0.175205995670921,0.290217802621365
1,"Deaths",1789,"Essex County",25009,520,"Other chronic respiratory diseases",2,"Female",27,"Age-standardized",1993,"Rate",0.223752154068735,0.16878992228973,0.293781810402303
1,"Deaths",1789,"Essex County",25009,520,"Other chronic respiratory diseases",2,"Female",27,"Age-standardized",1994,"Rate",0.223541750801062,0.170304139463261,0.28895248655511
1,"Deaths",1789,"Essex County",25009,520,"Other chronic respiratory diseases",2,"Female",27,"Age-standardized",1995,"Rate",0.231156223936194,0.172767245138576,0.301727138441317
1,"Deaths",1789,"Essex County",25009,520,"Other chronic respiratory diseases",2,"Female",27,"Age-standardized",1996,"Rate",0.232579812872942,0.178302389938479,0.305404735625964
1,"Deaths",1789,"Essex County",25009,520,"Other chronic respiratory diseases",2,"Female",27,"Age-standardized",1997,"Rate",0.233961270046032,0.177537230153541,0.30846821621098
1,"Deaths",1789,"Essex County",25009,520,"Other chronic respiratory diseases",2,"Female",27,"Age-standardized",1998,"Rate",0.249013162087277,0.192225851100037,0.32526089648697
1,"Deaths",1789,"Essex County",25009,520,"Other chronic respiratory diseases",2,"Female",27,"Age-standardized",1999,"Rate",0.272804234266046,0.21009270625325,0.357639285711397
1,"Deaths",1789,"Essex County",25009,520,"Other chronic respiratory diseases",2,"Female",27,"Age-standardized",2000,"Rate",0.308025603846093,0.23529572552789,0.413706410309937
1,"Deaths",1789,"Essex County",25009,520,"Other chronic respiratory diseases",2,"Female",27,"Age-standardized",2001,"Rate",0.310715045003582,0.238969939011566,0.40682968404544
1,"Deaths",1789,"Essex County",25009,520,"Other chronic respiratory diseases",2,"Female",27,"Age-standardized",2002,"Rate",0.314370835906199,0.236340815178451,0.420883468154202
1,"Deaths",1789,"Essex County",25009,520,"Other chronic respiratory diseases",2,"Female",27,"Age-standardized",2003,"Rate",0.327962950429041,0.246808439419704,0.4325437979648
1,"Deaths",1789,"Essex County",25009,520,"Other chronic respiratory diseases",2,"Female",27,"Age-standardized",2004,"Rate",0.329271791820778,0.252950388731239,0.435255434356517
1,"Deaths",1789,"Essex County",25009,520,"Other chronic respiratory diseases",2,"Female",27,"Age-standardized",2005,"Rate",0.332522459237946,0.246780253311042,0.454079830548385
1,"Deaths",1789,"Essex County",25009,520,"Other chronic respiratory diseases",2,"Female",27,"Age-standardized",2006,"Rate",0.359279626190073,0.271173851796565,0.485444491465046
1,"Deaths",1789,"Essex County",25009,520,"Other chronic respiratory diseases",2,"Female",27,"Age-standardized",2007,"Rate",0.342945610736786,0.252373380349339,0.467837906692028
1,"Deaths",1789,"Essex County",25009,520,"Other chronic respiratory diseases",2,"Female",27,"Age-standardized",2008,"Rate",0.351797644694558,0.254557202827403,0.478022160368561
1,"Deaths",1789,"Essex County",25009,520,"Other chronic respiratory diseases",2,"Female",27,"Age-standardized",2009,"Rate",0.359038507226542,0.264149175209577,0.485804811899868
1,"Deaths",1789,"Essex County",25009,520,"Other chronic respiratory diseases",2,"Female",27,"Age-standardized",2010,"Rate",0.34836507186378,0.254834757100351,0.485984982093379
1,"Deaths",1789,"Essex County",25009,520,"Other chronic respiratory diseases",2,"Female",27,"Age-standardized",2011,"Rate",0.355545604827325,0.257704206609868,0.499042819945164
1,"Deaths",1789,"Essex County",25009,520,"Other chronic respiratory diseases",2,"Female",27,"Age-standardized",2012,"Rate",0.343172547161306,0.24218334660908,0.477322951697677
1,"Deaths",1789,"Essex County",25009,520,"Other chronic respiratory diseases",2,"Female",27,"Age-standardized",2013,"Rate",0.337904954424489,0.242278031959688,0.47043496247251
1,"Deaths",1789,"Essex County",25009,520,"Other chronic respiratory diseases",2,"Female",27,"Age-standardized",2014,"Rate",0.340860999268072,0.240155639353302,0.479204429919006
1,"Deaths",1789,"Essex County",25009,520,"Other chronic respiratory diseases",3,"Both",27,"Age-standardized",1980,"Rate",0.460445939372128,0.382223803320491,0.546752730801944
1,"Deaths",1789,"Essex County",25009,520,"Other chronic respiratory diseases",3,"Both",27,"Age-standardized",1981,"Rate",0.448709675452962,0.375908600601042,0.535242497100053
1,"Deaths",1789,"Essex County",25009,520,"Other chronic respiratory diseases",3,"Both",27,"Age-standardized",1982,"Rate",0.427386465670889,0.3580185289967,0.501205539093927
1,"Deaths",1789,"Essex County",25009,520,"Other chronic respiratory diseases",3,"Both",27,"Age-standardized",1983,"Rate",0.437764360119808,0.36997885548552,0.515799218232409
1,"Deaths",1789,"Essex County",25009,520,"Other chronic respiratory diseases",3,"Both",27,"Age-standardized",1984,"Rate",0.444472963409397,0.373937656315316,0.522739759916778
1,"Deaths",1789,"Essex County",25009,520,"Other chronic respiratory diseases",3,"Both",27,"Age-standardized",1985,"Rate",0.436016599151911,0.36897972761274,0.510139335645884
1,"Deaths",1789,"Essex County",25009,520,"Other chronic respiratory diseases",3,"Both",27,"Age-standardized",1986,"Rate",0.440804118905814,0.372278870536658,0.516652051392101
1,"Deaths",1789,"Essex County",25009,520,"Other chronic respiratory diseases",3,"Both",27,"Age-standardized",1987,"Rate",0.431294837519899,0.361774574263673,0.503055203288723
1,"Deaths",1789,"Essex County",25009,520,"Other chronic respiratory diseases",3,"Both",27,"Age-standardized",1988,"Rate",0.432500442001786,0.36881619337687,0.506760063287714
1,"Deaths",1789,"Essex County",25009,520,"Other chronic respiratory diseases",3,"Both",27,"Age-standardized",1989,"Rate",0.417883706656944,0.354226180136378,0.487488199984595
1,"Deaths",1789,"Essex County",25009,520,"Other chronic respiratory diseases",3,"Both",27,"Age-standardized",1990,"Rate",0.410643964964792,0.347521920260515,0.4799320203308
1,"Deaths",1789,"Essex County",25009,520,"Other chronic respiratory diseases",3,"Both",27,"Age-standardized",1991,"Rate",0.403694667527558,0.345689672209899,0.467112424880444
1,"Deaths",1789,"Essex County",25009,520,"Other chronic respiratory diseases",3,"Both",27,"Age-standardized",1992,"Rate",0.406184292075306,0.346455519953367,0.477336686153873
1,"Deaths",1789,"Essex County",25009,520,"Other chronic respiratory diseases",3,"Both",27,"Age-standardized",1993,"Rate",0.409000035874834,0.349733200030835,0.479666038340611
1,"Deaths",1789,"Essex County",25009,520,"Other chronic respiratory diseases",3,"Both",27,"Age-standardized",1994,"Rate",0.409336055306439,0.348256761425316,0.481368859046396
1,"Deaths",1789,"Essex County",25009,520,"Other chronic respiratory diseases",3,"Both",27,"Age-standardized",1995,"Rate",0.418238293097639,0.355212497621457,0.488779226637233
1,"Deaths",1789,"Essex County",25009,520,"Other chronic respiratory diseases",3,"Both",27,"Age-standardized",1996,"Rate",0.42026768012366,0.358939864121734,0.49568116472153
1,"Deaths",1789,"Essex County",25009,520,"Other chronic respiratory diseases",3,"Both",27,"Age-standardized",1997,"Rate",0.416746443808586,0.353391154151768,0.489085999446315
1,"Deaths",1789,"Essex County",25009,520,"Other chronic respiratory diseases",3,"Both",27,"Age-standardized",1998,"Rate",0.450996358314546,0.384934047434092,0.528841666509882
1,"Deaths",1789,"Essex County",25009,520,"Other chronic respiratory diseases",3,"Both",27,"Age-standardized",1999,"Rate",0.488997409688488,0.41594797736214,0.576742410720049
1,"Deaths",1789,"Essex County",25009,520,"Other chronic respiratory diseases",3,"Both",27,"Age-standardized",2000,"Rate",0.522950962154568,0.444481189242262,0.621563523100633
1,"Deaths",1789,"Essex County",25009,520,"Other chronic respiratory diseases",3,"Both",27,"Age-standardized",2001,"Rate",0.522373611007664,0.441882681144689,0.61669322850287
1,"Deaths",1789,"Essex County",25009,520,"Other chronic respiratory diseases",3,"Both",27,"Age-standardized",2002,"Rate",0.55171502189749,0.468846373265101,0.650662781072193
1,"Deaths",1789,"Essex County",25009,520,"Other chronic respiratory diseases",3,"Both",27,"Age-standardized",2003,"Rate",0.549910735027288,0.464518548124775,0.649021623028963
1,"Deaths",1789,"Essex County",25009,520,"Other chronic respiratory diseases",3,"Both",27,"Age-standardized",2004,"Rate",0.563049404619855,0.473314570822951,0.665576913655297
1,"Deaths",1789,"Essex County",25009,520,"Other chronic respiratory diseases",3,"Both",27,"Age-standardized",2005,"Rate",0.553417027933737,0.459514912929597,0.661009745599422
1,"Deaths",1789,"Essex County",25009,520,"Other chronic respiratory diseases",3,"Both",27,"Age-standardized",2006,"Rate",0.572212776875844,0.477494391897493,0.68438148135511
1,"Deaths",1789,"Essex County",25009,520,"Other chronic respiratory diseases",3,"Both",27,"Age-standardized",2007,"Rate",0.571040765584188,0.473153174011488,0.689458119930666
1,"Deaths",1789,"Essex County",25009,520,"Other chronic respiratory diseases",3,"Both",27,"Age-standardized",2008,"Rate",0.573880495719086,0.476210701722532,0.686322890626474
1,"Deaths",1789,"Essex County",25009,520,"Other chronic respiratory diseases",3,"Both",27,"Age-standardized",2009,"Rate",0.572821042563747,0.475159431117357,0.690937925284127
1,"Deaths",1789,"Essex County",25009,520,"Other chronic respiratory diseases",3,"Both",27,"Age-standardized",2010,"Rate",0.567894706533724,0.465012440745669,0.690999700232881
1,"Deaths",1789,"Essex County",25009,520,"Other chronic respiratory diseases",3,"Both",27,"Age-standardized",2011,"Rate",0.56726976489392,0.459297499087543,0.685333287531215
1,"Deaths",1789,"Essex County",25009,520,"Other chronic respiratory diseases",3,"Both",27,"Age-standardized",2012,"Rate",0.557224023586802,0.450602042333926,0.67364541126223
1,"Deaths",1789,"Essex County",25009,520,"Other chronic respiratory diseases",3,"Both",27,"Age-standardized",2013,"Rate",0.549827002462224,0.442597452380472,0.671385411164597
1,"Deaths",1789,"Essex County",25009,520,"Other chronic respiratory diseases",3,"Both",27,"Age-standardized",2014,"Rate",0.554042507545384,0.44468450765397,0.685573008859121
1,"Deaths",1791,"Franklin County",25011,520,"Other chronic respiratory diseases",1,"Male",27,"Age-standardized",1980,"Rate",0.799985592759019,0.639520982834954,0.994202141363907
1,"Deaths",1791,"Franklin County",25011,520,"Other chronic respiratory diseases",1,"Male",27,"Age-standardized",1981,"Rate",0.79592482943388,0.63348577403956,0.989228055188324
1,"Deaths",1791,"Franklin County",25011,520,"Other chronic respiratory diseases",1,"Male",27,"Age-standardized",1982,"Rate",0.803300644843874,0.642856377264321,0.982608074743062
1,"Deaths",1791,"Franklin County",25011,520,"Other chronic respiratory diseases",1,"Male",27,"Age-standardized",1983,"Rate",0.819787041602299,0.664186014080068,1.01377378889894
1,"Deaths",1791,"Franklin County",25011,520,"Other chronic respiratory diseases",1,"Male",27,"Age-standardized",1984,"Rate",0.801679731122128,0.6457325847602,0.991393500951519
1,"Deaths",1791,"Franklin County",25011,520,"Other chronic respiratory diseases",1,"Male",27,"Age-standardized",1985,"Rate",0.832005839940991,0.670032730056314,1.0218074964294
1,"Deaths",1791,"Franklin County",25011,520,"Other chronic respiratory diseases",1,"Male",27,"Age-standardized",1986,"Rate",0.839816954836557,0.673099834549161,1.03012553295426
1,"Deaths",1791,"Franklin County",25011,520,"Other chronic respiratory diseases",1,"Male",27,"Age-standardized",1987,"Rate",0.823342005176385,0.663134297884178,1.02439155010378
1,"Deaths",1791,"Franklin County",25011,520,"Other chronic respiratory diseases",1,"Male",27,"Age-standardized",1988,"Rate",0.835169944518527,0.666482065219341,1.03135463192307
1,"Deaths",1791,"Franklin County",25011,520,"Other chronic respiratory diseases",1,"Male",27,"Age-standardized",1989,"Rate",0.826529276153552,0.658577289228287,1.02954144918561
1,"Deaths",1791,"Franklin County",25011,520,"Other chronic respiratory diseases",1,"Male",27,"Age-standardized",1990,"Rate",0.795611573179818,0.632589263880161,0.988368457589885
1,"Deaths",1791,"Franklin County",25011,520,"Other chronic respiratory diseases",1,"Male",27,"Age-standardized",1991,"Rate",0.788122849344032,0.631373435422049,0.975454963422879
1,"Deaths",1791,"Franklin County",25011,520,"Other chronic respiratory diseases",1,"Male",27,"Age-standardized",1992,"Rate",0.78495779736741,0.625615080322609,0.983657949125942
1,"Deaths",1791,"Franklin County",25011,520,"Other chronic respiratory diseases",1,"Male",27,"Age-standardized",1993,"Rate",0.78301165404781,0.624734958082143,0.980222415653911
1,"Deaths",1791,"Franklin County",25011,520,"Other chronic respiratory diseases",1,"Male",27,"Age-standardized",1994,"Rate",0.78380354100093,0.619044599089499,0.980339699604601
1,"Deaths",1791,"Franklin County",25011,520,"Other chronic respiratory diseases",1,"Male",27,"Age-standardized",1995,"Rate",0.806847183348577,0.635797722230353,1.01894381786912
1,"Deaths",1791,"Franklin County",25011,520,"Other chronic respiratory diseases",1,"Male",27,"Age-standardized",1996,"Rate",0.799197795301239,0.631724348617559,1.01116627989104
1,"Deaths",1791,"Franklin County",25011,520,"Other chronic respiratory diseases",1,"Male",27,"Age-standardized",1997,"Rate",0.806642555099065,0.631946374810119,1.00095317115752
1,"Deaths",1791,"Franklin County",25011,520,"Other chronic respiratory diseases",1,"Male",27,"Age-standardized",1998,"Rate",0.857630034810293,0.674193106016399,1.0905700798604
1,"Deaths",1791,"Franklin County",25011,520,"Other chronic respiratory diseases",1,"Male",27,"Age-standardized",1999,"Rate",0.921603719757668,0.724715246713243,1.16794786583343
1,"Deaths",1791,"Franklin County",25011,520,"Other chronic respiratory diseases",1,"Male",27,"Age-standardized",2000,"Rate",0.955863113071679,0.757865778806524,1.19816059732913
1,"Deaths",1791,"Franklin County",25011,520,"Other chronic respiratory diseases",1,"Male",27,"Age-standardized",2001,"Rate",0.985881058758194,0.768541150643487,1.23756363535265
1,"Deaths",1791,"Franklin County",25011,520,"Other chronic respiratory diseases",1,"Male",27,"Age-standardized",2002,"Rate",1.02079237330316,0.796989276881059,1.27096140645531
1,"Deaths",1791,"Franklin County",25011,520,"Other chronic respiratory diseases",1,"Male",27,"Age-standardized",2003,"Rate",1.02862517817638,0.814099403082053,1.29940235685966
1,"Deaths",1791,"Franklin County",25011,520,"Other chronic respiratory diseases",1,"Male",27,"Age-standardized",2004,"Rate",1.05022048671882,0.809517285652515,1.32777953632246
1,"Deaths",1791,"Franklin County",25011,520,"Other chronic respiratory diseases",1,"Male",27,"Age-standardized",2005,"Rate",1.07528684846586,0.84629855630338,1.35540001163783
1,"Deaths",1791,"Franklin County",25011,520,"Other chronic respiratory diseases",1,"Male",27,"Age-standardized",2006,"Rate",1.08539557486689,0.846774613829302,1.36135519912748
1,"Deaths",1791,"Franklin County",25011,520,"Other chronic respiratory diseases",1,"Male",27,"Age-standardized",2007,"Rate",1.11602820911129,0.880599113216698,1.40389495072851
1,"Deaths",1791,"Franklin County",25011,520,"Other chronic respiratory diseases",1,"Male",27,"Age-standardized",2008,"Rate",1.11345073576334,0.875880302832429,1.41130101334654
1,"Deaths",1791,"Franklin County",25011,520,"Other chronic respiratory diseases",1,"Male",27,"Age-standardized",2009,"Rate",1.12398752734374,0.86868133879267,1.41993335882338
1,"Deaths",1791,"Franklin County",25011,520,"Other chronic respiratory diseases",1,"Male",27,"Age-standardized",2010,"Rate",1.11483995139907,0.863231630847562,1.41499057472287
1,"Deaths",1791,"Franklin County",25011,520,"Other chronic respiratory diseases",1,"Male",27,"Age-standardized",2011,"Rate",1.13058679033293,0.865061988193852,1.43758592326988
1,"Deaths",1791,"Franklin County",25011,520,"Other chronic respiratory diseases",1,"Male",27,"Age-standardized",2012,"Rate",1.11903331913136,0.863145325683289,1.43255416209183
1,"Deaths",1791,"Franklin County",25011,520,"Other chronic respiratory diseases",1,"Male",27,"Age-standardized",2013,"Rate",1.14510007578604,0.885078702059439,1.46103990425735
1,"Deaths",1791,"Franklin County",25011,520,"Other chronic respiratory diseases",1,"Male",27,"Age-standardized",2014,"Rate",1.12287146053233,0.863680276480301,1.45950325889773
1,"Deaths",1791,"Franklin County",25011,520,"Other chronic respiratory diseases",2,"Female",27,"Age-standardized",1980,"Rate",0.251592865929556,0.182945281461084,0.345640677481659
1,"Deaths",1791,"Franklin County",25011,520,"Other chronic respiratory diseases",2,"Female",27,"Age-standardized",1981,"Rate",0.24487259559489,0.173864085165312,0.334652441124075
1,"Deaths",1791,"Franklin County",25011,520,"Other chronic respiratory diseases",2,"Female",27,"Age-standardized",1982,"Rate",0.237264154954422,0.167363434227284,0.328545459755256
1,"Deaths",1791,"Franklin County",25011,520,"Other chronic respiratory diseases",2,"Female",27,"Age-standardized",1983,"Rate",0.24284492958398,0.174091610009237,0.33480717019986
1,"Deaths",1791,"Franklin County",25011,520,"Other chronic respiratory diseases",2,"Female",27,"Age-standardized",1984,"Rate",0.25024397710311,0.182186534492467,0.347318117884568
1,"Deaths",1791,"Franklin County",25011,520,"Other chronic respiratory diseases",2,"Female",27,"Age-standardized",1985,"Rate",0.249651918944032,0.182849557081053,0.33777168224291
1,"Deaths",1791,"Franklin County",25011,520,"Other chronic respiratory diseases",2,"Female",27,"Age-standardized",1986,"Rate",0.257414576100123,0.187708294715315,0.34938303447489
1,"Deaths",1791,"Franklin County",25011,520,"Other chronic respiratory diseases",2,"Female",27,"Age-standardized",1987,"Rate",0.252433482858584,0.179434588802163,0.350434791212254
1,"Deaths",1791,"Franklin County",25011,520,"Other chronic respiratory diseases",2,"Female",27,"Age-standardized",1988,"Rate",0.250761659522685,0.178982452593332,0.343700418789074
1,"Deaths",1791,"Franklin County",25011,520,"Other chronic respiratory diseases",2,"Female",27,"Age-standardized",1989,"Rate",0.253495552657473,0.183774782360204,0.348679268909101
1,"Deaths",1791,"Franklin County",25011,520,"Other chronic respiratory diseases",2,"Female",27,"Age-standardized",1990,"Rate",0.245192576980372,0.178163866579758,0.340763625497641
1,"Deaths",1791,"Franklin County",25011,520,"Other chronic respiratory diseases",2,"Female",27,"Age-standardized",1991,"Rate",0.248556358083384,0.18049076027696,0.345721991334887
1,"Deaths",1791,"Franklin County",25011,520,"Other chronic respiratory diseases",2,"Female",27,"Age-standardized",1992,"Rate",0.241390697739362,0.17343122329959,0.346272194166474
1,"Deaths",1791,"Franklin County",25011,520,"Other chronic respiratory diseases",2,"Female",27,"Age-standardized",1993,"Rate",0.244707037125753,0.174438330319137,0.343867161271566
1,"Deaths",1791,"Franklin County",25011,520,"Other chronic respiratory diseases",2,"Female",27,"Age-standardized",1994,"Rate",0.24428736092401,0.173659205851851,0.348078047121658
1,"Deaths",1791,"Franklin County",25011,520,"Other chronic respiratory diseases",2,"Female",27,"Age-standardized",1995,"Rate",0.252925668053747,0.176324210467249,0.348363959688351
1,"Deaths",1791,"Franklin County",25011,520,"Other chronic respiratory diseases",2,"Female",27,"Age-standardized",1996,"Rate",0.252236375723778,0.179871904196483,0.356158511292886
1,"Deaths",1791,"Franklin County",25011,520,"Other chronic respiratory diseases",2,"Female",27,"Age-standardized",1997,"Rate",0.259850403454893,0.181261099362175,0.361614836148394
1,"Deaths",1791,"Franklin County",25011,520,"Other chronic respiratory diseases",2,"Female",27,"Age-standardized",1998,"Rate",0.272390125513045,0.19329804903852,0.384440553963045
1,"Deaths",1791,"Franklin County",25011,520,"Other chronic respiratory diseases",2,"Female",27,"Age-standardized",1999,"Rate",0.314880989558997,0.222462230841577,0.442629849882925
1,"Deaths",1791,"Franklin County",25011,520,"Other chronic respiratory diseases",2,"Female",27,"Age-standardized",2000,"Rate",0.335588367897346,0.238806736980195,0.470312341991535
1,"Deaths",1791,"Franklin County",25011,520,"Other chronic respiratory diseases",2,"Female",27,"Age-standardized",2001,"Rate",0.35370346225984,0.248149510661913,0.496354416040541
1,"Deaths",1791,"Franklin County",25011,520,"Other chronic respiratory diseases",2,"Female",27,"Age-standardized",2002,"Rate",0.36469421386126,0.257535379570312,0.514658722052849
1,"Deaths",1791,"Franklin County",25011,520,"Other chronic respiratory diseases",2,"Female",27,"Age-standardized",2003,"Rate",0.37974993204777,0.266177156655896,0.541072588057691
1,"Deaths",1791,"Franklin County",25011,520,"Other chronic respiratory diseases",2,"Female",27,"Age-standardized",2004,"Rate",0.383934567301425,0.272703474172676,0.539020314585671
1,"Deaths",1791,"Franklin County",25011,520,"Other chronic respiratory diseases",2,"Female",27,"Age-standardized",2005,"Rate",0.404800444202542,0.282861051707613,0.579224504626877
1,"Deaths",1791,"Franklin County",25011,520,"Other chronic respiratory diseases",2,"Female",27,"Age-standardized",2006,"Rate",0.426792151402916,0.296488900514252,0.603897838212692
1,"Deaths",1791,"Franklin County",25011,520,"Other chronic respiratory diseases",2,"Female",27,"Age-standardized",2007,"Rate",0.431702565128601,0.298567620334304,0.635056029773284
1,"Deaths",1791,"Franklin County",25011,520,"Other chronic respiratory diseases",2,"Female",27,"Age-standardized",2008,"Rate",0.442345233197734,0.305066290100493,0.643179666925173
1,"Deaths",1791,"Franklin County",25011,520,"Other chronic respiratory diseases",2,"Female",27,"Age-standardized",2009,"Rate",0.441821043299581,0.301092072362223,0.647994567751118
1,"Deaths",1791,"Franklin County",25011,520,"Other chronic respiratory diseases",2,"Female",27,"Age-standardized",2010,"Rate",0.440567116254932,0.299317316686076,0.646800249440223
1,"Deaths",1791,"Franklin County",25011,520,"Other chronic respiratory diseases",2,"Female",27,"Age-standardized",2011,"Rate",0.437989484842838,0.298834569102234,0.63926272398182
1,"Deaths",1791,"Franklin County",25011,520,"Other chronic respiratory diseases",2,"Female",27,"Age-standardized",2012,"Rate",0.449786056578207,0.306522454677164,0.663287701855504
1,"Deaths",1791,"Franklin County",25011,520,"Other chronic respiratory diseases",2,"Female",27,"Age-standardized",2013,"Rate",0.449042117295128,0.299812819824859,0.655773176639015
1,"Deaths",1791,"Franklin County",25011,520,"Other chronic respiratory diseases",2,"Female",27,"Age-standardized",2014,"Rate",0.448470633444728,0.297420309005378,0.660513424328035
1,"Deaths",1791,"Franklin County",25011,520,"Other chronic respiratory diseases",3,"Both",27,"Age-standardized",1980,"Rate",0.460493180751191,0.372471162206055,0.561580499463955
1,"Deaths",1791,"Franklin County",25011,520,"Other chronic respiratory diseases",3,"Both",27,"Age-standardized",1981,"Rate",0.45303278608698,0.361666819103269,0.559245960440032
1,"Deaths",1791,"Franklin County",25011,520,"Other chronic respiratory diseases",3,"Both",27,"Age-standardized",1982,"Rate",0.449539891681047,0.359119687340352,0.551221219011358
1,"Deaths",1791,"Franklin County",25011,520,"Other chronic respiratory diseases",3,"Both",27,"Age-standardized",1983,"Rate",0.458287423225511,0.370501980852337,0.561300845686103
1,"Deaths",1791,"Franklin County",25011,520,"Other chronic respiratory diseases",3,"Both",27,"Age-standardized",1984,"Rate",0.45434196647948,0.364213826374681,0.56057176963284
1,"Deaths",1791,"Franklin County",25011,520,"Other chronic respiratory diseases",3,"Both",27,"Age-standardized",1985,"Rate",0.464426673627648,0.375763792067913,0.56824016564539
1,"Deaths",1791,"Franklin County",25011,520,"Other chronic respiratory diseases",3,"Both",27,"Age-standardized",1986,"Rate",0.471752696696789,0.379621678728316,0.582586780186497
1,"Deaths",1791,"Franklin County",25011,520,"Other chronic respiratory diseases",3,"Both",27,"Age-standardized",1987,"Rate",0.46182012830661,0.370849844932621,0.574396852263986
1,"Deaths",1791,"Franklin County",25011,520,"Other chronic respiratory diseases",3,"Both",27,"Age-standardized",1988,"Rate",0.466006254069781,0.378858035102249,0.575717703409576
1,"Deaths",1791,"Franklin County",25011,520,"Other chronic respiratory diseases",3,"Both",27,"Age-standardized",1989,"Rate",0.464554390083765,0.371879619298475,0.574950942182095
1,"Deaths",1791,"Franklin County",25011,520,"Other chronic respiratory diseases",3,"Both",27,"Age-standardized",1990,"Rate",0.448008645688029,0.356529846377082,0.554932066453148
1,"Deaths",1791,"Franklin County",25011,520,"Other chronic respiratory diseases",3,"Both",27,"Age-standardized",1991,"Rate",0.447687005254978,0.355042362631613,0.560205252790382
1,"Deaths",1791,"Franklin County",25011,520,"Other chronic respiratory diseases",3,"Both",27,"Age-standardized",1992,"Rate",0.441883370669401,0.351507081688701,0.551297588499955
1,"Deaths",1791,"Franklin County",25011,520,"Other chronic respiratory diseases",3,"Both",27,"Age-standardized",1993,"Rate",0.444030169063435,0.354115435833248,0.55719238460893
1,"Deaths",1791,"Franklin County",25011,520,"Other chronic respiratory diseases",3,"Both",27,"Age-standardized",1994,"Rate",0.444239783932534,0.349885252998054,0.554409759002616
1,"Deaths",1791,"Franklin County",25011,520,"Other chronic respiratory diseases",3,"Both",27,"Age-standardized",1995,"Rate",0.458909993536365,0.362381371336489,0.57170354246718
1,"Deaths",1791,"Franklin County",25011,520,"Other chronic respiratory diseases",3,"Both",27,"Age-standardized",1996,"Rate",0.455978857298314,0.360064414650184,0.576085308701048
1,"Deaths",1791,"Franklin County",25011,520,"Other chronic respiratory diseases",3,"Both",27,"Age-standardized",1997,"Rate",0.463396575200822,0.36245291384771,0.583449241450056
1,"Deaths",1791,"Franklin County",25011,520,"Other chronic respiratory diseases",3,"Both",27,"Age-standardized",1998,"Rate",0.491728509035318,0.390711766428826,0.615258187663631
1,"Deaths",1791,"Franklin County",25011,520,"Other chronic respiratory diseases",3,"Both",27,"Age-standardized",1999,"Rate",0.544505959733989,0.428014747102513,0.687746778017766
1,"Deaths",1791,"Franklin County",25011,520,"Other chronic respiratory diseases",3,"Both",27,"Age-standardized",2000,"Rate",0.572350051359874,0.456904268817662,0.716512853747909
1,"Deaths",1791,"Franklin County",25011,520,"Other chronic respiratory diseases",3,"Both",27,"Age-standardized",2001,"Rate",0.597510080920053,0.469219566333818,0.756992467234553
1,"Deaths",1791,"Franklin County",25011,520,"Other chronic respiratory diseases",3,"Both",27,"Age-standardized",2002,"Rate",0.62253419647899,0.491554729961439,0.779799016664436
1,"Deaths",1791,"Franklin County",25011,520,"Other chronic respiratory diseases",3,"Both",27,"Age-standardized",2003,"Rate",0.637033949391975,0.504201252083118,0.802537358106526
1,"Deaths",1791,"Franklin County",25011,520,"Other chronic respiratory diseases",3,"Both",27,"Age-standardized",2004,"Rate",0.651180500695205,0.505833703032748,0.828842429164622
1,"Deaths",1791,"Franklin County",25011,520,"Other chronic respiratory diseases",3,"Both",27,"Age-standardized",2005,"Rate",0.677331015322577,0.533941978032547,0.860432219824351
1,"Deaths",1791,"Franklin County",25011,520,"Other chronic respiratory diseases",3,"Both",27,"Age-standardized",2006,"Rate",0.694363663579085,0.543175911613469,0.881048212461569
1,"Deaths",1791,"Franklin County",25011,520,"Other chronic respiratory diseases",3,"Both",27,"Age-standardized",2007,"Rate",0.712689912311364,0.561174619372356,0.911940622918379
1,"Deaths",1791,"Franklin County",25011,520,"Other chronic respiratory diseases",3,"Both",27,"Age-standardized",2008,"Rate",0.719361670080872,0.565873948608554,0.918317982684399
1,"Deaths",1791,"Franklin County",25011,520,"Other chronic respiratory diseases",3,"Both",27,"Age-standardized",2009,"Rate",0.724093784522387,0.563499809782742,0.935977803350288
1,"Deaths",1791,"Franklin County",25011,520,"Other chronic respiratory diseases",3,"Both",27,"Age-standardized",2010,"Rate",0.719911327450661,0.564664989877581,0.927765702618208
1,"Deaths",1791,"Franklin County",25011,520,"Other chronic respiratory diseases",3,"Both",27,"Age-standardized",2011,"Rate",0.725334469307143,0.559164214916206,0.934976667940013
1,"Deaths",1791,"Franklin County",25011,520,"Other chronic respiratory diseases",3,"Both",27,"Age-standardized",2012,"Rate",0.727755661121829,0.555457766780953,0.945746994172052
1,"Deaths",1791,"Franklin County",25011,520,"Other chronic respiratory diseases",3,"Both",27,"Age-standardized",2013,"Rate",0.739665348610383,0.568425879950396,0.952383684879122
1,"Deaths",1791,"Franklin County",25011,520,"Other chronic respiratory diseases",3,"Both",27,"Age-standardized",2014,"Rate",0.726844180216835,0.551446715354863,0.955945275373974
1,"Deaths",1796,"Hampden County",25013,520,"Other chronic respiratory diseases",1,"Male",27,"Age-standardized",1980,"Rate",0.878971148382268,0.736775961756138,1.04324605203012
1,"Deaths",1796,"Hampden County",25013,520,"Other chronic respiratory diseases",1,"Male",27,"Age-standardized",1981,"Rate",0.883118929214035,0.743069552517619,1.04242340987172
1,"Deaths",1796,"Hampden County",25013,520,"Other chronic respiratory diseases",1,"Male",27,"Age-standardized",1982,"Rate",0.874558357805183,0.736735551340905,1.03560430543242
1,"Deaths",1796,"Hampden County",25013,520,"Other chronic respiratory diseases",1,"Male",27,"Age-standardized",1983,"Rate",0.899302691679831,0.753916899055882,1.06668830220257
1,"Deaths",1796,"Hampden County",25013,520,"Other chronic respiratory diseases",1,"Male",27,"Age-standardized",1984,"Rate",0.889756943032889,0.748886270629306,1.05857619562586
1,"Deaths",1796,"Hampden County",25013,520,"Other chronic respiratory diseases",1,"Male",27,"Age-standardized",1985,"Rate",0.922185005647822,0.777079104723883,1.08127547133119
1,"Deaths",1796,"Hampden County",25013,520,"Other chronic respiratory diseases",1,"Male",27,"Age-standardized",1986,"Rate",0.920496823252366,0.775713983849898,1.0865545858094
1,"Deaths",1796,"Hampden County",25013,520,"Other chronic respiratory diseases",1,"Male",27,"Age-standardized",1987,"Rate",0.910956866953969,0.773509241335601,1.0688787399082
1,"Deaths",1796,"Hampden County",25013,520,"Other chronic respiratory diseases",1,"Male",27,"Age-standardized",1988,"Rate",0.917485289544326,0.774580569986992,1.07834309943197
1,"Deaths",1796,"Hampden County",25013,520,"Other chronic respiratory diseases",1,"Male",27,"Age-standardized",1989,"Rate",0.906752381323401,0.762632674343485,1.06708637772426
1,"Deaths",1796,"Hampden County",25013,520,"Other chronic respiratory diseases",1,"Male",27,"Age-standardized",1990,"Rate",0.870197255898459,0.72949568363596,1.02156826828402
1,"Deaths",1796,"Hampden County",25013,520,"Other chronic respiratory diseases",1,"Male",27,"Age-standardized",1991,"Rate",0.884942249007017,0.743530222028767,1.03822009713694
1,"Deaths",1796,"Hampden County",25013,520,"Other chronic respiratory diseases",1,"Male",27,"Age-standardized",1992,"Rate",0.861986833125386,0.724914896386944,1.00807704056239
1,"Deaths",1796,"Hampden County",25013,520,"Other chronic respiratory diseases",1,"Male",27,"Age-standardized",1993,"Rate",0.885504283689455,0.750293130138974,1.0326982528386
1,"Deaths",1796,"Hampden County",25013,520,"Other chronic respiratory diseases",1,"Male",27,"Age-standardized",1994,"Rate",0.897778030092657,0.751405215878527,1.05137204934052
1,"Deaths",1796,"Hampden County",25013,520,"Other chronic respiratory diseases",1,"Male",27,"Age-standardized",1995,"Rate",0.900652145973234,0.749868127001719,1.05592015815751
1,"Deaths",1796,"Hampden County",25013,520,"Other chronic respiratory diseases",1,"Male",27,"Age-standardized",1996,"Rate",0.911609974955374,0.765951450053786,1.07450040698992
1,"Deaths",1796,"Hampden County",25013,520,"Other chronic respiratory diseases",1,"Male",27,"Age-standardized",1997,"Rate",0.925640844773269,0.774775435029405,1.08985323257305
1,"Deaths",1796,"Hampden County",25013,520,"Other chronic respiratory diseases",1,"Male",27,"Age-standardized",1998,"Rate",0.993140420441292,0.830113818986522,1.16308717992387
1,"Deaths",1796,"Hampden County",25013,520,"Other chronic respiratory diseases",1,"Male",27,"Age-standardized",1999,"Rate",1.07734529419121,0.902169226903464,1.272656322412
1,"Deaths",1796,"Hampden County",25013,520,"Other chronic respiratory diseases",1,"Male",27,"Age-standardized",2000,"Rate",1.12078317031336,0.944282298033381,1.32856425340693
1,"Deaths",1796,"Hampden County",25013,520,"Other chronic respiratory diseases",1,"Male",27,"Age-standardized",2001,"Rate",1.13126790780629,0.942389863907067,1.332236274614
1,"Deaths",1796,"Hampden County",25013,520,"Other chronic respiratory diseases",1,"Male",27,"Age-standardized",2002,"Rate",1.1787624844997,0.989266282932091,1.38015787618494
1,"Deaths",1796,"Hampden County",25013,520,"Other chronic respiratory diseases",1,"Male",27,"Age-standardized",2003,"Rate",1.18360933234686,0.986904517387918,1.40272932942614
1,"Deaths",1796,"Hampden County",25013,520,"Other chronic respiratory diseases",1,"Male",27,"Age-standardized",2004,"Rate",1.20487602537406,1.00364408603252,1.42866255196155
1,"Deaths",1796,"Hampden County",25013,520,"Other chronic respiratory diseases",1,"Male",27,"Age-standardized",2005,"Rate",1.21646800864614,1.01894065209587,1.45796912853636
1,"Deaths",1796,"Hampden County",25013,520,"Other chronic respiratory diseases",1,"Male",27,"Age-standardized",2006,"Rate",1.26028642756454,1.05749967345882,1.50284830096244
1,"Deaths",1796,"Hampden County",25013,520,"Other chronic respiratory diseases",1,"Male",27,"Age-standardized",2007,"Rate",1.24779235252315,1.0422364907665,1.49503635279727
1,"Deaths",1796,"Hampden County",25013,520,"Other chronic respiratory diseases",1,"Male",27,"Age-standardized",2008,"Rate",1.24208662460838,1.02375071118434,1.49627268099772
1,"Deaths",1796,"Hampden County",25013,520,"Other chronic respiratory diseases",1,"Male",27,"Age-standardized",2009,"Rate",1.24874593952906,1.02509349325516,1.5023346502784
1,"Deaths",1796,"Hampden County",25013,520,"Other chronic respiratory diseases",1,"Male",27,"Age-standardized",2010,"Rate",1.26618513433689,1.03171193738354,1.52178871055748
1,"Deaths",1796,"Hampden County",25013,520,"Other chronic respiratory diseases",1,"Male",27,"Age-standardized",2011,"Rate",1.24994168304056,1.01907483306408,1.52750597652897
1,"Deaths",1796,"Hampden County",25013,520,"Other chronic respiratory diseases",1,"Male",27,"Age-standardized",2012,"Rate",1.2594011838391,1.0260830372592,1.53722832394335
1,"Deaths",1796,"Hampden County",25013,520,"Other chronic respiratory diseases",1,"Male",27,"Age-standardized",2013,"Rate",1.26547060610368,1.02562723136855,1.54844476105944
1,"Deaths",1796,"Hampden County",25013,520,"Other chronic respiratory diseases",1,"Male",27,"Age-standardized",2014,"Rate",1.26599191640776,1.01279196866684,1.55570175347927
1,"Deaths",1796,"Hampden County",25013,520,"Other chronic respiratory diseases",2,"Female",27,"Age-standardized",1980,"Rate",0.291898116116695,0.217471707890289,0.378816526146265
1,"Deaths",1796,"Hampden County",25013,520,"Other chronic respiratory diseases",2,"Female",27,"Age-standardized",1981,"Rate",0.28265932693696,0.209090583308134,0.367543077312336
1,"Deaths",1796,"Hampden County",25013,520,"Other chronic respiratory diseases",2,"Female",27,"Age-standardized",1982,"Rate",0.269496428108975,0.20472364282325,0.347727558843259
1,"Deaths",1796,"Hampden County",25013,520,"Other chronic respiratory diseases",2,"Female",27,"Age-standardized",1983,"Rate",0.273874471222244,0.20737891100553,0.35277328489347
1,"Deaths",1796,"Hampden County",25013,520,"Other chronic respiratory diseases",2,"Female",27,"Age-standardized",1984,"Rate",0.283854682091255,0.215858955700968,0.369117246165606
1,"Deaths",1796,"Hampden County",25013,520,"Other chronic respiratory diseases",2,"Female",27,"Age-standardized",1985,"Rate",0.276430135994635,0.212507314307997,0.353130799883682
1,"Deaths",1796,"Hampden County",25013,520,"Other chronic respiratory diseases",2,"Female",27,"Age-standardized",1986,"Rate",0.291038437320681,0.220869014053767,0.376868171678258
1,"Deaths",1796,"Hampden County",25013,520,"Other chronic respiratory diseases",2,"Female",27,"Age-standardized",1987,"Rate",0.281563306586495,0.215634152428003,0.356668080321575
1,"Deaths",1796,"Hampden County",25013,520,"Other chronic respiratory diseases",2,"Female",27,"Age-standardized",1988,"Rate",0.282600631345704,0.216456160650495,0.358636439874586
1,"Deaths",1796,"Hampden County",25013,520,"Other chronic respiratory diseases",2,"Female",27,"Age-standardized",1989,"Rate",0.274918206462848,0.208206034846803,0.347767693119978
1,"Deaths",1796,"Hampden County",25013,520,"Other chronic respiratory diseases",2,"Female",27,"Age-standardized",1990,"Rate",0.258170058093173,0.196961108839239,0.329532198779819
1,"Deaths",1796,"Hampden County",25013,520,"Other chronic respiratory diseases",2,"Female",27,"Age-standardized",1991,"Rate",0.258307662752485,0.202298715495606,0.331730943255321
1,"Deaths",1796,"Hampden County",25013,520,"Other chronic respiratory diseases",2,"Female",27,"Age-standardized",1992,"Rate",0.261219968445285,0.199697920193951,0.338685086331782
1,"Deaths",1796,"Hampden County",25013,520,"Other chronic respiratory diseases",2,"Female",27,"Age-standardized",1993,"Rate",0.267856034610007,0.199527752969083,0.34417587936252
1,"Deaths",1796,"Hampden County",25013,520,"Other chronic respiratory diseases",2,"Female",27,"Age-standardized",1994,"Rate",0.259867827770408,0.19518563224168,0.338699452844434
1,"Deaths",1796,"Hampden County",25013,520,"Other chronic respiratory diseases",2,"Female",27,"Age-standardized",1995,"Rate",0.268877602633654,0.204525784196698,0.346110807873449
1,"Deaths",1796,"Hampden County",25013,520,"Other chronic respiratory diseases",2,"Female",27,"Age-standardized",1996,"Rate",0.264998963429405,0.197347181585087,0.342073537753472
1,"Deaths",1796,"Hampden County",25013,520,"Other chronic respiratory diseases",2,"Female",27,"Age-standardized",1997,"Rate",0.278362505478501,0.209985668811177,0.358446758114779
1,"Deaths",1796,"Hampden County",25013,520,"Other chronic respiratory diseases",2,"Female",27,"Age-standardized",1998,"Rate",0.297471021081611,0.220973406975415,0.38630166796514
1,"Deaths",1796,"Hampden County",25013,520,"Other chronic respiratory diseases",2,"Female",27,"Age-standardized",1999,"Rate",0.337310221895893,0.252048376620917,0.440095656913852
1,"Deaths",1796,"Hampden County",25013,520,"Other chronic respiratory diseases",2,"Female",27,"Age-standardized",2000,"Rate",0.361170272891314,0.27179573989736,0.468542534726771
1,"Deaths",1796,"Hampden County",25013,520,"Other chronic respiratory diseases",2,"Female",27,"Age-standardized",2001,"Rate",0.373530893799057,0.285115889050131,0.494420691572941
1,"Deaths",1796,"Hampden County",25013,520,"Other chronic respiratory diseases",2,"Female",27,"Age-standardized",2002,"Rate",0.393409232741752,0.290871300121179,0.526337947894879
1,"Deaths",1796,"Hampden County",25013,520,"Other chronic respiratory diseases",2,"Female",27,"Age-standardized",2003,"Rate",0.393368174142104,0.296954835075485,0.510412750081884
1,"Deaths",1796,"Hampden County",25013,520,"Other chronic respiratory diseases",2,"Female",27,"Age-standardized",2004,"Rate",0.399842931719582,0.304277843479912,0.521240092449167
1,"Deaths",1796,"Hampden County",25013,520,"Other chronic respiratory diseases",2,"Female",27,"Age-standardized",2005,"Rate",0.427705347353208,0.31542645091259,0.572335176650665
1,"Deaths",1796,"Hampden County",25013,520,"Other chronic respiratory diseases",2,"Female",27,"Age-standardized",2006,"Rate",0.434804051798439,0.317402209325007,0.576299316760998
1,"Deaths",1796,"Hampden County",25013,520,"Other chronic respiratory diseases",2,"Female",27,"Age-standardized",2007,"Rate",0.439615114017677,0.333685299401567,0.584903935969798
1,"Deaths",1796,"Hampden County",25013,520,"Other chronic respiratory diseases",2,"Female",27,"Age-standardized",2008,"Rate",0.431835056039243,0.315228124509347,0.583692520462489
1,"Deaths",1796,"Hampden County",25013,520,"Other chronic respiratory diseases",2,"Female",27,"Age-standardized",2009,"Rate",0.430885404498988,0.316848991184342,0.583825067537682
1,"Deaths",1796,"Hampden County",25013,520,"Other chronic respiratory diseases",2,"Female",27,"Age-standardized",2010,"Rate",0.437382867067005,0.315340346309571,0.601092904639
1,"Deaths",1796,"Hampden County",25013,520,"Other chronic respiratory diseases",2,"Female",27,"Age-standardized",2011,"Rate",0.435714270816487,0.311349601287451,0.599393215556237
1,"Deaths",1796,"Hampden County",25013,520,"Other chronic respiratory diseases",2,"Female",27,"Age-standardized",2012,"Rate",0.438704492435853,0.316471424854566,0.604757134530091
1,"Deaths",1796,"Hampden County",25013,520,"Other chronic respiratory diseases",2,"Female",27,"Age-standardized",2013,"Rate",0.448195172662231,0.319324432735475,0.614077733212728
1,"Deaths",1796,"Hampden County",25013,520,"Other chronic respiratory diseases",2,"Female",27,"Age-standardized",2014,"Rate",0.431071452177286,0.303184723908546,0.608066895931792
1,"Deaths",1796,"Hampden County",25013,520,"Other chronic respiratory diseases",3,"Both",27,"Age-standardized",1980,"Rate",0.505001189574316,0.426402131177058,0.589216914484385
1,"Deaths",1796,"Hampden County",25013,520,"Other chronic respiratory diseases",3,"Both",27,"Age-standardized",1981,"Rate",0.498967393342547,0.423478335027452,0.580793065580615
1,"Deaths",1796,"Hampden County",25013,520,"Other chronic respiratory diseases",3,"Both",27,"Age-standardized",1982,"Rate",0.485709129345979,0.413701797143997,0.565158225013447
1,"Deaths",1796,"Hampden County",25013,520,"Other chronic respiratory diseases",3,"Both",27,"Age-standardized",1983,"Rate",0.495909334411498,0.419921198659469,0.575449155229925
1,"Deaths",1796,"Hampden County",25013,520,"Other chronic respiratory diseases",3,"Both",27,"Age-standardized",1984,"Rate",0.497956038743533,0.42341382993035,0.578917769561511
1,"Deaths",1796,"Hampden County",25013,520,"Other chronic respiratory diseases",3,"Both",27,"Age-standardized",1985,"Rate",0.504555337413444,0.428766810638097,0.589517585585873
1,"Deaths",1796,"Hampden County",25013,520,"Other chronic respiratory diseases",3,"Both",27,"Age-standardized",1986,"Rate",0.511661312186377,0.430344890307744,0.597624040368823
1,"Deaths",1796,"Hampden County",25013,520,"Other chronic respiratory diseases",3,"Both",27,"Age-standardized",1987,"Rate",0.501722408360601,0.427787856445242,0.582255622715551
1,"Deaths",1796,"Hampden County",25013,520,"Other chronic respiratory diseases",3,"Both",27,"Age-standardized",1988,"Rate",0.505096115017018,0.427305439236096,0.585790094032946
1,"Deaths",1796,"Hampden County",25013,520,"Other chronic respiratory diseases",3,"Both",27,"Age-standardized",1989,"Rate",0.497284204580238,0.417741741232795,0.579396131423819
1,"Deaths",1796,"Hampden County",25013,520,"Other chronic respiratory diseases",3,"Both",27,"Age-standardized",1990,"Rate",0.473378180105955,0.400601582805519,0.550797015968117
1,"Deaths",1796,"Hampden County",25013,520,"Other chronic respiratory diseases",3,"Both",27,"Age-standardized",1991,"Rate",0.480469879132566,0.408648610882879,0.563063520114168
1,"Deaths",1796,"Hampden County",25013,520,"Other chronic respiratory diseases",3,"Both",27,"Age-standardized",1992,"Rate",0.47391002276212,0.396814009715183,0.556423485795312
1,"Deaths",1796,"Hampden County",25013,520,"Other chronic respiratory diseases",3,"Both",27,"Age-standardized",1993,"Rate",0.48843534933735,0.410826199338547,0.569726734560952
1,"Deaths",1796,"Hampden County",25013,520,"Other chronic respiratory diseases",3,"Both",27,"Age-standardized",1994,"Rate",0.488697954865191,0.410827067732004,0.575344379429636
1,"Deaths",1796,"Hampden County",25013,520,"Other chronic respiratory diseases",3,"Both",27,"Age-standardized",1995,"Rate",0.496997280445833,0.417893301165388,0.579996575688328
1,"Deaths",1796,"Hampden County",25013,520,"Other chronic respiratory diseases",3,"Both",27,"Age-standardized",1996,"Rate",0.500162355202566,0.419638005880724,0.588103645732295
1,"Deaths",1796,"Hampden County",25013,520,"Other chronic respiratory diseases",3,"Both",27,"Age-standardized",1997,"Rate",0.514964240988076,0.429938250030521,0.606346449717625
1,"Deaths",1796,"Hampden County",25013,520,"Other chronic respiratory diseases",3,"Both",27,"Age-standardized",1998,"Rate",0.554197544384222,0.457110153966873,0.653756530924508
1,"Deaths",1796,"Hampden County",25013,520,"Other chronic respiratory diseases",3,"Both",27,"Age-standardized",1999,"Rate",0.614636828294903,0.509221901021567,0.719995451896237
1,"Deaths",1796,"Hampden County",25013,520,"Other chronic respiratory diseases",3,"Both",27,"Age-standardized",2000,"Rate",0.648456617800333,0.544712786250197,0.767732514896864
1,"Deaths",1796,"Hampden County",25013,520,"Other chronic respiratory diseases",3,"Both",27,"Age-standardized",2001,"Rate",0.663004525004319,0.550287662464837,0.793984601007908
1,"Deaths",1796,"Hampden County",25013,520,"Other chronic respiratory diseases",3,"Both",27,"Age-standardized",2002,"Rate",0.697495443844053,0.577166239157617,0.831145254259373
1,"Deaths",1796,"Hampden County",25013,520,"Other chronic respiratory diseases",3,"Both",27,"Age-standardized",2003,"Rate",0.698508613448275,0.58320082719398,0.838297908410792
1,"Deaths",1796,"Hampden County",25013,520,"Other chronic respiratory diseases",3,"Both",27,"Age-standardized",2004,"Rate",0.714630526002891,0.593098010492267,0.847831207649223
1,"Deaths",1796,"Hampden County",25013,520,"Other chronic respiratory diseases",3,"Both",27,"Age-standardized",2005,"Rate",0.736800845642921,0.610647208263245,0.881920587469985
1,"Deaths",1796,"Hampden County",25013,520,"Other chronic respiratory diseases",3,"Both",27,"Age-standardized",2006,"Rate",0.759917353331844,0.620308007642273,0.904522485189064
1,"Deaths",1796,"Hampden County",25013,520,"Other chronic respiratory diseases",3,"Both",27,"Age-standardized",2007,"Rate",0.760375767456784,0.631326136321411,0.904994059337855
1,"Deaths",1796,"Hampden County",25013,520,"Other chronic respiratory diseases",3,"Both",27,"Age-standardized",2008,"Rate",0.75463335377826,0.622731632401705,0.904496355133826
1,"Deaths",1796,"Hampden County",25013,520,"Other chronic respiratory diseases",3,"Both",27,"Age-standardized",2009,"Rate",0.75874963124126,0.627812602456562,0.909309852006216
1,"Deaths",1796,"Hampden County",25013,520,"Other chronic respiratory diseases",3,"Both",27,"Age-standardized",2010,"Rate",0.768891070908242,0.630378342717756,0.932230402954457
1,"Deaths",1796,"Hampden County",25013,520,"Other chronic respiratory diseases",3,"Both",27,"Age-standardized",2011,"Rate",0.761624483289839,0.620394324171626,0.920701231378206
1,"Deaths",1796,"Hampden County",25013,520,"Other chronic respiratory diseases",3,"Both",27,"Age-standardized",2012,"Rate",0.767364414178119,0.622194107954058,0.928916402664211
1,"Deaths",1796,"Hampden County",25013,520,"Other chronic respiratory diseases",3,"Both",27,"Age-standardized",2013,"Rate",0.77637570840687,0.630168414209846,0.942634179104621
1,"Deaths",1796,"Hampden County",25013,520,"Other chronic respiratory diseases",3,"Both",27,"Age-standardized",2014,"Rate",0.768140295007167,0.61523629808402,0.936363171410626
1,"Deaths",1794,"Hampshire County",25015,520,"Other chronic respiratory diseases",1,"Male",27,"Age-standardized",1980,"Rate",0.782466052385717,0.630098848066513,0.977222707886845
1,"Deaths",1794,"Hampshire County",25015,520,"Other chronic respiratory diseases",1,"Male",27,"Age-standardized",1981,"Rate",0.784778430991633,0.624301246714548,0.966624101574438
1,"Deaths",1794,"Hampshire County",25015,520,"Other chronic respiratory diseases",1,"Male",27,"Age-standardized",1982,"Rate",0.776338188562984,0.620580764875285,0.96197392925326
1,"Deaths",1794,"Hampshire County",25015,520,"Other chronic respiratory diseases",1,"Male",27,"Age-standardized",1983,"Rate",0.786767574216726,0.625468935563122,0.986096991434714
1,"Deaths",1794,"Hampshire County",25015,520,"Other chronic respiratory diseases",1,"Male",27,"Age-standardized",1984,"Rate",0.795920508982722,0.635576857312027,0.992277485011515
1,"Deaths",1794,"Hampshire County",25015,520,"Other chronic respiratory diseases",1,"Male",27,"Age-standardized",1985,"Rate",0.781202298047162,0.621569103746719,0.972516608125805
1,"Deaths",1794,"Hampshire County",25015,520,"Other chronic respiratory diseases",1,"Male",27,"Age-standardized",1986,"Rate",0.785374473084988,0.621198416597768,0.983911236333396
1,"Deaths",1794,"Hampshire County",25015,520,"Other chronic respiratory diseases",1,"Male",27,"Age-standardized",1987,"Rate",0.782821632625182,0.618741397318831,0.971282054421918
1,"Deaths",1794,"Hampshire County",25015,520,"Other chronic respiratory diseases",1,"Male",27,"Age-standardized",1988,"Rate",0.781297532512204,0.620570781830264,0.975263740047169
1,"Deaths",1794,"Hampshire County",25015,520,"Other chronic respiratory diseases",1,"Male",27,"Age-standardized",1989,"Rate",0.758235776903013,0.593610459964502,0.954447610099635
1,"Deaths",1794,"Hampshire County",25015,520,"Other chronic respiratory diseases",1,"Male",27,"Age-standardized",1990,"Rate",0.729181028809997,0.567218187573071,0.911124916796434
1,"Deaths",1794,"Hampshire County",25015,520,"Other chronic respiratory diseases",1,"Male",27,"Age-standardized",1991,"Rate",0.742412709746975,0.57957695979346,0.932846523860295
1,"Deaths",1794,"Hampshire County",25015,520,"Other chronic respiratory diseases",1,"Male",27,"Age-standardized",1992,"Rate",0.731130968843703,0.571472615301933,0.920636862719236
1,"Deaths",1794,"Hampshire County",25015,520,"Other chronic respiratory diseases",1,"Male",27,"Age-standardized",1993,"Rate",0.730686214265804,0.569406494236678,0.916365556487287
1,"Deaths",1794,"Hampshire County",25015,520,"Other chronic respiratory diseases",1,"Male",27,"Age-standardized",1994,"Rate",0.725686738619529,0.564764276912157,0.908733321191684
1,"Deaths",1794,"Hampshire County",25015,520,"Other chronic respiratory diseases",1,"Male",27,"Age-standardized",1995,"Rate",0.741002837711731,0.566380614120098,0.936296444038693
1,"Deaths",1794,"Hampshire County",25015,520,"Other chronic respiratory diseases",1,"Male",27,"Age-standardized",1996,"Rate",0.732847028650664,0.565553522221129,0.939035910217567
1,"Deaths",1794,"Hampshire County",25015,520,"Other chronic respiratory diseases",1,"Male",27,"Age-standardized",1997,"Rate",0.742938583332722,0.572304634267843,0.949652303029485
1,"Deaths",1794,"Hampshire County",25015,520,"Other chronic respiratory diseases",1,"Male",27,"Age-standardized",1998,"Rate",0.7623062963485,0.580194876094489,0.974151313331198
1,"Deaths",1794,"Hampshire County",25015,520,"Other chronic respiratory diseases",1,"Male",27,"Age-standardized",1999,"Rate",0.831154645239964,0.635496550372634,1.08082604995371
1,"Deaths",1794,"Hampshire County",25015,520,"Other chronic respiratory diseases",1,"Male",27,"Age-standardized",2000,"Rate",0.874221069754851,0.664958975647589,1.14231812708337
1,"Deaths",1794,"Hampshire County",25015,520,"Other chronic respiratory diseases",1,"Male",27,"Age-standardized",2001,"Rate",0.887663818214343,0.680230396226286,1.16403052416748
1,"Deaths",1794,"Hampshire County",25015,520,"Other chronic respiratory diseases",1,"Male",27,"Age-standardized",2002,"Rate",0.927052906524042,0.701585768048888,1.2049966003446
1,"Deaths",1794,"Hampshire County",25015,520,"Other chronic respiratory diseases",1,"Male",27,"Age-standardized",2003,"Rate",0.935709689949842,0.707295160612477,1.21056028487285
1,"Deaths",1794,"Hampshire County",25015,520,"Other chronic respiratory diseases",1,"Male",27,"Age-standardized",2004,"Rate",0.922293297935676,0.695524063188074,1.20630747545316
1,"Deaths",1794,"Hampshire County",25015,520,"Other chronic respiratory diseases",1,"Male",27,"Age-standardized",2005,"Rate",0.950917602701638,0.716147369146684,1.26545251413191
1,"Deaths",1794,"Hampshire County",25015,520,"Other chronic respiratory diseases",1,"Male",27,"Age-standardized",2006,"Rate",0.958052793546762,0.710761984086188,1.25423152772096
1,"Deaths",1794,"Hampshire County",25015,520,"Other chronic respiratory diseases",1,"Male",27,"Age-standardized",2007,"Rate",0.968486921657918,0.724901684263985,1.26655811481632
1,"Deaths",1794,"Hampshire County",25015,520,"Other chronic respiratory diseases",1,"Male",27,"Age-standardized",2008,"Rate",0.949806883700213,0.710277391003332,1.26341245425186
1,"Deaths",1794,"Hampshire County",25015,520,"Other chronic respiratory diseases",1,"Male",27,"Age-standardized",2009,"Rate",0.965690504111488,0.724412904568124,1.2822894455193
1,"Deaths",1794,"Hampshire County",25015,520,"Other chronic respiratory diseases",1,"Male",27,"Age-standardized",2010,"Rate",0.940177162937504,0.700271666910709,1.24934556595504
1,"Deaths",1794,"Hampshire County",25015,520,"Other chronic respiratory diseases",1,"Male",27,"Age-standardized",2011,"Rate",0.933322200224456,0.695589581794195,1.23640740996127
1,"Deaths",1794,"Hampshire County",25015,520,"Other chronic respiratory diseases",1,"Male",27,"Age-standardized",2012,"Rate",0.924379224891159,0.683459849793084,1.2324254720019
1,"Deaths",1794,"Hampshire County",25015,520,"Other chronic respiratory diseases",1,"Male",27,"Age-standardized",2013,"Rate",0.929188290262641,0.676759432632794,1.24409451366648
1,"Deaths",1794,"Hampshire County",25015,520,"Other chronic respiratory diseases",1,"Male",27,"Age-standardized",2014,"Rate",0.954853124099517,0.693526919669479,1.28670480566944
1,"Deaths",1794,"Hampshire County",25015,520,"Other chronic respiratory diseases",2,"Female",27,"Age-standardized",1980,"Rate",0.251099017975559,0.17593209542105,0.351478045483278
1,"Deaths",1794,"Hampshire County",25015,520,"Other chronic respiratory diseases",2,"Female",27,"Age-standardized",1981,"Rate",0.238797887625462,0.167051453185949,0.336412908242467
1,"Deaths",1794,"Hampshire County",25015,520,"Other chronic respiratory diseases",2,"Female",27,"Age-standardized",1982,"Rate",0.234353412817745,0.164115420107955,0.320146055568088
1,"Deaths",1794,"Hampshire County",25015,520,"Other chronic respiratory diseases",2,"Female",27,"Age-standardized",1983,"Rate",0.231637356511638,0.163104808289074,0.32042995475775
1,"Deaths",1794,"Hampshire County",25015,520,"Other chronic respiratory diseases",2,"Female",27,"Age-standardized",1984,"Rate",0.241073358890163,0.165679127940408,0.327801226629764
1,"Deaths",1794,"Hampshire County",25015,520,"Other chronic respiratory diseases",2,"Female",27,"Age-standardized",1985,"Rate",0.239879063348632,0.169566560904516,0.332886288202138
1,"Deaths",1794,"Hampshire County",25015,520,"Other chronic respiratory diseases",2,"Female",27,"Age-standardized",1986,"Rate",0.236277017194042,0.168362699440313,0.329526267146373
1,"Deaths",1794,"Hampshire County",25015,520,"Other chronic respiratory diseases",2,"Female",27,"Age-standardized",1987,"Rate",0.236218058803113,0.16560420322336,0.32357342738186
1,"Deaths",1794,"Hampshire County",25015,520,"Other chronic respiratory diseases",2,"Female",27,"Age-standardized",1988,"Rate",0.231197081185997,0.165684312497038,0.315958549802437
1,"Deaths",1794,"Hampshire County",25015,520,"Other chronic respiratory diseases",2,"Female",27,"Age-standardized",1989,"Rate",0.235308760669425,0.165910489882324,0.324161821499271
1,"Deaths",1794,"Hampshire County",25015,520,"Other chronic respiratory diseases",2,"Female",27,"Age-standardized",1990,"Rate",0.229454555274203,0.163768643914999,0.319643496477691
1,"Deaths",1794,"Hampshire County",25015,520,"Other chronic respiratory diseases",2,"Female",27,"Age-standardized",1991,"Rate",0.225870484260625,0.160241199358085,0.310183894686975
1,"Deaths",1794,"Hampshire County",25015,520,"Other chronic respiratory diseases",2,"Female",27,"Age-standardized",1992,"Rate",0.223435176911093,0.15649705984447,0.311703092961015
1,"Deaths",1794,"Hampshire County",25015,520,"Other chronic respiratory diseases",2,"Female",27,"Age-standardized",1993,"Rate",0.225056138364711,0.155716811375052,0.310831631963272
1,"Deaths",1794,"Hampshire County",25015,520,"Other chronic respiratory diseases",2,"Female",27,"Age-standardized",1994,"Rate",0.216352562933476,0.149724382490461,0.299913006516574
1,"Deaths",1794,"Hampshire County",25015,520,"Other chronic respiratory diseases",2,"Female",27,"Age-standardized",1995,"Rate",0.224824952673239,0.154486402646894,0.313496997854751
1,"Deaths",1794,"Hampshire County",25015,520,"Other chronic respiratory diseases",2,"Female",27,"Age-standardized",1996,"Rate",0.222969425731165,0.151679674463649,0.316533654668272
1,"Deaths",1794,"Hampshire County",25015,520,"Other chronic respiratory diseases",2,"Female",27,"Age-standardized",1997,"Rate",0.228134206068502,0.153222041192481,0.323059593127719
1,"Deaths",1794,"Hampshire County",25015,520,"Other chronic respiratory diseases",2,"Female",27,"Age-standardized",1998,"Rate",0.232395243377715,0.155230826266594,0.325322873314472
1,"Deaths",1794,"Hampshire County",25015,520,"Other chronic respiratory diseases",2,"Female",27,"Age-standardized",1999,"Rate",0.269525724894233,0.185372607347741,0.378771647155323
1,"Deaths",1794,"Hampshire County",25015,520,"Other chronic respiratory diseases",2,"Female",27,"Age-standardized",2000,"Rate",0.287611351998036,0.197173429003263,0.408119761792902
1,"Deaths",1794,"Hampshire County",25015,520,"Other chronic respiratory diseases",2,"Female",27,"Age-standardized",2001,"Rate",0.298236141840201,0.199095241982167,0.419785330051434
1,"Deaths",1794,"Hampshire County",25015,520,"Other chronic respiratory diseases",2,"Female",27,"Age-standardized",2002,"Rate",0.31361950889572,0.215091019721512,0.452824619620939
1,"Deaths",1794,"Hampshire County",25015,520,"Other chronic respiratory diseases",2,"Female",27,"Age-standardized",2003,"Rate",0.323433604986196,0.217432256608037,0.459610179471718
1,"Deaths",1794,"Hampshire County",25015,520,"Other chronic respiratory diseases",2,"Female",27,"Age-standardized",2004,"Rate",0.321547684782848,0.218063430732499,0.469929139038445
1,"Deaths",1794,"Hampshire County",25015,520,"Other chronic respiratory diseases",2,"Female",27,"Age-standardized",2005,"Rate",0.348171745924833,0.235282829614366,0.513778571749102
1,"Deaths",1794,"Hampshire County",25015,520,"Other chronic respiratory diseases",2,"Female",27,"Age-standardized",2006,"Rate",0.35351210257952,0.237204785756027,0.510960242807028
1,"Deaths",1794,"Hampshire County",25015,520,"Other chronic respiratory diseases",2,"Female",27,"Age-standardized",2007,"Rate",0.358714670339126,0.235615371958354,0.52463750124417
1,"Deaths",1794,"Hampshire County",25015,520,"Other chronic respiratory diseases",2,"Female",27,"Age-standardized",2008,"Rate",0.35034062513699,0.228228584504842,0.521156020598886
1,"Deaths",1794,"Hampshire County",25015,520,"Other chronic respiratory diseases",2,"Female",27,"Age-standardized",2009,"Rate",0.357029561491398,0.231791363004955,0.544313404338958
1,"Deaths",1794,"Hampshire County",25015,520,"Other chronic respiratory diseases",2,"Female",27,"Age-standardized",2010,"Rate",0.355836954761387,0.230247357822951,0.532621088524987
1,"Deaths",1794,"Hampshire County",25015,520,"Other chronic respiratory diseases",2,"Female",27,"Age-standardized",2011,"Rate",0.361785963877375,0.230655079576779,0.529937974621301
1,"Deaths",1794,"Hampshire County",25015,520,"Other chronic respiratory diseases",2,"Female",27,"Age-standardized",2012,"Rate",0.358268649721818,0.224803279290171,0.54441475388653
1,"Deaths",1794,"Hampshire County",25015,520,"Other chronic respiratory diseases",2,"Female",27,"Age-standardized",2013,"Rate",0.345740278534663,0.214652758785894,0.533305980783758
1,"Deaths",1794,"Hampshire County",25015,520,"Other chronic respiratory diseases",2,"Female",27,"Age-standardized",2014,"Rate",0.355517593096146,0.217477545947681,0.556933001986769
1,"Deaths",1794,"Hampshire County",25015,520,"Other chronic respiratory diseases",3,"Both",27,"Age-standardized",1980,"Rate",0.448766960963021,0.362799045610761,0.551337388739945
1,"Deaths",1794,"Hampshire County",25015,520,"Other chronic respiratory diseases",3,"Both",27,"Age-standardized",1981,"Rate",0.441184624273099,0.356845194843565,0.541350618224403
1,"Deaths",1794,"Hampshire County",25015,520,"Other chronic respiratory diseases",3,"Both",27,"Age-standardized",1982,"Rate",0.433865492851115,0.346155975619186,0.536659063553453
1,"Deaths",1794,"Hampshire County",25015,520,"Other chronic respiratory diseases",3,"Both",27,"Age-standardized",1983,"Rate",0.434962010525603,0.349859986748946,0.540583805482501
1,"Deaths",1794,"Hampshire County",25015,520,"Other chronic respiratory diseases",3,"Both",27,"Age-standardized",1984,"Rate",0.443735861943253,0.353329813151429,0.552449499274788
1,"Deaths",1794,"Hampshire County",25015,520,"Other chronic respiratory diseases",3,"Both",27,"Age-standardized",1985,"Rate",0.436705546839319,0.351403779498869,0.540474339560503
1,"Deaths",1794,"Hampshire County",25015,520,"Other chronic respiratory diseases",3,"Both",27,"Age-standardized",1986,"Rate",0.435409389997061,0.342902208894761,0.544136171707784
1,"Deaths",1794,"Hampshire County",25015,520,"Other chronic respiratory diseases",3,"Both",27,"Age-standardized",1987,"Rate",0.434408718618169,0.345824174826382,0.54753337147942
1,"Deaths",1794,"Hampshire County",25015,520,"Other chronic respiratory diseases",3,"Both",27,"Age-standardized",1988,"Rate",0.431688261415137,0.343887749352137,0.544352965977039
1,"Deaths",1794,"Hampshire County",25015,520,"Other chronic respiratory diseases",3,"Both",27,"Age-standardized",1989,"Rate",0.42589219520753,0.33475594725825,0.541988811470228
1,"Deaths",1794,"Hampshire County",25015,520,"Other chronic respiratory diseases",3,"Both",27,"Age-standardized",1990,"Rate",0.411699389080674,0.321708649823054,0.524349975772031
1,"Deaths",1794,"Hampshire County",25015,520,"Other chronic respiratory diseases",3,"Both",27,"Age-standardized",1991,"Rate",0.41428745661883,0.322867050020592,0.523230445081768
1,"Deaths",1794,"Hampshire County",25015,520,"Other chronic respiratory diseases",3,"Both",27,"Age-standardized",1992,"Rate",0.408615577825391,0.314605783849705,0.51868558964501
1,"Deaths",1794,"Hampshire County",25015,520,"Other chronic respiratory diseases",3,"Both",27,"Age-standardized",1993,"Rate",0.410007122711655,0.312500281018004,0.521379202078313
1,"Deaths",1794,"Hampshire County",25015,520,"Other chronic respiratory diseases",3,"Both",27,"Age-standardized",1994,"Rate",0.403403170413151,0.309540109054518,0.518641131530067
1,"Deaths",1794,"Hampshire County",25015,520,"Other chronic respiratory diseases",3,"Both",27,"Age-standardized",1995,"Rate",0.414956111620916,0.316142227770952,0.538954509696277
1,"Deaths",1794,"Hampshire County",25015,520,"Other chronic respiratory diseases",3,"Both",27,"Age-standardized",1996,"Rate",0.411612850743451,0.312413493707174,0.531837368127272
1,"Deaths",1794,"Hampshire County",25015,520,"Other chronic respiratory diseases",3,"Both",27,"Age-standardized",1997,"Rate",0.418888599353498,0.317256984669857,0.540946161497481
1,"Deaths",1794,"Hampshire County",25015,520,"Other chronic respiratory diseases",3,"Both",27,"Age-standardized",1998,"Rate",0.430277760231113,0.325333693250316,0.555656551731328
1,"Deaths",1794,"Hampshire County",25015,520,"Other chronic respiratory diseases",3,"Both",27,"Age-standardized",1999,"Rate",0.481266092523751,0.368641778905757,0.626424982265789
1,"Deaths",1794,"Hampshire County",25015,520,"Other chronic respiratory diseases",3,"Both",27,"Age-standardized",2000,"Rate",0.51058554151734,0.38386882954129,0.661820604549336
1,"Deaths",1794,"Hampshire County",25015,520,"Other chronic respiratory diseases",3,"Both",27,"Age-standardized",2001,"Rate",0.523934228582051,0.396777730479453,0.693607372265559
1,"Deaths",1794,"Hampshire County",25015,520,"Other chronic respiratory diseases",3,"Both",27,"Age-standardized",2002,"Rate",0.551609107210686,0.415194607450725,0.722575475205769
1,"Deaths",1794,"Hampshire County",25015,520,"Other chronic respiratory diseases",3,"Both",27,"Age-standardized",2003,"Rate",0.562681548960396,0.422383287423471,0.740949639696687
1,"Deaths",1794,"Hampshire County",25015,520,"Other chronic respiratory diseases",3,"Both",27,"Age-standardized",2004,"Rate",0.557583976763254,0.414907067313499,0.741326478418937
1,"Deaths",1794,"Hampshire County",25015,520,"Other chronic respiratory diseases",3,"Both",27,"Age-standardized",2005,"Rate",0.586439547046254,0.435072714927084,0.783646182871353
1,"Deaths",1794,"Hampshire County",25015,520,"Other chronic respiratory diseases",3,"Both",27,"Age-standardized",2006,"Rate",0.593011491778475,0.441616274572407,0.784998069477415
1,"Deaths",1794,"Hampshire County",25015,520,"Other chronic respiratory diseases",3,"Both",27,"Age-standardized",2007,"Rate",0.602402440098689,0.440013245449671,0.802168485447345
1,"Deaths",1794,"Hampshire County",25015,520,"Other chronic respiratory diseases",3,"Both",27,"Age-standardized",2008,"Rate",0.590363122237151,0.437223103550389,0.801444087286177
1,"Deaths",1794,"Hampshire County",25015,520,"Other chronic respiratory diseases",3,"Both",27,"Age-standardized",2009,"Rate",0.601553605159746,0.438637332921951,0.80775201730357
1,"Deaths",1794,"Hampshire County",25015,520,"Other chronic respiratory diseases",3,"Both",27,"Age-standardized",2010,"Rate",0.591420220462059,0.431778163984675,0.796548845002647
1,"Deaths",1794,"Hampshire County",25015,520,"Other chronic respiratory diseases",3,"Both",27,"Age-standardized",2011,"Rate",0.592422177947322,0.427405302535586,0.801462259486544
1,"Deaths",1794,"Hampshire County",25015,520,"Other chronic respiratory diseases",3,"Both",27,"Age-standardized",2012,"Rate",0.588028230133153,0.4253781402385,0.793999210967073
1,"Deaths",1794,"Hampshire County",25015,520,"Other chronic respiratory diseases",3,"Both",27,"Age-standardized",2013,"Rate",0.583773189794127,0.420022105798159,0.805043976402486
1,"Deaths",1794,"Hampshire County",25015,520,"Other chronic respiratory diseases",3,"Both",27,"Age-standardized",2014,"Rate",0.599237607166423,0.425271953945293,0.814588745077764
1,"Deaths",1792,"Middlesex County",25017,520,"Other chronic respiratory diseases",1,"Male",27,"Age-standardized",1980,"Rate",0.790747046139023,0.670337769114927,0.926520806903362
1,"Deaths",1792,"Middlesex County",25017,520,"Other chronic respiratory diseases",1,"Male",27,"Age-standardized",1981,"Rate",0.774129500869144,0.657311459546571,0.900984049542385
1,"Deaths",1792,"Middlesex County",25017,520,"Other chronic respiratory diseases",1,"Male",27,"Age-standardized",1982,"Rate",0.764352758959395,0.65428149122278,0.887689796370104
1,"Deaths",1792,"Middlesex County",25017,520,"Other chronic respiratory diseases",1,"Male",27,"Age-standardized",1983,"Rate",0.771708732850426,0.659541275293307,0.893128982682694
1,"Deaths",1792,"Middlesex County",25017,520,"Other chronic respiratory diseases",1,"Male",27,"Age-standardized",1984,"Rate",0.770090306640324,0.656422076776825,0.888440592742049
1,"Deaths",1792,"Middlesex County",25017,520,"Other chronic respiratory diseases",1,"Male",27,"Age-standardized",1985,"Rate",0.777079841443662,0.666195411922519,0.900812192548157
1,"Deaths",1792,"Middlesex County",25017,520,"Other chronic respiratory diseases",1,"Male",27,"Age-standardized",1986,"Rate",0.767471931105131,0.660050459576674,0.884169112986201
1,"Deaths",1792,"Middlesex County",25017,520,"Other chronic respiratory diseases",1,"Male",27,"Age-standardized",1987,"Rate",0.763277758586239,0.657036986017879,0.877765289286266
1,"Deaths",1792,"Middlesex County",25017,520,"Other chronic respiratory diseases",1,"Male",27,"Age-standardized",1988,"Rate",0.734505480546639,0.636040943134963,0.838947782570609
1,"Deaths",1792,"Middlesex County",25017,520,"Other chronic respiratory diseases",1,"Male",27,"Age-standardized",1989,"Rate",0.732313105155471,0.63096709742574,0.840658613941994
1,"Deaths",1792,"Middlesex County",25017,520,"Other chronic respiratory diseases",1,"Male",27,"Age-standardized",1990,"Rate",0.705173426055088,0.603162334784422,0.810993696917391
1,"Deaths",1792,"Middlesex County",25017,520,"Other chronic respiratory diseases",1,"Male",27,"Age-standardized",1991,"Rate",0.702717695042244,0.606451255025993,0.804251920459164
1,"Deaths",1792,"Middlesex County",25017,520,"Other chronic respiratory diseases",1,"Male",27,"Age-standardized",1992,"Rate",0.697795204728371,0.606402782261846,0.799903026004812
1,"Deaths",1792,"Middlesex County",25017,520,"Other chronic respiratory diseases",1,"Male",27,"Age-standardized",1993,"Rate",0.688242983824583,0.595598464792974,0.798595322833915
1,"Deaths",1792,"Middlesex County",25017,520,"Other chronic respiratory diseases",1,"Male",27,"Age-standardized",1994,"Rate",0.691921169399962,0.595983609361184,0.796393229225077
1,"Deaths",1792,"Middlesex County",25017,520,"Other chronic respiratory diseases",1,"Male",27,"Age-standardized",1995,"Rate",0.710584536448346,0.613066767278616,0.818928595241933
1,"Deaths",1792,"Middlesex County",25017,520,"Other chronic respiratory diseases",1,"Male",27,"Age-standardized",1996,"Rate",0.701916646827355,0.604046242568173,0.808850827991588
1,"Deaths",1792,"Middlesex County",25017,520,"Other chronic respiratory diseases",1,"Male",27,"Age-standardized",1997,"Rate",0.706062869778102,0.606071936669461,0.812524591782669
1,"Deaths",1792,"Middlesex County",25017,520,"Other chronic respiratory diseases",1,"Male",27,"Age-standardized",1998,"Rate",0.737371320847548,0.639887176099375,0.853336875034401
1,"Deaths",1792,"Middlesex County",25017,520,"Other chronic respiratory diseases",1,"Male",27,"Age-standardized",1999,"Rate",0.781868997198647,0.67592351838709,0.902427358377669
1,"Deaths",1792,"Middlesex County",25017,520,"Other chronic respiratory diseases",1,"Male",27,"Age-standardized",2000,"Rate",0.813648882949195,0.705649613675425,0.94793142614787
1,"Deaths",1792,"Middlesex County",25017,520,"Other chronic respiratory diseases",1,"Male",27,"Age-standardized",2001,"Rate",0.822243366351861,0.715980166167839,0.946935248493322
1,"Deaths",1792,"Middlesex County",25017,520,"Other chronic respiratory diseases",1,"Male",27,"Age-standardized",2002,"Rate",0.822601548966464,0.714565317790983,0.948063297210446
1,"Deaths",1792,"Middlesex County",25017,520,"Other chronic respiratory diseases",1,"Male",27,"Age-standardized",2003,"Rate",0.836262876690883,0.723839447813215,0.966324559984777
1,"Deaths",1792,"Middlesex County",25017,520,"Other chronic respiratory diseases",1,"Male",27,"Age-standardized",2004,"Rate",0.838985563184462,0.726179011973211,0.97737124048131
1,"Deaths",1792,"Middlesex County",25017,520,"Other chronic respiratory diseases",1,"Male",27,"Age-standardized",2005,"Rate",0.84846888426539,0.729208801304519,0.991421220759342
1,"Deaths",1792,"Middlesex County",25017,520,"Other chronic respiratory diseases",1,"Male",27,"Age-standardized",2006,"Rate",0.836949563269095,0.721241312827146,0.978862587258451
1,"Deaths",1792,"Middlesex County",25017,520,"Other chronic respiratory diseases",1,"Male",27,"Age-standardized",2007,"Rate",0.836497091902829,0.720561770096737,0.977729661404617
1,"Deaths",1792,"Middlesex County",25017,520,"Other chronic respiratory diseases",1,"Male",27,"Age-standardized",2008,"Rate",0.843569151377141,0.720962692095486,0.993898151495732
1,"Deaths",1792,"Middlesex County",25017,520,"Other chronic respiratory diseases",1,"Male",27,"Age-standardized",2009,"Rate",0.838879639909143,0.716522399922279,0.983685426829349
1,"Deaths",1792,"Middlesex County",25017,520,"Other chronic respiratory diseases",1,"Male",27,"Age-standardized",2010,"Rate",0.81228100265296,0.686993127559156,0.963069376247841
1,"Deaths",1792,"Middlesex County",25017,520,"Other chronic respiratory diseases",1,"Male",27,"Age-standardized",2011,"Rate",0.839891169690625,0.71084465677688,0.988663872950645
1,"Deaths",1792,"Middlesex County",25017,520,"Other chronic respiratory diseases",1,"Male",27,"Age-standardized",2012,"Rate",0.803841338637803,0.678407220293961,0.958087427075442
1,"Deaths",1792,"Middlesex County",25017,520,"Other chronic respiratory diseases",1,"Male",27,"Age-standardized",2013,"Rate",0.784490631486225,0.659377220825379,0.941349926910393
1,"Deaths",1792,"Middlesex County",25017,520,"Other chronic respiratory diseases",1,"Male",27,"Age-standardized",2014,"Rate",0.789998798877156,0.656051176814031,0.951790956175591
1,"Deaths",1792,"Middlesex County",25017,520,"Other chronic respiratory diseases",2,"Female",27,"Age-standardized",1980,"Rate",0.261578105738377,0.199426482137946,0.342081796308273
1,"Deaths",1792,"Middlesex County",25017,520,"Other chronic respiratory diseases",2,"Female",27,"Age-standardized",1981,"Rate",0.258038829493794,0.194583026512552,0.32837753614161
1,"Deaths",1792,"Middlesex County",25017,520,"Other chronic respiratory diseases",2,"Female",27,"Age-standardized",1982,"Rate",0.245604956257496,0.187494055034553,0.312981584301146
1,"Deaths",1792,"Middlesex County",25017,520,"Other chronic respiratory diseases",2,"Female",27,"Age-standardized",1983,"Rate",0.246044647540908,0.190873202564793,0.315826867045415
1,"Deaths",1792,"Middlesex County",25017,520,"Other chronic respiratory diseases",2,"Female",27,"Age-standardized",1984,"Rate",0.256159215872027,0.19474338143513,0.324535350888584
1,"Deaths",1792,"Middlesex County",25017,520,"Other chronic respiratory diseases",2,"Female",27,"Age-standardized",1985,"Rate",0.25961551276515,0.201413426398999,0.327948012498866
1,"Deaths",1792,"Middlesex County",25017,520,"Other chronic respiratory diseases",2,"Female",27,"Age-standardized",1986,"Rate",0.255830294493863,0.202510463772176,0.324345440585802
1,"Deaths",1792,"Middlesex County",25017,520,"Other chronic respiratory diseases",2,"Female",27,"Age-standardized",1987,"Rate",0.253947815271835,0.199456032155683,0.314555258418398
1,"Deaths",1792,"Middlesex County",25017,520,"Other chronic respiratory diseases",2,"Female",27,"Age-standardized",1988,"Rate",0.24802853333268,0.195418212507654,0.307962382055025
1,"Deaths",1792,"Middlesex County",25017,520,"Other chronic respiratory diseases",2,"Female",27,"Age-standardized",1989,"Rate",0.253567263891436,0.197518224330082,0.31797639753457
1,"Deaths",1792,"Middlesex County",25017,520,"Other chronic respiratory diseases",2,"Female",27,"Age-standardized",1990,"Rate",0.24094525165761,0.191156696706557,0.300600003404748
1,"Deaths",1792,"Middlesex County",25017,520,"Other chronic respiratory diseases",2,"Female",27,"Age-standardized",1991,"Rate",0.246808257716243,0.194164030411608,0.305163864760079
1,"Deaths",1792,"Middlesex County",25017,520,"Other chronic respiratory diseases",2,"Female",27,"Age-standardized",1992,"Rate",0.239350106595412,0.188725116407346,0.29831619521618
1,"Deaths",1792,"Middlesex County",25017,520,"Other chronic respiratory diseases",2,"Female",27,"Age-standardized",1993,"Rate",0.25839440395818,0.201799892827048,0.327116839077768
1,"Deaths",1792,"Middlesex County",25017,520,"Other chronic respiratory diseases",2,"Female",27,"Age-standardized",1994,"Rate",0.248151079672726,0.198264814788504,0.309097316327014
1,"Deaths",1792,"Middlesex County",25017,520,"Other chronic respiratory diseases",2,"Female",27,"Age-standardized",1995,"Rate",0.261157848919324,0.203855082996085,0.323739835144268
1,"Deaths",1792,"Middlesex County",25017,520,"Other chronic respiratory diseases",2,"Female",27,"Age-standardized",1996,"Rate",0.245929618374553,0.195024694971439,0.304288776422347
1,"Deaths",1792,"Middlesex County",25017,520,"Other chronic respiratory diseases",2,"Female",27,"Age-standardized",1997,"Rate",0.24611497306481,0.194912897178147,0.309375732757042
1,"Deaths",1792,"Middlesex County",25017,520,"Other chronic respiratory diseases",2,"Female",27,"Age-standardized",1998,"Rate",0.266877388109889,0.209145678560122,0.332269107807645
1,"Deaths",1792,"Middlesex County",25017,520,"Other chronic respiratory diseases",2,"Female",27,"Age-standardized",1999,"Rate",0.297935361341204,0.237926138935948,0.375454369409247
1,"Deaths",1792,"Middlesex County",25017,520,"Other chronic respiratory diseases",2,"Female",27,"Age-standardized",2000,"Rate",0.329218160979219,0.259451171750861,0.412188499424343
1,"Deaths",1792,"Middlesex County",25017,520,"Other chronic respiratory diseases",2,"Female",27,"Age-standardized",2001,"Rate",0.327065703200797,0.256113339991573,0.415187711794705
1,"Deaths",1792,"Middlesex County",25017,520,"Other chronic respiratory diseases",2,"Female",27,"Age-standardized",2002,"Rate",0.334988729817434,0.265151080472304,0.421430086020049
1,"Deaths",1792,"Middlesex County",25017,520,"Other chronic respiratory diseases",2,"Female",27,"Age-standardized",2003,"Rate",0.337750631608706,0.264633179754091,0.431349914050872
1,"Deaths",1792,"Middlesex County",25017,520,"Other chronic respiratory diseases",2,"Female",27,"Age-standardized",2004,"Rate",0.339817198878137,0.270721768313361,0.436628782957278
1,"Deaths",1792,"Middlesex County",25017,520,"Other chronic respiratory diseases",2,"Female",27,"Age-standardized",2005,"Rate",0.361899598383415,0.283399851292378,0.455094621642602
1,"Deaths",1792,"Middlesex County",25017,520,"Other chronic respiratory diseases",2,"Female",27,"Age-standardized",2006,"Rate",0.368687589286734,0.286667498603,0.477461078736539
1,"Deaths",1792,"Middlesex County",25017,520,"Other chronic respiratory diseases",2,"Female",27,"Age-standardized",2007,"Rate",0.373418721797138,0.291423857999351,0.477912059812868
1,"Deaths",1792,"Middlesex County",25017,520,"Other chronic respiratory diseases",2,"Female",27,"Age-standardized",2008,"Rate",0.371394351162335,0.288821661279532,0.48287706630175
1,"Deaths",1792,"Middlesex County",25017,520,"Other chronic respiratory diseases",2,"Female",27,"Age-standardized",2009,"Rate",0.364629222509084,0.280648327891752,0.480700271785202
1,"Deaths",1792,"Middlesex County",25017,520,"Other chronic respiratory diseases",2,"Female",27,"Age-standardized",2010,"Rate",0.371159398718259,0.283328289688037,0.488446622334795
1,"Deaths",1792,"Middlesex County",25017,520,"Other chronic respiratory diseases",2,"Female",27,"Age-standardized",2011,"Rate",0.373051833123429,0.285709893567347,0.488727390112607
1,"Deaths",1792,"Middlesex County",25017,520,"Other chronic respiratory diseases",2,"Female",27,"Age-standardized",2012,"Rate",0.376443559514383,0.285147449890307,0.499145658161618
1,"Deaths",1792,"Middlesex County",25017,520,"Other chronic respiratory diseases",2,"Female",27,"Age-standardized",2013,"Rate",0.357286754351931,0.274108547799769,0.478410887752145
1,"Deaths",1792,"Middlesex County",25017,520,"Other chronic respiratory diseases",2,"Female",27,"Age-standardized",2014,"Rate",0.356838237819209,0.271246816462732,0.477448069782614
1,"Deaths",1792,"Middlesex County",25017,520,"Other chronic respiratory diseases",3,"Both",27,"Age-standardized",1980,"Rate",0.449260870099733,0.388746337591889,0.519344495919443
1,"Deaths",1792,"Middlesex County",25017,520,"Other chronic respiratory diseases",3,"Both",27,"Age-standardized",1981,"Rate",0.439143607084275,0.376315742119707,0.500199671296498
1,"Deaths",1792,"Middlesex County",25017,520,"Other chronic respiratory diseases",3,"Both",27,"Age-standardized",1982,"Rate",0.426536901513048,0.368824875175152,0.490661569196704
1,"Deaths",1792,"Middlesex County",25017,520,"Other chronic respiratory diseases",3,"Both",27,"Age-standardized",1983,"Rate",0.429504943283871,0.374085919924438,0.490318932535566
1,"Deaths",1792,"Middlesex County",25017,520,"Other chronic respiratory diseases",3,"Both",27,"Age-standardized",1984,"Rate",0.434063483372274,0.377779387662972,0.494725518600366
1,"Deaths",1792,"Middlesex County",25017,520,"Other chronic respiratory diseases",3,"Both",27,"Age-standardized",1985,"Rate",0.437673882094572,0.384172012442242,0.498024093861776
1,"Deaths",1792,"Middlesex County",25017,520,"Other chronic respiratory diseases",3,"Both",27,"Age-standardized",1986,"Rate",0.431409472086953,0.37984242543414,0.487218714816772
1,"Deaths",1792,"Middlesex County",25017,520,"Other chronic respiratory diseases",3,"Both",27,"Age-standardized",1987,"Rate",0.428175121924219,0.377792321694268,0.485277042036811
1,"Deaths",1792,"Middlesex County",25017,520,"Other chronic respiratory diseases",3,"Both",27,"Age-standardized",1988,"Rate",0.414867567600695,0.364697260217708,0.47021406155228
1,"Deaths",1792,"Middlesex County",25017,520,"Other chronic respiratory diseases",3,"Both",27,"Age-standardized",1989,"Rate",0.418131960783485,0.368520959030067,0.470425491465153
1,"Deaths",1792,"Middlesex County",25017,520,"Other chronic respiratory diseases",3,"Both",27,"Age-standardized",1990,"Rate",0.400393469674347,0.354777260712683,0.450311695179241
1,"Deaths",1792,"Middlesex County",25017,520,"Other chronic respiratory diseases",3,"Both",27,"Age-standardized",1991,"Rate",0.40440568151302,0.358311175784768,0.454058833124389
1,"Deaths",1792,"Middlesex County",25017,520,"Other chronic respiratory diseases",3,"Both",27,"Age-standardized",1992,"Rate",0.398870162567098,0.349352346843629,0.448523397970689
1,"Deaths",1792,"Middlesex County",25017,520,"Other chronic respiratory diseases",3,"Both",27,"Age-standardized",1993,"Rate",0.408290090437122,0.363169331276602,0.461351976298563
1,"Deaths",1792,"Middlesex County",25017,520,"Other chronic respiratory diseases",3,"Both",27,"Age-standardized",1994,"Rate",0.403461292135815,0.355702415557989,0.456207974804184
1,"Deaths",1792,"Middlesex County",25017,520,"Other chronic respiratory diseases",3,"Both",27,"Age-standardized",1995,"Rate",0.418935837038885,0.372763434679653,0.475603024239738
1,"Deaths",1792,"Middlesex County",25017,520,"Other chronic respiratory diseases",3,"Both",27,"Age-standardized",1996,"Rate",0.407304503900879,0.36232301464139,0.464388812795942
1,"Deaths",1792,"Middlesex County",25017,520,"Other chronic respiratory diseases",3,"Both",27,"Age-standardized",1997,"Rate",0.410282003550714,0.361912257718595,0.463132694961076
1,"Deaths",1792,"Middlesex County",25017,520,"Other chronic respiratory diseases",3,"Both",27,"Age-standardized",1998,"Rate",0.435484730630928,0.387128071729385,0.494233551088604
1,"Deaths",1792,"Middlesex County",25017,520,"Other chronic respiratory diseases",3,"Both",27,"Age-standardized",1999,"Rate",0.474023304075909,0.422313872877921,0.535861163720048
1,"Deaths",1792,"Middlesex County",25017,520,"Other chronic respiratory diseases",3,"Both",27,"Age-standardized",2000,"Rate",0.507431825256081,0.449609977388831,0.58157985023479
1,"Deaths",1792,"Middlesex County",25017,520,"Other chronic respiratory diseases",3,"Both",27,"Age-standardized",2001,"Rate",0.512010231252608,0.452078894590087,0.580404044684865
1,"Deaths",1792,"Middlesex County",25017,520,"Other chronic respiratory diseases",3,"Both",27,"Age-standardized",2002,"Rate",0.519254079648326,0.459222559570908,0.587862130404433
1,"Deaths",1792,"Middlesex County",25017,520,"Other chronic respiratory diseases",3,"Both",27,"Age-standardized",2003,"Rate",0.527885703270363,0.466092517785322,0.602390180779055
1,"Deaths",1792,"Middlesex County",25017,520,"Other chronic respiratory diseases",3,"Both",27,"Age-standardized",2004,"Rate",0.532422031775713,0.473986691126386,0.604623738608237
1,"Deaths",1792,"Middlesex County",25017,520,"Other chronic respiratory diseases",3,"Both",27,"Age-standardized",2005,"Rate",0.551674288880321,0.482770372008856,0.630948187473942
1,"Deaths",1792,"Middlesex County",25017,520,"Other chronic respiratory diseases",3,"Both",27,"Age-standardized",2006,"Rate",0.553169319861573,0.48254403640976,0.635866283008989
1,"Deaths",1792,"Middlesex County",25017,520,"Other chronic respiratory diseases",3,"Both",27,"Age-standardized",2007,"Rate",0.556932384700307,0.485660765499509,0.641694355405082
1,"Deaths",1792,"Middlesex County",25017,520,"Other chronic respiratory diseases",3,"Both",27,"Age-standardized",2008,"Rate",0.560060536574627,0.491557130957147,0.65314691421907
1,"Deaths",1792,"Middlesex County",25017,520,"Other chronic respiratory diseases",3,"Both",27,"Age-standardized",2009,"Rate",0.554827169799807,0.479201660318641,0.637810400134175
1,"Deaths",1792,"Middlesex County",25017,520,"Other chronic respiratory diseases",3,"Both",27,"Age-standardized",2010,"Rate",0.548544608930623,0.473653662670841,0.638149014408029
1,"Deaths",1792,"Middlesex County",25017,520,"Other chronic respiratory diseases",3,"Both",27,"Age-standardized",2011,"Rate",0.56227731704307,0.483456627900402,0.651346139582127
1,"Deaths",1792,"Middlesex County",25017,520,"Other chronic respiratory diseases",3,"Both",27,"Age-standardized",2012,"Rate",0.550434442056743,0.471589136791319,0.643403034189172
1,"Deaths",1792,"Middlesex County",25017,520,"Other chronic respiratory diseases",3,"Both",27,"Age-standardized",2013,"Rate",0.53095435088051,0.449653940204707,0.625744445798838
1,"Deaths",1792,"Middlesex County",25017,520,"Other chronic respiratory diseases",3,"Both",27,"Age-standardized",2014,"Rate",0.533070856549702,0.45618404245498,0.625469077827919
1,"Deaths",1802,"Nantucket County",25019,520,"Other chronic respiratory diseases",1,"Male",27,"Age-standardized",1980,"Rate",0.801946628282151,0.48294846066319,1.24439284277954
1,"Deaths",1802,"Nantucket County",25019,520,"Other chronic respiratory diseases",1,"Male",27,"Age-standardized",1981,"Rate",0.78692557009869,0.464293812053911,1.22635200482189
1,"Deaths",1802,"Nantucket County",25019,520,"Other chronic respiratory diseases",1,"Male",27,"Age-standardized",1982,"Rate",0.777277888730563,0.460963041576536,1.2022080015384
1,"Deaths",1802,"Nantucket County",25019,520,"Other chronic respiratory diseases",1,"Male",27,"Age-standardized",1983,"Rate",0.783457655489913,0.448022510274699,1.2224094189706
1,"Deaths",1802,"Nantucket County",25019,520,"Other chronic respiratory diseases",1,"Male",27,"Age-standardized",1984,"Rate",0.773140015161406,0.463352207690218,1.20148906414317
1,"Deaths",1802,"Nantucket County",25019,520,"Other chronic respiratory diseases",1,"Male",27,"Age-standardized",1985,"Rate",0.779381566197245,0.453990589521099,1.23502475828149
1,"Deaths",1802,"Nantucket County",25019,520,"Other chronic respiratory diseases",1,"Male",27,"Age-standardized",1986,"Rate",0.772092603057173,0.452590493423881,1.21713632671906
1,"Deaths",1802,"Nantucket County",25019,520,"Other chronic respiratory diseases",1,"Male",27,"Age-standardized",1987,"Rate",0.757067590271761,0.434801650719417,1.20480275224198
1,"Deaths",1802,"Nantucket County",25019,520,"Other chronic respiratory diseases",1,"Male",27,"Age-standardized",1988,"Rate",0.753329467966898,0.433095889120155,1.19867262267941
1,"Deaths",1802,"Nantucket County",25019,520,"Other chronic respiratory diseases",1,"Male",27,"Age-standardized",1989,"Rate",0.733086440347342,0.416544323101643,1.19484984934691
1,"Deaths",1802,"Nantucket County",25019,520,"Other chronic respiratory diseases",1,"Male",27,"Age-standardized",1990,"Rate",0.70602055674101,0.405137258125222,1.13588661533514
1,"Deaths",1802,"Nantucket County",25019,520,"Other chronic respiratory diseases",1,"Male",27,"Age-standardized",1991,"Rate",0.697277860543258,0.389010012441798,1.15028271629519
1,"Deaths",1802,"Nantucket County",25019,520,"Other chronic respiratory diseases",1,"Male",27,"Age-standardized",1992,"Rate",0.680738274985666,0.380436795200301,1.10537414340605
1,"Deaths",1802,"Nantucket County",25019,520,"Other chronic respiratory diseases",1,"Male",27,"Age-standardized",1993,"Rate",0.681573038175622,0.377449186805605,1.13093421382936
1,"Deaths",1802,"Nantucket County",25019,520,"Other chronic respiratory diseases",1,"Male",27,"Age-standardized",1994,"Rate",0.680028780274091,0.375822310602081,1.14501425800707
1,"Deaths",1802,"Nantucket County",25019,520,"Other chronic respiratory diseases",1,"Male",27,"Age-standardized",1995,"Rate",0.678851965461047,0.369505652298478,1.12554737382249
1,"Deaths",1802,"Nantucket County",25019,520,"Other chronic respiratory diseases",1,"Male",27,"Age-standardized",1996,"Rate",0.67466938475218,0.365691378466917,1.13938218340202
1,"Deaths",1802,"Nantucket County",25019,520,"Other chronic respiratory diseases",1,"Male",27,"Age-standardized",1997,"Rate",0.68340426068366,0.366579205533393,1.15036170342725
1,"Deaths",1802,"Nantucket County",25019,520,"Other chronic respiratory diseases",1,"Male",27,"Age-standardized",1998,"Rate",0.700630307515459,0.371211900193496,1.19478744604326
1,"Deaths",1802,"Nantucket County",25019,520,"Other chronic respiratory diseases",1,"Male",27,"Age-standardized",1999,"Rate",0.749097842607283,0.393276618227067,1.2541901876938
1,"Deaths",1802,"Nantucket County",25019,520,"Other chronic respiratory diseases",1,"Male",27,"Age-standardized",2000,"Rate",0.775394730276082,0.410036170747424,1.36596528449969
1,"Deaths",1802,"Nantucket County",25019,520,"Other chronic respiratory diseases",1,"Male",27,"Age-standardized",2001,"Rate",0.802282020628863,0.417124810515934,1.41111163376709
1,"Deaths",1802,"Nantucket County",25019,520,"Other chronic respiratory diseases",1,"Male",27,"Age-standardized",2002,"Rate",0.820350445473256,0.418764014848594,1.45516940814143
1,"Deaths",1802,"Nantucket County",25019,520,"Other chronic respiratory diseases",1,"Male",27,"Age-standardized",2003,"Rate",0.844713130629797,0.43194261606084,1.53406568070821
1,"Deaths",1802,"Nantucket County",25019,520,"Other chronic respiratory diseases",1,"Male",27,"Age-standardized",2004,"Rate",0.803677591572628,0.406794660920465,1.47965926619725
1,"Deaths",1802,"Nantucket County",25019,520,"Other chronic respiratory diseases",1,"Male",27,"Age-standardized",2005,"Rate",0.790795763829436,0.395037228117752,1.42481783880205
1,"Deaths",1802,"Nantucket County",25019,520,"Other chronic respiratory diseases",1,"Male",27,"Age-standardized",2006,"Rate",0.776098878209668,0.391719725104961,1.42391308750077
1,"Deaths",1802,"Nantucket County",25019,520,"Other chronic respiratory diseases",1,"Male",27,"Age-standardized",2007,"Rate",0.784582500586877,0.390363837514207,1.46758474591334
1,"Deaths",1802,"Nantucket County",25019,520,"Other chronic respiratory diseases",1,"Male",27,"Age-standardized",2008,"Rate",0.803140801590619,0.386072793456502,1.4946373614516
1,"Deaths",1802,"Nantucket County",25019,520,"Other chronic respiratory diseases",1,"Male",27,"Age-standardized",2009,"Rate",0.810365809582953,0.387697978685397,1.50075191313448
1,"Deaths",1802,"Nantucket County",25019,520,"Other chronic respiratory diseases",1,"Male",27,"Age-standardized",2010,"Rate",0.802867748294036,0.379158146265119,1.52431032745841
1,"Deaths",1802,"Nantucket County",25019,520,"Other chronic respiratory diseases",1,"Male",27,"Age-standardized",2011,"Rate",0.779501476166309,0.361228815433944,1.49469170681223
1,"Deaths",1802,"Nantucket County",25019,520,"Other chronic respiratory diseases",1,"Male",27,"Age-standardized",2012,"Rate",0.771571218360501,0.357260130021742,1.52646992499349
1,"Deaths",1802,"Nantucket County",25019,520,"Other chronic respiratory diseases",1,"Male",27,"Age-standardized",2013,"Rate",0.778574984259143,0.349336774252483,1.50586118028274
1,"Deaths",1802,"Nantucket County",25019,520,"Other chronic respiratory diseases",1,"Male",27,"Age-standardized",2014,"Rate",0.7520512193017,0.332074841336143,1.48344663738466
1,"Deaths",1802,"Nantucket County",25019,520,"Other chronic respiratory diseases",2,"Female",27,"Age-standardized",1980,"Rate",0.227724717800129,0.110825733996706,0.41984977404782
1,"Deaths",1802,"Nantucket County",25019,520,"Other chronic respiratory diseases",2,"Female",27,"Age-standardized",1981,"Rate",0.221354494390851,0.104054134610743,0.398378812057837
1,"Deaths",1802,"Nantucket County",25019,520,"Other chronic respiratory diseases",2,"Female",27,"Age-standardized",1982,"Rate",0.211120974191412,0.0987664204849978,0.391653085865538
1,"Deaths",1802,"Nantucket County",25019,520,"Other chronic respiratory diseases",2,"Female",27,"Age-standardized",1983,"Rate",0.210023777724863,0.101358354870183,0.393835909896905
1,"Deaths",1802,"Nantucket County",25019,520,"Other chronic respiratory diseases",2,"Female",27,"Age-standardized",1984,"Rate",0.212163676832797,0.10240983423017,0.393216321148735
1,"Deaths",1802,"Nantucket County",25019,520,"Other chronic respiratory diseases",2,"Female",27,"Age-standardized",1985,"Rate",0.210967865271643,0.0982275296946937,0.399644825869245
1,"Deaths",1802,"Nantucket County",25019,520,"Other chronic respiratory diseases",2,"Female",27,"Age-standardized",1986,"Rate",0.207321743141341,0.0971442632111137,0.406945558294281
1,"Deaths",1802,"Nantucket County",25019,520,"Other chronic respiratory diseases",2,"Female",27,"Age-standardized",1987,"Rate",0.204193957635094,0.0918161438917281,0.388727878107866
1,"Deaths",1802,"Nantucket County",25019,520,"Other chronic respiratory diseases",2,"Female",27,"Age-standardized",1988,"Rate",0.202445780822717,0.0912920423109718,0.372081958947597
1,"Deaths",1802,"Nantucket County",25019,520,"Other chronic respiratory diseases",2,"Female",27,"Age-standardized",1989,"Rate",0.199809935514845,0.0900717485590818,0.385194353367723
1,"Deaths",1802,"Nantucket County",25019,520,"Other chronic respiratory diseases",2,"Female",27,"Age-standardized",1990,"Rate",0.194338683892377,0.0860617165247399,0.389591476775933
1,"Deaths",1802,"Nantucket County",25019,520,"Other chronic respiratory diseases",2,"Female",27,"Age-standardized",1991,"Rate",0.195403586559431,0.0825235517712332,0.388533565044746
1,"Deaths",1802,"Nantucket County",25019,520,"Other chronic respiratory diseases",2,"Female",27,"Age-standardized",1992,"Rate",0.191975898722494,0.0822614188764123,0.386357724574912
1,"Deaths",1802,"Nantucket County",25019,520,"Other chronic respiratory diseases",2,"Female",27,"Age-standardized",1993,"Rate",0.195386421415235,0.0811526255023607,0.395372426334866
1,"Deaths",1802,"Nantucket County",25019,520,"Other chronic respiratory diseases",2,"Female",27,"Age-standardized",1994,"Rate",0.192917741115753,0.0774118222338481,0.398786324990355
1,"Deaths",1802,"Nantucket County",25019,520,"Other chronic respiratory diseases",2,"Female",27,"Age-standardized",1995,"Rate",0.19681375035192,0.0775873699700958,0.40983684334279
1,"Deaths",1802,"Nantucket County",25019,520,"Other chronic respiratory diseases",2,"Female",27,"Age-standardized",1996,"Rate",0.19977742907079,0.0768511668469281,0.411567099251648
1,"Deaths",1802,"Nantucket County",25019,520,"Other chronic respiratory diseases",2,"Female",27,"Age-standardized",1997,"Rate",0.205416184618496,0.0805512147800477,0.443924463543904
1,"Deaths",1802,"Nantucket County",25019,520,"Other chronic respiratory diseases",2,"Female",27,"Age-standardized",1998,"Rate",0.215608911223966,0.0809180797425834,0.471607077488595
1,"Deaths",1802,"Nantucket County",25019,520,"Other chronic respiratory diseases",2,"Female",27,"Age-standardized",1999,"Rate",0.242127853782221,0.0888506536230473,0.516627807321939
1,"Deaths",1802,"Nantucket County",25019,520,"Other chronic respiratory diseases",2,"Female",27,"Age-standardized",2000,"Rate",0.256911270751609,0.0940020411064882,0.581158432579097
1,"Deaths",1802,"Nantucket County",25019,520,"Other chronic respiratory diseases",2,"Female",27,"Age-standardized",2001,"Rate",0.263169431649885,0.0931933460101736,0.565522889224042
1,"Deaths",1802,"Nantucket County",25019,520,"Other chronic respiratory diseases",2,"Female",27,"Age-standardized",2002,"Rate",0.26960204845618,0.0926609317803828,0.589161186083063
1,"Deaths",1802,"Nantucket County",25019,520,"Other chronic respiratory diseases",2,"Female",27,"Age-standardized",2003,"Rate",0.278746568578774,0.0965954495282532,0.62001667548507
1,"Deaths",1802,"Nantucket County",25019,520,"Other chronic respiratory diseases",2,"Female",27,"Age-standardized",2004,"Rate",0.277510520597638,0.0946190065155224,0.610500115777299
1,"Deaths",1802,"Nantucket County",25019,520,"Other chronic respiratory diseases",2,"Female",27,"Age-standardized",2005,"Rate",0.288069858680824,0.094520343671634,0.636294865576695
1,"Deaths",1802,"Nantucket County",25019,520,"Other chronic respiratory diseases",2,"Female",27,"Age-standardized",2006,"Rate",0.297273754770317,0.0955047629065805,0.683268130659845
1,"Deaths",1802,"Nantucket County",25019,520,"Other chronic respiratory diseases",2,"Female",27,"Age-standardized",2007,"Rate",0.292822230084125,0.0967854489670923,0.69645550313486
1,"Deaths",1802,"Nantucket County",25019,520,"Other chronic respiratory diseases",2,"Female",27,"Age-standardized",2008,"Rate",0.294650293244367,0.0942209605001225,0.720220771330758
1,"Deaths",1802,"Nantucket County",25019,520,"Other chronic respiratory diseases",2,"Female",27,"Age-standardized",2009,"Rate",0.297698971859877,0.0922617635373625,0.739750137619295
1,"Deaths",1802,"Nantucket County",25019,520,"Other chronic respiratory diseases",2,"Female",27,"Age-standardized",2010,"Rate",0.304078857457262,0.0921690023314647,0.774039159566374
1,"Deaths",1802,"Nantucket County",25019,520,"Other chronic respiratory diseases",2,"Female",27,"Age-standardized",2011,"Rate",0.30616412723649,0.0892642025542301,0.775197342612851
1,"Deaths",1802,"Nantucket County",25019,520,"Other chronic respiratory diseases",2,"Female",27,"Age-standardized",2012,"Rate",0.308200270023686,0.0906178614669919,0.813837309258097
1,"Deaths",1802,"Nantucket County",25019,520,"Other chronic respiratory diseases",2,"Female",27,"Age-standardized",2013,"Rate",0.304191532538376,0.0854867620639343,0.780836156949657
1,"Deaths",1802,"Nantucket County",25019,520,"Other chronic respiratory diseases",2,"Female",27,"Age-standardized",2014,"Rate",0.289648236232459,0.0765877974901351,0.77579000820968
1,"Deaths",1802,"Nantucket County",25019,520,"Other chronic respiratory diseases",3,"Both",27,"Age-standardized",1980,"Rate",0.428700950178276,0.269633029662885,0.655423133917742
1,"Deaths",1802,"Nantucket County",25019,520,"Other chronic respiratory diseases",3,"Both",27,"Age-standardized",1981,"Rate",0.42264824138366,0.264648642838896,0.650870984584903
1,"Deaths",1802,"Nantucket County",25019,520,"Other chronic respiratory diseases",3,"Both",27,"Age-standardized",1982,"Rate",0.411466704767803,0.260724102430932,0.625350033823114
1,"Deaths",1802,"Nantucket County",25019,520,"Other chronic respiratory diseases",3,"Both",27,"Age-standardized",1983,"Rate",0.413451342176785,0.254289955109618,0.643920093214395
1,"Deaths",1802,"Nantucket County",25019,520,"Other chronic respiratory diseases",3,"Both",27,"Age-standardized",1984,"Rate",0.415336313362518,0.255019143485623,0.6356961665273
1,"Deaths",1802,"Nantucket County",25019,520,"Other chronic respiratory diseases",3,"Both",27,"Age-standardized",1985,"Rate",0.415455350684648,0.249676164590091,0.6605495408294
1,"Deaths",1802,"Nantucket County",25019,520,"Other chronic respiratory diseases",3,"Both",27,"Age-standardized",1986,"Rate",0.411249421432533,0.247430752471237,0.662338626837248
1,"Deaths",1802,"Nantucket County",25019,520,"Other chronic respiratory diseases",3,"Both",27,"Age-standardized",1987,"Rate",0.406591514026227,0.239938587791217,0.653067278988717
1,"Deaths",1802,"Nantucket County",25019,520,"Other chronic respiratory diseases",3,"Both",27,"Age-standardized",1988,"Rate",0.408622691407023,0.241105875103431,0.654027223612048
1,"Deaths",1802,"Nantucket County",25019,520,"Other chronic respiratory diseases",3,"Both",27,"Age-standardized",1989,"Rate",0.401294455270087,0.228020065488484,0.641364596530096
1,"Deaths",1802,"Nantucket County",25019,520,"Other chronic respiratory diseases",3,"Both",27,"Age-standardized",1990,"Rate",0.386285577778715,0.222124767491349,0.61910836101155
1,"Deaths",1802,"Nantucket County",25019,520,"Other chronic respiratory diseases",3,"Both",27,"Age-standardized",1991,"Rate",0.383711404661964,0.21501107804716,0.640120887680592
1,"Deaths",1802,"Nantucket County",25019,520,"Other chronic respiratory diseases",3,"Both",27,"Age-standardized",1992,"Rate",0.377197013784137,0.210515628691714,0.626078136549923
1,"Deaths",1802,"Nantucket County",25019,520,"Other chronic respiratory diseases",3,"Both",27,"Age-standardized",1993,"Rate",0.379605768178851,0.205996404481065,0.641293638213318
1,"Deaths",1802,"Nantucket County",25019,520,"Other chronic respiratory diseases",3,"Both",27,"Age-standardized",1994,"Rate",0.378201045811903,0.207870929089,0.631943270062422
1,"Deaths",1802,"Nantucket County",25019,520,"Other chronic respiratory diseases",3,"Both",27,"Age-standardized",1995,"Rate",0.381890247984826,0.203211376674193,0.652087875285418
1,"Deaths",1802,"Nantucket County",25019,520,"Other chronic respiratory diseases",3,"Both",27,"Age-standardized",1996,"Rate",0.383161020828481,0.199613160166584,0.666122606296706
1,"Deaths",1802,"Nantucket County",25019,520,"Other chronic respiratory diseases",3,"Both",27,"Age-standardized",1997,"Rate",0.391590006025222,0.201597901849744,0.678328473179391
1,"Deaths",1802,"Nantucket County",25019,520,"Other chronic respiratory diseases",3,"Both",27,"Age-standardized",1998,"Rate",0.404840510692312,0.206108343920536,0.713849346331456
1,"Deaths",1802,"Nantucket County",25019,520,"Other chronic respiratory diseases",3,"Both",27,"Age-standardized",1999,"Rate",0.442033364091277,0.224845528850071,0.782442336196958
1,"Deaths",1802,"Nantucket County",25019,520,"Other chronic respiratory diseases",3,"Both",27,"Age-standardized",2000,"Rate",0.463795192675578,0.232272247922246,0.837400111299771
1,"Deaths",1802,"Nantucket County",25019,520,"Other chronic respiratory diseases",3,"Both",27,"Age-standardized",2001,"Rate",0.477885165827181,0.240655001729929,0.868148200631622
1,"Deaths",1802,"Nantucket County",25019,520,"Other chronic respiratory diseases",3,"Both",27,"Age-standardized",2002,"Rate",0.489930545896059,0.240740587204474,0.89391569776958
1,"Deaths",1802,"Nantucket County",25019,520,"Other chronic respiratory diseases",3,"Both",27,"Age-standardized",2003,"Rate",0.511025551237476,0.248711574534807,0.93610754865594
1,"Deaths",1802,"Nantucket County",25019,520,"Other chronic respiratory diseases",3,"Both",27,"Age-standardized",2004,"Rate",0.487730616479343,0.235568820950399,0.915507682938805
1,"Deaths",1802,"Nantucket County",25019,520,"Other chronic respiratory diseases",3,"Both",27,"Age-standardized",2005,"Rate",0.492465096938595,0.238616806034688,0.920102789741471
1,"Deaths",1802,"Nantucket County",25019,520,"Other chronic respiratory diseases",3,"Both",27,"Age-standardized",2006,"Rate",0.49207704401919,0.233602141533108,0.941350790153943
1,"Deaths",1802,"Nantucket County",25019,520,"Other chronic respiratory diseases",3,"Both",27,"Age-standardized",2007,"Rate",0.494041280052723,0.231938167023545,0.945778161935706
1,"Deaths",1802,"Nantucket County",25019,520,"Other chronic respiratory diseases",3,"Both",27,"Age-standardized",2008,"Rate",0.507064780879753,0.235451623762395,0.982424546509687
1,"Deaths",1802,"Nantucket County",25019,520,"Other chronic respiratory diseases",3,"Both",27,"Age-standardized",2009,"Rate",0.50615344012305,0.223565525135621,0.988194318418866
1,"Deaths",1802,"Nantucket County",25019,520,"Other chronic respiratory diseases",3,"Both",27,"Age-standardized",2010,"Rate",0.511704492615759,0.229825448775404,1.02513953899695
1,"Deaths",1802,"Nantucket County",25019,520,"Other chronic respiratory diseases",3,"Both",27,"Age-standardized",2011,"Rate",0.501569845328437,0.218971507549072,1.03131321078678
1,"Deaths",1802,"Nantucket County",25019,520,"Other chronic respiratory diseases",3,"Both",27,"Age-standardized",2012,"Rate",0.502241022579643,0.212446896778098,1.01671872897551
1,"Deaths",1802,"Nantucket County",25019,520,"Other chronic respiratory diseases",3,"Both",27,"Age-standardized",2013,"Rate",0.50079785201523,0.209280515647989,1.02573774347041
1,"Deaths",1802,"Nantucket County",25019,520,"Other chronic respiratory diseases",3,"Both",27,"Age-standardized",2014,"Rate",0.481815893224697,0.200548007318653,0.994439234112317
1,"Deaths",1798,"Norfolk County",25021,520,"Other chronic respiratory diseases",1,"Male",27,"Age-standardized",1980,"Rate",0.726697380886067,0.602791057175743,0.871444335780911
1,"Deaths",1798,"Norfolk County",25021,520,"Other chronic respiratory diseases",1,"Male",27,"Age-standardized",1981,"Rate",0.728078344836257,0.608539058218467,0.872037713246982
1,"Deaths",1798,"Norfolk County",25021,520,"Other chronic respiratory diseases",1,"Male",27,"Age-standardized",1982,"Rate",0.731228356120869,0.613628136983931,0.870180032044692
1,"Deaths",1798,"Norfolk County",25021,520,"Other chronic respiratory diseases",1,"Male",27,"Age-standardized",1983,"Rate",0.725002592838992,0.607996117486757,0.866586415882825
1,"Deaths",1798,"Norfolk County",25021,520,"Other chronic respiratory diseases",1,"Male",27,"Age-standardized",1984,"Rate",0.739179408735469,0.62125031286919,0.881171125314791
1,"Deaths",1798,"Norfolk County",25021,520,"Other chronic respiratory diseases",1,"Male",27,"Age-standardized",1985,"Rate",0.749586733303622,0.630675775467447,0.899600130030647
1,"Deaths",1798,"Norfolk County",25021,520,"Other chronic respiratory diseases",1,"Male",27,"Age-standardized",1986,"Rate",0.757190169106672,0.642874559304285,0.900437473623119
1,"Deaths",1798,"Norfolk County",25021,520,"Other chronic respiratory diseases",1,"Male",27,"Age-standardized",1987,"Rate",0.735157512377065,0.622147888752853,0.87083328353171
1,"Deaths",1798,"Norfolk County",25021,520,"Other chronic respiratory diseases",1,"Male",27,"Age-standardized",1988,"Rate",0.73373101594526,0.619291783581097,0.867122650638489
1,"Deaths",1798,"Norfolk County",25021,520,"Other chronic respiratory diseases",1,"Male",27,"Age-standardized",1989,"Rate",0.731895519189165,0.618155979192531,0.869525654133171
1,"Deaths",1798,"Norfolk County",25021,520,"Other chronic respiratory diseases",1,"Male",27,"Age-standardized",1990,"Rate",0.703953003935885,0.59705335821364,0.834204637688867
1,"Deaths",1798,"Norfolk County",25021,520,"Other chronic respiratory diseases",1,"Male",27,"Age-standardized",1991,"Rate",0.698277026311329,0.588867892423886,0.825311097555643
1,"Deaths",1798,"Norfolk County",25021,520,"Other chronic respiratory diseases",1,"Male",27,"Age-standardized",1992,"Rate",0.695492132891729,0.583605833529255,0.823734122892879
1,"Deaths",1798,"Norfolk County",25021,520,"Other chronic respiratory diseases",1,"Male",27,"Age-standardized",1993,"Rate",0.683945346379127,0.573762439242255,0.807866714016035
1,"Deaths",1798,"Norfolk County",25021,520,"Other chronic respiratory diseases",1,"Male",27,"Age-standardized",1994,"Rate",0.684155221142491,0.577887131389166,0.811507744544969
1,"Deaths",1798,"Norfolk County",25021,520,"Other chronic respiratory diseases",1,"Male",27,"Age-standardized",1995,"Rate",0.704607115591817,0.592328201578493,0.831502014420171
1,"Deaths",1798,"Norfolk County",25021,520,"Other chronic respiratory diseases",1,"Male",27,"Age-standardized",1996,"Rate",0.714058324952175,0.596903090309221,0.842764289220474
1,"Deaths",1798,"Norfolk County",25021,520,"Other chronic respiratory diseases",1,"Male",27,"Age-standardized",1997,"Rate",0.707923838330467,0.593540845497259,0.838125894292278
1,"Deaths",1798,"Norfolk County",25021,520,"Other chronic respiratory diseases",1,"Male",27,"Age-standardized",1998,"Rate",0.729580372841956,0.608738242196235,0.86286429154712
1,"Deaths",1798,"Norfolk County",25021,520,"Other chronic respiratory diseases",1,"Male",27,"Age-standardized",1999,"Rate",0.789246779950317,0.661019017257365,0.940898507609915
1,"Deaths",1798,"Norfolk County",25021,520,"Other chronic respiratory diseases",1,"Male",27,"Age-standardized",2000,"Rate",0.823978598208326,0.688410437404529,0.970957944648658
1,"Deaths",1798,"Norfolk County",25021,520,"Other chronic respiratory diseases",1,"Male",27,"Age-standardized",2001,"Rate",0.836990920104658,0.701682542253999,0.988075760182989
1,"Deaths",1798,"Norfolk County",25021,520,"Other chronic respiratory diseases",1,"Male",27,"Age-standardized",2002,"Rate",0.854609312314611,0.714552734815807,1.00966278145064
1,"Deaths",1798,"Norfolk County",25021,520,"Other chronic respiratory diseases",1,"Male",27,"Age-standardized",2003,"Rate",0.889454601957965,0.748540053873702,1.0521481010397
1,"Deaths",1798,"Norfolk County",25021,520,"Other chronic respiratory diseases",1,"Male",27,"Age-standardized",2004,"Rate",0.860280984912329,0.722202381312491,1.01304777770588
1,"Deaths",1798,"Norfolk County",25021,520,"Other chronic respiratory diseases",1,"Male",27,"Age-standardized",2005,"Rate",0.868252265213248,0.730798235073768,1.0331566494435
1,"Deaths",1798,"Norfolk County",25021,520,"Other chronic respiratory diseases",1,"Male",27,"Age-standardized",2006,"Rate",0.903286523058662,0.749281004640623,1.08375346995815
1,"Deaths",1798,"Norfolk County",25021,520,"Other chronic respiratory diseases",1,"Male",27,"Age-standardized",2007,"Rate",0.895106314823301,0.739311675409051,1.07584078428878
1,"Deaths",1798,"Norfolk County",25021,520,"Other chronic respiratory diseases",1,"Male",27,"Age-standardized",2008,"Rate",0.876849514306606,0.729104597156846,1.05613166566206
1,"Deaths",1798,"Norfolk County",25021,520,"Other chronic respiratory diseases",1,"Male",27,"Age-standardized",2009,"Rate",0.879193158186389,0.727448952689426,1.05049181355607
1,"Deaths",1798,"Norfolk County",25021,520,"Other chronic respiratory diseases",1,"Male",27,"Age-standardized",2010,"Rate",0.876552140878866,0.72054067888541,1.05427861686601
1,"Deaths",1798,"Norfolk County",25021,520,"Other chronic respiratory diseases",1,"Male",27,"Age-standardized",2011,"Rate",0.872923887033909,0.707747790506249,1.04996103790864
1,"Deaths",1798,"Norfolk County",25021,520,"Other chronic respiratory diseases",1,"Male",27,"Age-standardized",2012,"Rate",0.859996016420656,0.703918469697045,1.03869202432279
1,"Deaths",1798,"Norfolk County",25021,520,"Other chronic respiratory diseases",1,"Male",27,"Age-standardized",2013,"Rate",0.855929698294091,0.689731603659901,1.04306801956719
1,"Deaths",1798,"Norfolk County",25021,520,"Other chronic respiratory diseases",1,"Male",27,"Age-standardized",2014,"Rate",0.85584428155606,0.688158232020427,1.04366407354566
1,"Deaths",1798,"Norfolk County",25021,520,"Other chronic respiratory diseases",2,"Female",27,"Age-standardized",1980,"Rate",0.276950572723532,0.196754935736145,0.361346084438424
1,"Deaths",1798,"Norfolk County",25021,520,"Other chronic respiratory diseases",2,"Female",27,"Age-standardized",1981,"Rate",0.268705650372949,0.200138635239632,0.342150160773963
1,"Deaths",1798,"Norfolk County",25021,520,"Other chronic respiratory diseases",2,"Female",27,"Age-standardized",1982,"Rate",0.258383115681758,0.192903827853196,0.331074131230431
1,"Deaths",1798,"Norfolk County",25021,520,"Other chronic respiratory diseases",2,"Female",27,"Age-standardized",1983,"Rate",0.265457904856242,0.198487885796548,0.336435484251654
1,"Deaths",1798,"Norfolk County",25021,520,"Other chronic respiratory diseases",2,"Female",27,"Age-standardized",1984,"Rate",0.262498403993452,0.194486427578984,0.334290688581347
1,"Deaths",1798,"Norfolk County",25021,520,"Other chronic respiratory diseases",2,"Female",27,"Age-standardized",1985,"Rate",0.267881434193189,0.20371350684447,0.339340861814513
1,"Deaths",1798,"Norfolk County",25021,520,"Other chronic respiratory diseases",2,"Female",27,"Age-standardized",1986,"Rate",0.266322904274043,0.200499383739308,0.335904812526394
1,"Deaths",1798,"Norfolk County",25021,520,"Other chronic respiratory diseases",2,"Female",27,"Age-standardized",1987,"Rate",0.268388785436387,0.20090188727129,0.339361704026157
1,"Deaths",1798,"Norfolk County",25021,520,"Other chronic respiratory diseases",2,"Female",27,"Age-standardized",1988,"Rate",0.262945701016739,0.204041456207299,0.335046308616274
1,"Deaths",1798,"Norfolk County",25021,520,"Other chronic respiratory diseases",2,"Female",27,"Age-standardized",1989,"Rate",0.258252869064991,0.197200643430667,0.327257666654143
1,"Deaths",1798,"Norfolk County",25021,520,"Other chronic respiratory diseases",2,"Female",27,"Age-standardized",1990,"Rate",0.258504508331641,0.197490512769623,0.331076459782117
1,"Deaths",1798,"Norfolk County",25021,520,"Other chronic respiratory diseases",2,"Female",27,"Age-standardized",1991,"Rate",0.260347876622113,0.199823072064171,0.330673151241003
1,"Deaths",1798,"Norfolk County",25021,520,"Other chronic respiratory diseases",2,"Female",27,"Age-standardized",1992,"Rate",0.261170195082252,0.203846904694053,0.332019301544324
1,"Deaths",1798,"Norfolk County",25021,520,"Other chronic respiratory diseases",2,"Female",27,"Age-standardized",1993,"Rate",0.258032916969207,0.193909594329692,0.328424653913602
1,"Deaths",1798,"Norfolk County",25021,520,"Other chronic respiratory diseases",2,"Female",27,"Age-standardized",1994,"Rate",0.262703498429917,0.202802290154978,0.334789994816858
1,"Deaths",1798,"Norfolk County",25021,520,"Other chronic respiratory diseases",2,"Female",27,"Age-standardized",1995,"Rate",0.261057253506043,0.198156902796007,0.332666344603993
1,"Deaths",1798,"Norfolk County",25021,520,"Other chronic respiratory diseases",2,"Female",27,"Age-standardized",1996,"Rate",0.261051958319707,0.202082376941962,0.332682029800347
1,"Deaths",1798,"Norfolk County",25021,520,"Other chronic respiratory diseases",2,"Female",27,"Age-standardized",1997,"Rate",0.269267147548022,0.208905691870785,0.343181480543089
1,"Deaths",1798,"Norfolk County",25021,520,"Other chronic respiratory diseases",2,"Female",27,"Age-standardized",1998,"Rate",0.289415141055861,0.224664422239716,0.366658869995171
1,"Deaths",1798,"Norfolk County",25021,520,"Other chronic respiratory diseases",2,"Female",27,"Age-standardized",1999,"Rate",0.319463133939814,0.248528542904723,0.406529318157335
1,"Deaths",1798,"Norfolk County",25021,520,"Other chronic respiratory diseases",2,"Female",27,"Age-standardized",2000,"Rate",0.348402408609555,0.269054480870349,0.454168375977289
1,"Deaths",1798,"Norfolk County",25021,520,"Other chronic respiratory diseases",2,"Female",27,"Age-standardized",2001,"Rate",0.342097947035782,0.26318267791819,0.44483745327654
1,"Deaths",1798,"Norfolk County",25021,520,"Other chronic respiratory diseases",2,"Female",27,"Age-standardized",2002,"Rate",0.361527807742059,0.277663148767125,0.469787569861246
1,"Deaths",1798,"Norfolk County",25021,520,"Other chronic respiratory diseases",2,"Female",27,"Age-standardized",2003,"Rate",0.376283930525312,0.285625361381547,0.492964640907493
1,"Deaths",1798,"Norfolk County",25021,520,"Other chronic respiratory diseases",2,"Female",27,"Age-standardized",2004,"Rate",0.385066850550995,0.291305809187236,0.503258454251597
1,"Deaths",1798,"Norfolk County",25021,520,"Other chronic respiratory diseases",2,"Female",27,"Age-standardized",2005,"Rate",0.379459192018524,0.286670949212587,0.493564163212153
1,"Deaths",1798,"Norfolk County",25021,520,"Other chronic respiratory diseases",2,"Female",27,"Age-standardized",2006,"Rate",0.411504089470166,0.308706174071941,0.547595154940755
1,"Deaths",1798,"Norfolk County",25021,520,"Other chronic respiratory diseases",2,"Female",27,"Age-standardized",2007,"Rate",0.398029334971939,0.30265833650291,0.526375979635422
1,"Deaths",1798,"Norfolk County",25021,520,"Other chronic respiratory diseases",2,"Female",27,"Age-standardized",2008,"Rate",0.406433601985113,0.305645092985392,0.538929828132908
1,"Deaths",1798,"Norfolk County",25021,520,"Other chronic respiratory diseases",2,"Female",27,"Age-standardized",2009,"Rate",0.418819826615201,0.314629154012566,0.553575053640034
1,"Deaths",1798,"Norfolk County",25021,520,"Other chronic respiratory diseases",2,"Female",27,"Age-standardized",2010,"Rate",0.403377826054247,0.298776975757268,0.529951144152708
1,"Deaths",1798,"Norfolk County",25021,520,"Other chronic respiratory diseases",2,"Female",27,"Age-standardized",2011,"Rate",0.417375925721601,0.307502262095192,0.561883378267918
1,"Deaths",1798,"Norfolk County",25021,520,"Other chronic respiratory diseases",2,"Female",27,"Age-standardized",2012,"Rate",0.418802398863037,0.308674179101477,0.564355370158767
1,"Deaths",1798,"Norfolk County",25021,520,"Other chronic respiratory diseases",2,"Female",27,"Age-standardized",2013,"Rate",0.401959407931581,0.293959856727165,0.551227774840985
1,"Deaths",1798,"Norfolk County",25021,520,"Other chronic respiratory diseases",2,"Female",27,"Age-standardized",2014,"Rate",0.394940194198363,0.284862083888492,0.533427058829809
1,"Deaths",1798,"Norfolk County",25021,520,"Other chronic respiratory diseases",3,"Both",27,"Age-standardized",1980,"Rate",0.434102735992624,0.363982263248042,0.515512633127628
1,"Deaths",1798,"Norfolk County",25021,520,"Other chronic respiratory diseases",3,"Both",27,"Age-standardized",1981,"Rate",0.427243851146696,0.36000782553951,0.497389212228872
1,"Deaths",1798,"Norfolk County",25021,520,"Other chronic respiratory diseases",3,"Both",27,"Age-standardized",1982,"Rate",0.42079372281989,0.355613285989712,0.489758118678599
1,"Deaths",1798,"Norfolk County",25021,520,"Other chronic respiratory diseases",3,"Both",27,"Age-standardized",1983,"Rate",0.422468449772844,0.360863898453876,0.492609628951362
1,"Deaths",1798,"Norfolk County",25021,520,"Other chronic respiratory diseases",3,"Both",27,"Age-standardized",1984,"Rate",0.424942466809493,0.359890900759681,0.493164774086453
1,"Deaths",1798,"Norfolk County",25021,520,"Other chronic respiratory diseases",3,"Both",27,"Age-standardized",1985,"Rate",0.430940140278714,0.368383601133264,0.503452741575161
1,"Deaths",1798,"Norfolk County",25021,520,"Other chronic respiratory diseases",3,"Both",27,"Age-standardized",1986,"Rate",0.433272505870295,0.366249357706187,0.504178289094396
1,"Deaths",1798,"Norfolk County",25021,520,"Other chronic respiratory diseases",3,"Both",27,"Age-standardized",1987,"Rate",0.4259181518062,0.3619797765947,0.500672755452355
1,"Deaths",1798,"Norfolk County",25021,520,"Other chronic respiratory diseases",3,"Both",27,"Age-standardized",1988,"Rate",0.423014207744459,0.358548178351043,0.491021730369406
1,"Deaths",1798,"Norfolk County",25021,520,"Other chronic respiratory diseases",3,"Both",27,"Age-standardized",1989,"Rate",0.419556197313675,0.357566633933812,0.488385488738866
1,"Deaths",1798,"Norfolk County",25021,520,"Other chronic respiratory diseases",3,"Both",27,"Age-standardized",1990,"Rate",0.409922213391426,0.347750142096519,0.483097911441916
1,"Deaths",1798,"Norfolk County",25021,520,"Other chronic respiratory diseases",3,"Both",27,"Age-standardized",1991,"Rate",0.4102088992651,0.346498775135583,0.481584301400729
1,"Deaths",1798,"Norfolk County",25021,520,"Other chronic respiratory diseases",3,"Both",27,"Age-standardized",1992,"Rate",0.410166579566387,0.346792427501759,0.479224096262203
1,"Deaths",1798,"Norfolk County",25021,520,"Other chronic respiratory diseases",3,"Both",27,"Age-standardized",1993,"Rate",0.40525954226215,0.339953893959584,0.47848290714267
1,"Deaths",1798,"Norfolk County",25021,520,"Other chronic respiratory diseases",3,"Both",27,"Age-standardized",1994,"Rate",0.408030160226109,0.345720160172719,0.47950830423303
1,"Deaths",1798,"Norfolk County",25021,520,"Other chronic respiratory diseases",3,"Both",27,"Age-standardized",1995,"Rate",0.41538737179851,0.349293442207355,0.489346032288123
1,"Deaths",1798,"Norfolk County",25021,520,"Other chronic respiratory diseases",3,"Both",27,"Age-standardized",1996,"Rate",0.420549895785727,0.352994131524115,0.49409922179365
1,"Deaths",1798,"Norfolk County",25021,520,"Other chronic respiratory diseases",3,"Both",27,"Age-standardized",1997,"Rate",0.422871011444844,0.356317489203239,0.499170883440567
1,"Deaths",1798,"Norfolk County",25021,520,"Other chronic respiratory diseases",3,"Both",27,"Age-standardized",1998,"Rate",0.444690249592189,0.372447117318184,0.52558410318949
1,"Deaths",1798,"Norfolk County",25021,520,"Other chronic respiratory diseases",3,"Both",27,"Age-standardized",1999,"Rate",0.487806931700939,0.410269655595679,0.579181728240318
1,"Deaths",1798,"Norfolk County",25021,520,"Other chronic respiratory diseases",3,"Both",27,"Age-standardized",2000,"Rate",0.520701547419259,0.438181094389777,0.624686682659105
1,"Deaths",1798,"Norfolk County",25021,520,"Other chronic respiratory diseases",3,"Both",27,"Age-standardized",2001,"Rate",0.52423722366892,0.439065493481989,0.622722571969413
1,"Deaths",1798,"Norfolk County",25021,520,"Other chronic respiratory diseases",3,"Both",27,"Age-standardized",2002,"Rate",0.545285584672056,0.452684390256439,0.649363522947947
1,"Deaths",1798,"Norfolk County",25021,520,"Other chronic respiratory diseases",3,"Both",27,"Age-standardized",2003,"Rate",0.570305160519608,0.470726949540331,0.68649778259895
1,"Deaths",1798,"Norfolk County",25021,520,"Other chronic respiratory diseases",3,"Both",27,"Age-standardized",2004,"Rate",0.564759069686393,0.470255017981225,0.674120911742358
1,"Deaths",1798,"Norfolk County",25021,520,"Other chronic respiratory diseases",3,"Both",27,"Age-standardized",2005,"Rate",0.566370536079923,0.472614955287463,0.684059371648169
1,"Deaths",1798,"Norfolk County",25021,520,"Other chronic respiratory diseases",3,"Both",27,"Age-standardized",2006,"Rate",0.60007886764777,0.495431908416572,0.725035350366313
1,"Deaths",1798,"Norfolk County",25021,520,"Other chronic respiratory diseases",3,"Both",27,"Age-standardized",2007,"Rate",0.590552332975516,0.490233735360977,0.710919352281349
1,"Deaths",1798,"Norfolk County",25021,520,"Other chronic respiratory diseases",3,"Both",27,"Age-standardized",2008,"Rate",0.589455455030378,0.484504039471453,0.71359837539435
1,"Deaths",1798,"Norfolk County",25021,520,"Other chronic respiratory diseases",3,"Both",27,"Age-standardized",2009,"Rate",0.598674530090915,0.486889456585345,0.721100891074958
1,"Deaths",1798,"Norfolk County",25021,520,"Other chronic respiratory diseases",3,"Both",27,"Age-standardized",2010,"Rate",0.589666614149849,0.480187112426522,0.721991521608146
1,"Deaths",1798,"Norfolk County",25021,520,"Other chronic respiratory diseases",3,"Both",27,"Age-standardized",2011,"Rate",0.596647019709234,0.481312196893234,0.726795622728738
1,"Deaths",1798,"Norfolk County",25021,520,"Other chronic respiratory diseases",3,"Both",27,"Age-standardized",2012,"Rate",0.591856508590485,0.48349659049492,0.728423498684652
1,"Deaths",1798,"Norfolk County",25021,520,"Other chronic respiratory diseases",3,"Both",27,"Age-standardized",2013,"Rate",0.58086113427548,0.462167002172359,0.713675471806714
1,"Deaths",1798,"Norfolk County",25021,520,"Other chronic respiratory diseases",3,"Both",27,"Age-standardized",2014,"Rate",0.576602937746355,0.456025366691978,0.710634657505867
1,"Deaths",1797,"Plymouth County",25023,520,"Other chronic respiratory diseases",1,"Male",27,"Age-standardized",1980,"Rate",0.902414051013088,0.709513652945414,1.0963887886025
1,"Deaths",1797,"Plymouth County",25023,520,"Other chronic respiratory diseases",1,"Male",27,"Age-standardized",1981,"Rate",0.887771004418386,0.715262033048889,1.07976501298359
1,"Deaths",1797,"Plymouth County",25023,520,"Other chronic respiratory diseases",1,"Male",27,"Age-standardized",1982,"Rate",0.885198331274418,0.703360686734567,1.07100902007106
1,"Deaths",1797,"Plymouth County",25023,520,"Other chronic respiratory diseases",1,"Male",27,"Age-standardized",1983,"Rate",0.917002691374225,0.731668310979795,1.11119806984445
1,"Deaths",1797,"Plymouth County",25023,520,"Other chronic respiratory diseases",1,"Male",27,"Age-standardized",1984,"Rate",0.926857756979232,0.746267978186858,1.11574181948947
1,"Deaths",1797,"Plymouth County",25023,520,"Other chronic respiratory diseases",1,"Male",27,"Age-standardized",1985,"Rate",0.920055197982234,0.745293063799287,1.11137132104321
1,"Deaths",1797,"Plymouth County",25023,520,"Other chronic respiratory diseases",1,"Male",27,"Age-standardized",1986,"Rate",0.938825842937991,0.756919100629643,1.13525485908611
1,"Deaths",1797,"Plymouth County",25023,520,"Other chronic respiratory diseases",1,"Male",27,"Age-standardized",1987,"Rate",0.916406044035528,0.74629889410842,1.10747356430593
1,"Deaths",1797,"Plymouth County",25023,520,"Other chronic respiratory diseases",1,"Male",27,"Age-standardized",1988,"Rate",0.903890963506232,0.738161352052939,1.08204700504535
1,"Deaths",1797,"Plymouth County",25023,520,"Other chronic respiratory diseases",1,"Male",27,"Age-standardized",1989,"Rate",0.890324198132718,0.720955044455959,1.06571801983105
1,"Deaths",1797,"Plymouth County",25023,520,"Other chronic respiratory diseases",1,"Male",27,"Age-standardized",1990,"Rate",0.857971965669337,0.698080891340766,1.02447970611579
1,"Deaths",1797,"Plymouth County",25023,520,"Other chronic respiratory diseases",1,"Male",27,"Age-standardized",1991,"Rate",0.87503722940763,0.706360383494856,1.06188149658772
1,"Deaths",1797,"Plymouth County",25023,520,"Other chronic respiratory diseases",1,"Male",27,"Age-standardized",1992,"Rate",0.852490026033222,0.696517908352063,1.02551318261505
1,"Deaths",1797,"Plymouth County",25023,520,"Other chronic respiratory diseases",1,"Male",27,"Age-standardized",1993,"Rate",0.856511308069993,0.695404505474981,1.02440921771983
1,"Deaths",1797,"Plymouth County",25023,520,"Other chronic respiratory diseases",1,"Male",27,"Age-standardized",1994,"Rate",0.88160004961712,0.716552412814691,1.06203251220452
1,"Deaths",1797,"Plymouth County",25023,520,"Other chronic respiratory diseases",1,"Male",27,"Age-standardized",1995,"Rate",0.874698189287598,0.70580382191152,1.0607271026651
1,"Deaths",1797,"Plymouth County",25023,520,"Other chronic respiratory diseases",1,"Male",27,"Age-standardized",1996,"Rate",0.901116576126401,0.732999076940511,1.08840438490041
1,"Deaths",1797,"Plymouth County",25023,520,"Other chronic respiratory diseases",1,"Male",27,"Age-standardized",1997,"Rate",0.913350817217813,0.73963602294675,1.10316086687261
1,"Deaths",1797,"Plymouth County",25023,520,"Other chronic respiratory diseases",1,"Male",27,"Age-standardized",1998,"Rate",0.961481459271266,0.780133454007451,1.16783325245586
1,"Deaths",1797,"Plymouth County",25023,520,"Other chronic respiratory diseases",1,"Male",27,"Age-standardized",1999,"Rate",1.01270733280532,0.827635587949577,1.22870245516603
1,"Deaths",1797,"Plymouth County",25023,520,"Other chronic respiratory diseases",1,"Male",27,"Age-standardized",2000,"Rate",1.05735214509002,0.860881912805427,1.27858009565279
1,"Deaths",1797,"Plymouth County",25023,520,"Other chronic respiratory diseases",1,"Male",27,"Age-standardized",2001,"Rate",1.12587436237856,0.918976971632672,1.35595602359247
1,"Deaths",1797,"Plymouth County",25023,520,"Other chronic respiratory diseases",1,"Male",27,"Age-standardized",2002,"Rate",1.11312545651625,0.904790718345108,1.35959856680178
1,"Deaths",1797,"Plymouth County",25023,520,"Other chronic respiratory diseases",1,"Male",27,"Age-standardized",2003,"Rate",1.13421304409536,0.924297729832545,1.37885276545376
1,"Deaths",1797,"Plymouth County",25023,520,"Other chronic respiratory diseases",1,"Male",27,"Age-standardized",2004,"Rate",1.14116567165439,0.932418599329905,1.38356636676724
1,"Deaths",1797,"Plymouth County",25023,520,"Other chronic respiratory diseases",1,"Male",27,"Age-standardized",2005,"Rate",1.11945184819923,0.916861017781468,1.36191580023257
1,"Deaths",1797,"Plymouth County",25023,520,"Other chronic respiratory diseases",1,"Male",27,"Age-standardized",2006,"Rate",1.17265386237505,0.948298486963068,1.42225099529438
1,"Deaths",1797,"Plymouth County",25023,520,"Other chronic respiratory diseases",1,"Male",27,"Age-standardized",2007,"Rate",1.12857375767326,0.908746020475041,1.36975898135451
1,"Deaths",1797,"Plymouth County",25023,520,"Other chronic respiratory diseases",1,"Male",27,"Age-standardized",2008,"Rate",1.13388584999935,0.913761197991291,1.38460836362237
1,"Deaths",1797,"Plymouth County",25023,520,"Other chronic respiratory diseases",1,"Male",27,"Age-standardized",2009,"Rate",1.11696121902179,0.893022120865134,1.37258045484254
1,"Deaths",1797,"Plymouth County",25023,520,"Other chronic respiratory diseases",1,"Male",27,"Age-standardized",2010,"Rate",1.14219219079173,0.923453889782813,1.3969137049512
1,"Deaths",1797,"Plymouth County",25023,520,"Other chronic respiratory diseases",1,"Male",27,"Age-standardized",2011,"Rate",1.15937614732889,0.928583221534613,1.41916557310874
1,"Deaths",1797,"Plymouth County",25023,520,"Other chronic respiratory diseases",1,"Male",27,"Age-standardized",2012,"Rate",1.05878134524158,0.842693343883842,1.30758091341421
1,"Deaths",1797,"Plymouth County",25023,520,"Other chronic respiratory diseases",1,"Male",27,"Age-standardized",2013,"Rate",1.11173204605258,0.885886539256731,1.37747347364637
1,"Deaths",1797,"Plymouth County",25023,520,"Other chronic respiratory diseases",1,"Male",27,"Age-standardized",2014,"Rate",1.13531686853827,0.899139658015269,1.43172492161788
1,"Deaths",1797,"Plymouth County",25023,520,"Other chronic respiratory diseases",2,"Female",27,"Age-standardized",1980,"Rate",0.256491759929877,0.182884673787799,0.344141013400815
1,"Deaths",1797,"Plymouth County",25023,520,"Other chronic respiratory diseases",2,"Female",27,"Age-standardized",1981,"Rate",0.250179189361727,0.180867027489764,0.338583410366294
1,"Deaths",1797,"Plymouth County",25023,520,"Other chronic respiratory diseases",2,"Female",27,"Age-standardized",1982,"Rate",0.236981474641474,0.170391975326269,0.309637466711528
1,"Deaths",1797,"Plymouth County",25023,520,"Other chronic respiratory diseases",2,"Female",27,"Age-standardized",1983,"Rate",0.238948978783902,0.174446037701178,0.313717411630384
1,"Deaths",1797,"Plymouth County",25023,520,"Other chronic respiratory diseases",2,"Female",27,"Age-standardized",1984,"Rate",0.246990725861593,0.176657828312875,0.335642450667626
1,"Deaths",1797,"Plymouth County",25023,520,"Other chronic respiratory diseases",2,"Female",27,"Age-standardized",1985,"Rate",0.242973949879693,0.175573312483455,0.322175158412784
1,"Deaths",1797,"Plymouth County",25023,520,"Other chronic respiratory diseases",2,"Female",27,"Age-standardized",1986,"Rate",0.247508288465047,0.18115961659669,0.326486179021555
1,"Deaths",1797,"Plymouth County",25023,520,"Other chronic respiratory diseases",2,"Female",27,"Age-standardized",1987,"Rate",0.239905835752824,0.176661627995537,0.313316518763564
1,"Deaths",1797,"Plymouth County",25023,520,"Other chronic respiratory diseases",2,"Female",27,"Age-standardized",1988,"Rate",0.237881792453788,0.173792196875961,0.317779982229662
1,"Deaths",1797,"Plymouth County",25023,520,"Other chronic respiratory diseases",2,"Female",27,"Age-standardized",1989,"Rate",0.237381511150684,0.173366691153364,0.315745844283371
1,"Deaths",1797,"Plymouth County",25023,520,"Other chronic respiratory diseases",2,"Female",27,"Age-standardized",1990,"Rate",0.23001083376592,0.168223833796408,0.306214222034517
1,"Deaths",1797,"Plymouth County",25023,520,"Other chronic respiratory diseases",2,"Female",27,"Age-standardized",1991,"Rate",0.229803635750158,0.171084074841349,0.303537760596389
1,"Deaths",1797,"Plymouth County",25023,520,"Other chronic respiratory diseases",2,"Female",27,"Age-standardized",1992,"Rate",0.227519745901462,0.168345728237709,0.302272814020418
1,"Deaths",1797,"Plymouth County",25023,520,"Other chronic respiratory diseases",2,"Female",27,"Age-standardized",1993,"Rate",0.227579734642099,0.168715316311958,0.305043859584769
1,"Deaths",1797,"Plymouth County",25023,520,"Other chronic respiratory diseases",2,"Female",27,"Age-standardized",1994,"Rate",0.224851912802144,0.166560886841773,0.298014607560457
1,"Deaths",1797,"Plymouth County",25023,520,"Other chronic respiratory diseases",2,"Female",27,"Age-standardized",1995,"Rate",0.222227433334969,0.163320312175093,0.299646029532943
1,"Deaths",1797,"Plymouth County",25023,520,"Other chronic respiratory diseases",2,"Female",27,"Age-standardized",1996,"Rate",0.233140052751694,0.169059634171093,0.309577737479412
1,"Deaths",1797,"Plymouth County",25023,520,"Other chronic respiratory diseases",2,"Female",27,"Age-standardized",1997,"Rate",0.231830827178307,0.170630188009625,0.308457431025339
1,"Deaths",1797,"Plymouth County",25023,520,"Other chronic respiratory diseases",2,"Female",27,"Age-standardized",1998,"Rate",0.243181090980867,0.178019385951155,0.32501441049818
1,"Deaths",1797,"Plymouth County",25023,520,"Other chronic respiratory diseases",2,"Female",27,"Age-standardized",1999,"Rate",0.2697607997513,0.197477463157403,0.360198292843365
1,"Deaths",1797,"Plymouth County",25023,520,"Other chronic respiratory diseases",2,"Female",27,"Age-standardized",2000,"Rate",0.291821361653109,0.212393142012838,0.403070142868294
1,"Deaths",1797,"Plymouth County",25023,520,"Other chronic respiratory diseases",2,"Female",27,"Age-standardized",2001,"Rate",0.313889078194031,0.227805033568933,0.422251694192525
1,"Deaths",1797,"Plymouth County",25023,520,"Other chronic respiratory diseases",2,"Female",27,"Age-standardized",2002,"Rate",0.32063548150587,0.234749593895649,0.432586804884215
1,"Deaths",1797,"Plymouth County",25023,520,"Other chronic respiratory diseases",2,"Female",27,"Age-standardized",2003,"Rate",0.326978426777786,0.236261773730301,0.444827032775566
1,"Deaths",1797,"Plymouth County",25023,520,"Other chronic respiratory diseases",2,"Female",27,"Age-standardized",2004,"Rate",0.320497002803658,0.236792726233909,0.433570884692682
1,"Deaths",1797,"Plymouth County",25023,520,"Other chronic respiratory diseases",2,"Female",27,"Age-standardized",2005,"Rate",0.334395516704948,0.240412938356615,0.461161580329731
1,"Deaths",1797,"Plymouth County",25023,520,"Other chronic respiratory diseases",2,"Female",27,"Age-standardized",2006,"Rate",0.348022525966852,0.246759566085714,0.488618257024595
1,"Deaths",1797,"Plymouth County",25023,520,"Other chronic respiratory diseases",2,"Female",27,"Age-standardized",2007,"Rate",0.334863165483183,0.230414198968428,0.468613841408542
1,"Deaths",1797,"Plymouth County",25023,520,"Other chronic respiratory diseases",2,"Female",27,"Age-standardized",2008,"Rate",0.346760026857517,0.242751307413202,0.485435518936163
1,"Deaths",1797,"Plymouth County",25023,520,"Other chronic respiratory diseases",2,"Female",27,"Age-standardized",2009,"Rate",0.349892395272107,0.24477464904333,0.497247865321456
1,"Deaths",1797,"Plymouth County",25023,520,"Other chronic respiratory diseases",2,"Female",27,"Age-standardized",2010,"Rate",0.349713649266406,0.238103518874561,0.484353050715683
1,"Deaths",1797,"Plymouth County",25023,520,"Other chronic respiratory diseases",2,"Female",27,"Age-standardized",2011,"Rate",0.348861073963575,0.231356551083974,0.503567088009274
1,"Deaths",1797,"Plymouth County",25023,520,"Other chronic respiratory diseases",2,"Female",27,"Age-standardized",2012,"Rate",0.338655794941736,0.23112917282311,0.49248157715835
1,"Deaths",1797,"Plymouth County",25023,520,"Other chronic respiratory diseases",2,"Female",27,"Age-standardized",2013,"Rate",0.340378053149494,0.227723088142812,0.49056840254356
1,"Deaths",1797,"Plymouth County",25023,520,"Other chronic respiratory diseases",2,"Female",27,"Age-standardized",2014,"Rate",0.329585078316092,0.21413664041223,0.480152993756858
1,"Deaths",1797,"Plymouth County",25023,520,"Other chronic respiratory diseases",3,"Both",27,"Age-standardized",1980,"Rate",0.491406109873907,0.404884634143519,0.588969696208474
1,"Deaths",1797,"Plymouth County",25023,520,"Other chronic respiratory diseases",3,"Both",27,"Age-standardized",1981,"Rate",0.479965152676014,0.400909389392856,0.577462729392454
1,"Deaths",1797,"Plymouth County",25023,520,"Other chronic respiratory diseases",3,"Both",27,"Age-standardized",1982,"Rate",0.470484872687615,0.389403887675941,0.560114166150637
1,"Deaths",1797,"Plymouth County",25023,520,"Other chronic respiratory diseases",3,"Both",27,"Age-standardized",1983,"Rate",0.481552757837127,0.399953100405688,0.578543293064324
1,"Deaths",1797,"Plymouth County",25023,520,"Other chronic respiratory diseases",3,"Both",27,"Age-standardized",1984,"Rate",0.489322993519325,0.404656702440797,0.582952819001194
1,"Deaths",1797,"Plymouth County",25023,520,"Other chronic respiratory diseases",3,"Both",27,"Age-standardized",1985,"Rate",0.483824678863278,0.401808311781638,0.580410347190153
1,"Deaths",1797,"Plymouth County",25023,520,"Other chronic respiratory diseases",3,"Both",27,"Age-standardized",1986,"Rate",0.493431235475639,0.409051803870676,0.585504495212872
1,"Deaths",1797,"Plymouth County",25023,520,"Other chronic respiratory diseases",3,"Both",27,"Age-standardized",1987,"Rate",0.480697043667163,0.401587986409031,0.575330184667424
1,"Deaths",1797,"Plymouth County",25023,520,"Other chronic respiratory diseases",3,"Both",27,"Age-standardized",1988,"Rate",0.475545906814666,0.396967472112467,0.571227265306864
1,"Deaths",1797,"Plymouth County",25023,520,"Other chronic respiratory diseases",3,"Both",27,"Age-standardized",1989,"Rate",0.47120681484975,0.389708854442173,0.566320841368428
1,"Deaths",1797,"Plymouth County",25023,520,"Other chronic respiratory diseases",3,"Both",27,"Age-standardized",1990,"Rate",0.455124236487113,0.375127516123535,0.544154782423007
1,"Deaths",1797,"Plymouth County",25023,520,"Other chronic respiratory diseases",3,"Both",27,"Age-standardized",1991,"Rate",0.461963726622096,0.383177456163007,0.555499370404048
1,"Deaths",1797,"Plymouth County",25023,520,"Other chronic respiratory diseases",3,"Both",27,"Age-standardized",1992,"Rate",0.453064365520719,0.371056896286886,0.544362464339965
1,"Deaths",1797,"Plymouth County",25023,520,"Other chronic respiratory diseases",3,"Both",27,"Age-standardized",1993,"Rate",0.456075163752488,0.372456479490025,0.546452165541266
1,"Deaths",1797,"Plymouth County",25023,520,"Other chronic respiratory diseases",3,"Both",27,"Age-standardized",1994,"Rate",0.463852056370541,0.381833793321011,0.553778231866779
1,"Deaths",1797,"Plymouth County",25023,520,"Other chronic respiratory diseases",3,"Both",27,"Age-standardized",1995,"Rate",0.461253104383102,0.376649319706154,0.555688073634513
1,"Deaths",1797,"Plymouth County",25023,520,"Other chronic respiratory diseases",3,"Both",27,"Age-standardized",1996,"Rate",0.479204140692847,0.389935262701154,0.579298248018789
1,"Deaths",1797,"Plymouth County",25023,520,"Other chronic respiratory diseases",3,"Both",27,"Age-standardized",1997,"Rate",0.483913901097818,0.39804313718057,0.581281169132155
1,"Deaths",1797,"Plymouth County",25023,520,"Other chronic respiratory diseases",3,"Both",27,"Age-standardized",1998,"Rate",0.511042286198603,0.417445474867467,0.622471401122467
1,"Deaths",1797,"Plymouth County",25023,520,"Other chronic respiratory diseases",3,"Both",27,"Age-standardized",1999,"Rate",0.549632123450909,0.450909328686413,0.66465930075422
1,"Deaths",1797,"Plymouth County",25023,520,"Other chronic respiratory diseases",3,"Both",27,"Age-standardized",2000,"Rate",0.583409910144797,0.47752258870408,0.709508118435346
1,"Deaths",1797,"Plymouth County",25023,520,"Other chronic respiratory diseases",3,"Both",27,"Age-standardized",2001,"Rate",0.625476911266362,0.508290636262452,0.758763286660329
1,"Deaths",1797,"Plymouth County",25023,520,"Other chronic respiratory diseases",3,"Both",27,"Age-standardized",2002,"Rate",0.625900737957481,0.504795340399659,0.775210291752583
1,"Deaths",1797,"Plymouth County",25023,520,"Other chronic respiratory diseases",3,"Both",27,"Age-standardized",2003,"Rate",0.642322754535145,0.520290243805628,0.782283784010016
1,"Deaths",1797,"Plymouth County",25023,520,"Other chronic respiratory diseases",3,"Both",27,"Age-standardized",2004,"Rate",0.643337013759045,0.525147938951607,0.783371779736139
1,"Deaths",1797,"Plymouth County",25023,520,"Other chronic respiratory diseases",3,"Both",27,"Age-standardized",2005,"Rate",0.643294797753113,0.516874371536034,0.796668565524728
1,"Deaths",1797,"Plymouth County",25023,520,"Other chronic respiratory diseases",3,"Both",27,"Age-standardized",2006,"Rate",0.675279730416879,0.544100205020851,0.832975378655699
1,"Deaths",1797,"Plymouth County",25023,520,"Other chronic respiratory diseases",3,"Both",27,"Age-standardized",2007,"Rate",0.652619662209921,0.521466885970891,0.803204556903417
1,"Deaths",1797,"Plymouth County",25023,520,"Other chronic respiratory diseases",3,"Both",27,"Age-standardized",2008,"Rate",0.662539817912655,0.536099410485166,0.824636677336754
1,"Deaths",1797,"Plymouth County",25023,520,"Other chronic respiratory diseases",3,"Both",27,"Age-standardized",2009,"Rate",0.659330443359245,0.525101758956952,0.8236573940156
1,"Deaths",1797,"Plymouth County",25023,520,"Other chronic respiratory diseases",3,"Both",27,"Age-standardized",2010,"Rate",0.671402770894807,0.537908127774245,0.839216061573687
1,"Deaths",1797,"Plymouth County",25023,520,"Other chronic respiratory diseases",3,"Both",27,"Age-standardized",2011,"Rate",0.678262955358009,0.538464904352714,0.842990136360304
1,"Deaths",1797,"Plymouth County",25023,520,"Other chronic respiratory diseases",3,"Both",27,"Age-standardized",2012,"Rate",0.631857454499209,0.496957326365822,0.794683123776354
1,"Deaths",1797,"Plymouth County",25023,520,"Other chronic respiratory diseases",3,"Both",27,"Age-standardized",2013,"Rate",0.656260244666861,0.514523100723618,0.826358049768011
1,"Deaths",1797,"Plymouth County",25023,520,"Other chronic respiratory diseases",3,"Both",27,"Age-standardized",2014,"Rate",0.662081576797955,0.514088324156593,0.838871862147111
1,"Deaths",1795,"Suffolk County",25025,520,"Other chronic respiratory diseases",1,"Male",27,"Age-standardized",1980,"Rate",1.03761862549205,0.847543378187044,1.26311026925502
1,"Deaths",1795,"Suffolk County",25025,520,"Other chronic respiratory diseases",1,"Male",27,"Age-standardized",1981,"Rate",1.0211028703784,0.834406029374427,1.23113784586802
1,"Deaths",1795,"Suffolk County",25025,520,"Other chronic respiratory diseases",1,"Male",27,"Age-standardized",1982,"Rate",0.997956716796773,0.817292537733911,1.19441822630474
1,"Deaths",1795,"Suffolk County",25025,520,"Other chronic respiratory diseases",1,"Male",27,"Age-standardized",1983,"Rate",1.02068648722721,0.843076961094256,1.22251199775043
1,"Deaths",1795,"Suffolk County",25025,520,"Other chronic respiratory diseases",1,"Male",27,"Age-standardized",1984,"Rate",1.01755947427994,0.836528082413155,1.22713150178377
1,"Deaths",1795,"Suffolk County",25025,520,"Other chronic respiratory diseases",1,"Male",27,"Age-standardized",1985,"Rate",1.00222345598447,0.830989839763505,1.19052578699876
1,"Deaths",1795,"Suffolk County",25025,520,"Other chronic respiratory diseases",1,"Male",27,"Age-standardized",1986,"Rate",1.00854423385399,0.837466891046534,1.20054033738915
1,"Deaths",1795,"Suffolk County",25025,520,"Other chronic respiratory diseases",1,"Male",27,"Age-standardized",1987,"Rate",0.991784603472955,0.823850744611606,1.18449807008885
1,"Deaths",1795,"Suffolk County",25025,520,"Other chronic respiratory diseases",1,"Male",27,"Age-standardized",1988,"Rate",0.984781843714673,0.811982974501803,1.17527675070462
1,"Deaths",1795,"Suffolk County",25025,520,"Other chronic respiratory diseases",1,"Male",27,"Age-standardized",1989,"Rate",0.984754943985055,0.820055399900078,1.18011245377837
1,"Deaths",1795,"Suffolk County",25025,520,"Other chronic respiratory diseases",1,"Male",27,"Age-standardized",1990,"Rate",0.942444864915517,0.788960792694714,1.14033882637568
1,"Deaths",1795,"Suffolk County",25025,520,"Other chronic respiratory diseases",1,"Male",27,"Age-standardized",1991,"Rate",0.935980427166099,0.778695916422375,1.12414991494038
1,"Deaths",1795,"Suffolk County",25025,520,"Other chronic respiratory diseases",1,"Male",27,"Age-standardized",1992,"Rate",0.915041666303599,0.757355167273899,1.09725089791733
1,"Deaths",1795,"Suffolk County",25025,520,"Other chronic respiratory diseases",1,"Male",27,"Age-standardized",1993,"Rate",0.914300005676339,0.764857206184233,1.08864031958177
1,"Deaths",1795,"Suffolk County",25025,520,"Other chronic respiratory diseases",1,"Male",27,"Age-standardized",1994,"Rate",0.915992894438408,0.764934659933861,1.09648217905321
1,"Deaths",1795,"Suffolk County",25025,520,"Other chronic respiratory diseases",1,"Male",27,"Age-standardized",1995,"Rate",0.903927456116441,0.755852768509451,1.08406396780335
1,"Deaths",1795,"Suffolk County",25025,520,"Other chronic respiratory diseases",1,"Male",27,"Age-standardized",1996,"Rate",0.903283544191327,0.74751927574671,1.08318903206126
1,"Deaths",1795,"Suffolk County",25025,520,"Other chronic respiratory diseases",1,"Male",27,"Age-standardized",1997,"Rate",0.894703050190001,0.734690445207612,1.07229172571099
1,"Deaths",1795,"Suffolk County",25025,520,"Other chronic respiratory diseases",1,"Male",27,"Age-standardized",1998,"Rate",0.936888618808451,0.774281294708879,1.11290570875707
1,"Deaths",1795,"Suffolk County",25025,520,"Other chronic respiratory diseases",1,"Male",27,"Age-standardized",1999,"Rate",0.995483707672985,0.811210193760778,1.19167484431024
1,"Deaths",1795,"Suffolk County",25025,520,"Other chronic respiratory diseases",1,"Male",27,"Age-standardized",2000,"Rate",1.0189378627901,0.836472853043943,1.21527753710994
1,"Deaths",1795,"Suffolk County",25025,520,"Other chronic respiratory diseases",1,"Male",27,"Age-standardized",2001,"Rate",1.0523709102709,0.872513170453959,1.26082515662469
1,"Deaths",1795,"Suffolk County",25025,520,"Other chronic respiratory diseases",1,"Male",27,"Age-standardized",2002,"Rate",1.06647547243282,0.878957071951578,1.27731811812085
1,"Deaths",1795,"Suffolk County",25025,520,"Other chronic respiratory diseases",1,"Male",27,"Age-standardized",2003,"Rate",1.09033778321793,0.89561783260842,1.30431392493051
1,"Deaths",1795,"Suffolk County",25025,520,"Other chronic respiratory diseases",1,"Male",27,"Age-standardized",2004,"Rate",1.09015050895788,0.893314172388118,1.31764130739442
1,"Deaths",1795,"Suffolk County",25025,520,"Other chronic respiratory diseases",1,"Male",27,"Age-standardized",2005,"Rate",1.08349681337865,0.879457675910416,1.29749498077513
1,"Deaths",1795,"Suffolk County",25025,520,"Other chronic respiratory diseases",1,"Male",27,"Age-standardized",2006,"Rate",1.0753490040031,0.883739983268294,1.29538750732324
1,"Deaths",1795,"Suffolk County",25025,520,"Other chronic respiratory diseases",1,"Male",27,"Age-standardized",2007,"Rate",1.04655217997251,0.851823283044541,1.2682678731431
1,"Deaths",1795,"Suffolk County",25025,520,"Other chronic respiratory diseases",1,"Male",27,"Age-standardized",2008,"Rate",1.06566567931962,0.857294791325783,1.29008627366049
1,"Deaths",1795,"Suffolk County",25025,520,"Other chronic respiratory diseases",1,"Male",27,"Age-standardized",2009,"Rate",1.02347048228563,0.819917446919411,1.24338898636565
1,"Deaths",1795,"Suffolk County",25025,520,"Other chronic respiratory diseases",1,"Male",27,"Age-standardized",2010,"Rate",1.02245203205516,0.819300318761366,1.25335155794724
1,"Deaths",1795,"Suffolk County",25025,520,"Other chronic respiratory diseases",1,"Male",27,"Age-standardized",2011,"Rate",1.01047787398311,0.808695428595799,1.24892031153185
1,"Deaths",1795,"Suffolk County",25025,520,"Other chronic respiratory diseases",1,"Male",27,"Age-standardized",2012,"Rate",0.993665995805218,0.789631125262385,1.23238698076293
1,"Deaths",1795,"Suffolk County",25025,520,"Other chronic respiratory diseases",1,"Male",27,"Age-standardized",2013,"Rate",0.973274794603673,0.769325966694799,1.20689845332755
1,"Deaths",1795,"Suffolk County",25025,520,"Other chronic respiratory diseases",1,"Male",27,"Age-standardized",2014,"Rate",1.00206600780223,0.786627566374882,1.2505688490946
1,"Deaths",1795,"Suffolk County",25025,520,"Other chronic respiratory diseases",2,"Female",27,"Age-standardized",1980,"Rate",0.373384928951097,0.273033136808213,0.493608126736588
1,"Deaths",1795,"Suffolk County",25025,520,"Other chronic respiratory diseases",2,"Female",27,"Age-standardized",1981,"Rate",0.370661101686038,0.270166593833954,0.488366993078022
1,"Deaths",1795,"Suffolk County",25025,520,"Other chronic respiratory diseases",2,"Female",27,"Age-standardized",1982,"Rate",0.369287499432108,0.270436024875023,0.490501469911016
1,"Deaths",1795,"Suffolk County",25025,520,"Other chronic respiratory diseases",2,"Female",27,"Age-standardized",1983,"Rate",0.35780108158937,0.265357738565606,0.46487851168505
1,"Deaths",1795,"Suffolk County",25025,520,"Other chronic respiratory diseases",2,"Female",27,"Age-standardized",1984,"Rate",0.369660356956586,0.272620421493831,0.483607011817524
1,"Deaths",1795,"Suffolk County",25025,520,"Other chronic respiratory diseases",2,"Female",27,"Age-standardized",1985,"Rate",0.366609410268847,0.270372140040939,0.475915295482334
1,"Deaths",1795,"Suffolk County",25025,520,"Other chronic respiratory diseases",2,"Female",27,"Age-standardized",1986,"Rate",0.368703892761155,0.273170734667588,0.47594897613643
1,"Deaths",1795,"Suffolk County",25025,520,"Other chronic respiratory diseases",2,"Female",27,"Age-standardized",1987,"Rate",0.364246484072063,0.273882455059637,0.472160667739639
1,"Deaths",1795,"Suffolk County",25025,520,"Other chronic respiratory diseases",2,"Female",27,"Age-standardized",1988,"Rate",0.377377312157897,0.282678152034497,0.487904055138862
1,"Deaths",1795,"Suffolk County",25025,520,"Other chronic respiratory diseases",2,"Female",27,"Age-standardized",1989,"Rate",0.351488046310823,0.263688050866644,0.455200376987177
1,"Deaths",1795,"Suffolk County",25025,520,"Other chronic respiratory diseases",2,"Female",27,"Age-standardized",1990,"Rate",0.352310447656244,0.264528700608386,0.45256494080204
1,"Deaths",1795,"Suffolk County",25025,520,"Other chronic respiratory diseases",2,"Female",27,"Age-standardized",1991,"Rate",0.341598703921259,0.25744177840994,0.442199080434434
1,"Deaths",1795,"Suffolk County",25025,520,"Other chronic respiratory diseases",2,"Female",27,"Age-standardized",1992,"Rate",0.337051343739417,0.253456203712676,0.43756792226564
1,"Deaths",1795,"Suffolk County",25025,520,"Other chronic respiratory diseases",2,"Female",27,"Age-standardized",1993,"Rate",0.332910671850756,0.257481198852526,0.432721641986932
1,"Deaths",1795,"Suffolk County",25025,520,"Other chronic respiratory diseases",2,"Female",27,"Age-standardized",1994,"Rate",0.325726145570493,0.246937647618287,0.421939211833391
1,"Deaths",1795,"Suffolk County",25025,520,"Other chronic respiratory diseases",2,"Female",27,"Age-standardized",1995,"Rate",0.329850603535931,0.254112331166176,0.434581257538915
1,"Deaths",1795,"Suffolk County",25025,520,"Other chronic respiratory diseases",2,"Female",27,"Age-standardized",1996,"Rate",0.322503272881944,0.245005102016757,0.420983946267157
1,"Deaths",1795,"Suffolk County",25025,520,"Other chronic respiratory diseases",2,"Female",27,"Age-standardized",1997,"Rate",0.331412149993404,0.251623356590648,0.427608091103374
1,"Deaths",1795,"Suffolk County",25025,520,"Other chronic respiratory diseases",2,"Female",27,"Age-standardized",1998,"Rate",0.351268411953851,0.267467455704173,0.451937819245079
1,"Deaths",1795,"Suffolk County",25025,520,"Other chronic respiratory diseases",2,"Female",27,"Age-standardized",1999,"Rate",0.39813649279098,0.303077666525486,0.516263702020012
1,"Deaths",1795,"Suffolk County",25025,520,"Other chronic respiratory diseases",2,"Female",27,"Age-standardized",2000,"Rate",0.410289781158803,0.309979362017517,0.524212652417845
1,"Deaths",1795,"Suffolk County",25025,520,"Other chronic respiratory diseases",2,"Female",27,"Age-standardized",2001,"Rate",0.434242347033521,0.327930529558586,0.566115397656104
1,"Deaths",1795,"Suffolk County",25025,520,"Other chronic respiratory diseases",2,"Female",27,"Age-standardized",2002,"Rate",0.437245881453431,0.329296724103076,0.568520265726356
1,"Deaths",1795,"Suffolk County",25025,520,"Other chronic respiratory diseases",2,"Female",27,"Age-standardized",2003,"Rate",0.461165505800111,0.339806792720468,0.607326582155263
1,"Deaths",1795,"Suffolk County",25025,520,"Other chronic respiratory diseases",2,"Female",27,"Age-standardized",2004,"Rate",0.462534650443926,0.343538630054102,0.616313542069859
1,"Deaths",1795,"Suffolk County",25025,520,"Other chronic respiratory diseases",2,"Female",27,"Age-standardized",2005,"Rate",0.49373820839067,0.363614622747134,0.648153615544002
1,"Deaths",1795,"Suffolk County",25025,520,"Other chronic respiratory diseases",2,"Female",27,"Age-standardized",2006,"Rate",0.478873547116705,0.349495829597588,0.641749339788714
1,"Deaths",1795,"Suffolk County",25025,520,"Other chronic respiratory diseases",2,"Female",27,"Age-standardized",2007,"Rate",0.50306660331783,0.362146568211773,0.667036208771221
1,"Deaths",1795,"Suffolk County",25025,520,"Other chronic respiratory diseases",2,"Female",27,"Age-standardized",2008,"Rate",0.494091120284523,0.353893243305254,0.663034263559091
1,"Deaths",1795,"Suffolk County",25025,520,"Other chronic respiratory diseases",2,"Female",27,"Age-standardized",2009,"Rate",0.479081802748288,0.342809102107301,0.637285112049041
1,"Deaths",1795,"Suffolk County",25025,520,"Other chronic respiratory diseases",2,"Female",27,"Age-standardized",2010,"Rate",0.478351076203723,0.336671568902235,0.647642482344184
1,"Deaths",1795,"Suffolk County",25025,520,"Other chronic respiratory diseases",2,"Female",27,"Age-standardized",2011,"Rate",0.487695553325463,0.344722859511197,0.659079823678823
1,"Deaths",1795,"Suffolk County",25025,520,"Other chronic respiratory diseases",2,"Female",27,"Age-standardized",2012,"Rate",0.474187521516027,0.331105960918279,0.650817607090597
1,"Deaths",1795,"Suffolk County",25025,520,"Other chronic respiratory diseases",2,"Female",27,"Age-standardized",2013,"Rate",0.466285053756829,0.325755181781961,0.635128739553352
1,"Deaths",1795,"Suffolk County",25025,520,"Other chronic respiratory diseases",2,"Female",27,"Age-standardized",2014,"Rate",0.450237782056355,0.311360314609728,0.630316931541699
1,"Deaths",1795,"Suffolk County",25025,520,"Other chronic respiratory diseases",3,"Both",27,"Age-standardized",1980,"Rate",0.607751395707168,0.498762617813051,0.726321905439597
1,"Deaths",1795,"Suffolk County",25025,520,"Other chronic respiratory diseases",3,"Both",27,"Age-standardized",1981,"Rate",0.597905253917307,0.494852858509668,0.71458606749566
1,"Deaths",1795,"Suffolk County",25025,520,"Other chronic respiratory diseases",3,"Both",27,"Age-standardized",1982,"Rate",0.585726161166492,0.479193840656667,0.701628934997789
1,"Deaths",1795,"Suffolk County",25025,520,"Other chronic respiratory diseases",3,"Both",27,"Age-standardized",1983,"Rate",0.586443306158875,0.484272497841623,0.700641957460332
1,"Deaths",1795,"Suffolk County",25025,520,"Other chronic respiratory diseases",3,"Both",27,"Age-standardized",1984,"Rate",0.591565773693457,0.486093821859397,0.708513858728897
1,"Deaths",1795,"Suffolk County",25025,520,"Other chronic respiratory diseases",3,"Both",27,"Age-standardized",1985,"Rate",0.584032226583634,0.485186828883808,0.700786198295475
1,"Deaths",1795,"Suffolk County",25025,520,"Other chronic respiratory diseases",3,"Both",27,"Age-standardized",1986,"Rate",0.585310197475824,0.483809619829476,0.702160464760046
1,"Deaths",1795,"Suffolk County",25025,520,"Other chronic respiratory diseases",3,"Both",27,"Age-standardized",1987,"Rate",0.575967009630816,0.476938460778868,0.688692547002642
1,"Deaths",1795,"Suffolk County",25025,520,"Other chronic respiratory diseases",3,"Both",27,"Age-standardized",1988,"Rate",0.58163063095615,0.477923378202728,0.694377311083884
1,"Deaths",1795,"Suffolk County",25025,520,"Other chronic respiratory diseases",3,"Both",27,"Age-standardized",1989,"Rate",0.56614252630016,0.468000415232691,0.678941987952406
1,"Deaths",1795,"Suffolk County",25025,520,"Other chronic respiratory diseases",3,"Both",27,"Age-standardized",1990,"Rate",0.550956363100064,0.45657806815255,0.664179314658276
1,"Deaths",1795,"Suffolk County",25025,520,"Other chronic respiratory diseases",3,"Both",27,"Age-standardized",1991,"Rate",0.543446360306561,0.447018390420877,0.646459837159434
1,"Deaths",1795,"Suffolk County",25025,520,"Other chronic respiratory diseases",3,"Both",27,"Age-standardized",1992,"Rate",0.533772643844808,0.4371899804692,0.643439186187416
1,"Deaths",1795,"Suffolk County",25025,520,"Other chronic respiratory diseases",3,"Both",27,"Age-standardized",1993,"Rate",0.531114025926776,0.438625465598998,0.636425091909526
1,"Deaths",1795,"Suffolk County",25025,520,"Other chronic respiratory diseases",3,"Both",27,"Age-standardized",1994,"Rate",0.528875916057817,0.431603093556502,0.640502827862609
1,"Deaths",1795,"Suffolk County",25025,520,"Other chronic respiratory diseases",3,"Both",27,"Age-standardized",1995,"Rate",0.527929143979564,0.434097617184204,0.641816095624548
1,"Deaths",1795,"Suffolk County",25025,520,"Other chronic respiratory diseases",3,"Both",27,"Age-standardized",1996,"Rate",0.52477917900316,0.431432096019327,0.634444634734025
1,"Deaths",1795,"Suffolk County",25025,520,"Other chronic respiratory diseases",3,"Both",27,"Age-standardized",1997,"Rate",0.529359798838846,0.431393967279523,0.637367527224967
1,"Deaths",1795,"Suffolk County",25025,520,"Other chronic respiratory diseases",3,"Both",27,"Age-standardized",1998,"Rate",0.558821863801633,0.454945380206357,0.678104964733508
1,"Deaths",1795,"Suffolk County",25025,520,"Other chronic respiratory diseases",3,"Both",27,"Age-standardized",1999,"Rate",0.611801729566592,0.49636286001518,0.737858910703315
1,"Deaths",1795,"Suffolk County",25025,520,"Other chronic respiratory diseases",3,"Both",27,"Age-standardized",2000,"Rate",0.630160790955876,0.513247582737901,0.757216668926343
1,"Deaths",1795,"Suffolk County",25025,520,"Other chronic respiratory diseases",3,"Both",27,"Age-standardized",2001,"Rate",0.661219804272805,0.53645559342021,0.79747749328981
1,"Deaths",1795,"Suffolk County",25025,520,"Other chronic respiratory diseases",3,"Both",27,"Age-standardized",2002,"Rate",0.671890415104059,0.544125470820065,0.81699861231865
1,"Deaths",1795,"Suffolk County",25025,520,"Other chronic respiratory diseases",3,"Both",27,"Age-standardized",2003,"Rate",0.698219576162374,0.563950400326041,0.851357960526525
1,"Deaths",1795,"Suffolk County",25025,520,"Other chronic respiratory diseases",3,"Both",27,"Age-standardized",2004,"Rate",0.701380253772339,0.565898231578538,0.853772824478507
1,"Deaths",1795,"Suffolk County",25025,520,"Other chronic respiratory diseases",3,"Both",27,"Age-standardized",2005,"Rate",0.718062023576522,0.576673311387293,0.871103161104758
1,"Deaths",1795,"Suffolk County",25025,520,"Other chronic respiratory diseases",3,"Both",27,"Age-standardized",2006,"Rate",0.709191636576696,0.566501422919958,0.86697085010345
1,"Deaths",1795,"Suffolk County",25025,520,"Other chronic respiratory diseases",3,"Both",27,"Age-standardized",2007,"Rate",0.712049840708479,0.567123667989705,0.875461459505005
1,"Deaths",1795,"Suffolk County",25025,520,"Other chronic respiratory diseases",3,"Both",27,"Age-standardized",2008,"Rate",0.716420715774472,0.572350737648435,0.886094849994412
1,"Deaths",1795,"Suffolk County",25025,520,"Other chronic respiratory diseases",3,"Both",27,"Age-standardized",2009,"Rate",0.69050465076552,0.549098486143465,0.855469123921955
1,"Deaths",1795,"Suffolk County",25025,520,"Other chronic respiratory diseases",3,"Both",27,"Age-standardized",2010,"Rate",0.690991763611636,0.544832911139085,0.850920572539313
1,"Deaths",1795,"Suffolk County",25025,520,"Other chronic respiratory diseases",3,"Both",27,"Age-standardized",2011,"Rate",0.691927240879904,0.54700919013549,0.855133997772181
1,"Deaths",1795,"Suffolk County",25025,520,"Other chronic respiratory diseases",3,"Both",27,"Age-standardized",2012,"Rate",0.678288436036178,0.530623327870906,0.843207084524176
1,"Deaths",1795,"Suffolk County",25025,520,"Other chronic respiratory diseases",3,"Both",27,"Age-standardized",2013,"Rate",0.667433807575153,0.520504767030244,0.828774603067805
1,"Deaths",1795,"Suffolk County",25025,520,"Other chronic respiratory diseases",3,"Both",27,"Age-standardized",2014,"Rate",0.671339962648195,0.522149174239376,0.844078814050468
1,"Deaths",1793,"Worcester County",25027,520,"Other chronic respiratory diseases",1,"Male",27,"Age-standardized",1980,"Rate",0.833398695537207,0.709031481129953,0.970823412764553
1,"Deaths",1793,"Worcester County",25027,520,"Other chronic respiratory diseases",1,"Male",27,"Age-standardized",1981,"Rate",0.816450047567692,0.699082253897987,0.947308519189046
1,"Deaths",1793,"Worcester County",25027,520,"Other chronic respiratory diseases",1,"Male",27,"Age-standardized",1982,"Rate",0.792929714437255,0.675160850145684,0.920814153017311
1,"Deaths",1793,"Worcester County",25027,520,"Other chronic respiratory diseases",1,"Male",27,"Age-standardized",1983,"Rate",0.822611148503112,0.698120686822524,0.958622478085777
1,"Deaths",1793,"Worcester County",25027,520,"Other chronic respiratory diseases",1,"Male",27,"Age-standardized",1984,"Rate",0.850540730328062,0.726553409905633,0.984686568850564
1,"Deaths",1793,"Worcester County",25027,520,"Other chronic respiratory diseases",1,"Male",27,"Age-standardized",1985,"Rate",0.826425539610687,0.70196254318054,0.954828409665809
1,"Deaths",1793,"Worcester County",25027,520,"Other chronic respiratory diseases",1,"Male",27,"Age-standardized",1986,"Rate",0.83337384182779,0.710351905174691,0.958623386358048
1,"Deaths",1793,"Worcester County",25027,520,"Other chronic respiratory diseases",1,"Male",27,"Age-standardized",1987,"Rate",0.833668066205699,0.710772159419675,0.966169349975213
1,"Deaths",1793,"Worcester County",25027,520,"Other chronic respiratory diseases",1,"Male",27,"Age-standardized",1988,"Rate",0.810871471586278,0.696912513642594,0.929474681469557
1,"Deaths",1793,"Worcester County",25027,520,"Other chronic respiratory diseases",1,"Male",27,"Age-standardized",1989,"Rate",0.795575977214839,0.682357861242315,0.917234662694301
1,"Deaths",1793,"Worcester County",25027,520,"Other chronic respiratory diseases",1,"Male",27,"Age-standardized",1990,"Rate",0.787474068714866,0.672731577249323,0.908351943204856
1,"Deaths",1793,"Worcester County",25027,520,"Other chronic respiratory diseases",1,"Male",27,"Age-standardized",1991,"Rate",0.788319765496603,0.670405542617643,0.906353330469396
1,"Deaths",1793,"Worcester County",25027,520,"Other chronic respiratory diseases",1,"Male",27,"Age-standardized",1992,"Rate",0.779613668778183,0.661474921839234,0.897377982901959
1,"Deaths",1793,"Worcester County",25027,520,"Other chronic respiratory diseases",1,"Male",27,"Age-standardized",1993,"Rate",0.781655248528613,0.669284780510996,0.907945128642711
1,"Deaths",1793,"Worcester County",25027,520,"Other chronic respiratory diseases",1,"Male",27,"Age-standardized",1994,"Rate",0.78311758639058,0.669532273823365,0.904974183809162
1,"Deaths",1793,"Worcester County",25027,520,"Other chronic respiratory diseases",1,"Male",27,"Age-standardized",1995,"Rate",0.798341067099364,0.678741472215538,0.922694706600382
1,"Deaths",1793,"Worcester County",25027,520,"Other chronic respiratory diseases",1,"Male",27,"Age-standardized",1996,"Rate",0.80692485779702,0.687279716854005,0.93442568960096
1,"Deaths",1793,"Worcester County",25027,520,"Other chronic respiratory diseases",1,"Male",27,"Age-standardized",1997,"Rate",0.802956437892289,0.680761323840107,0.942622214803214
1,"Deaths",1793,"Worcester County",25027,520,"Other chronic respiratory diseases",1,"Male",27,"Age-standardized",1998,"Rate",0.875972057790448,0.744736710233218,1.01876517421997
1,"Deaths",1793,"Worcester County",25027,520,"Other chronic respiratory diseases",1,"Male",27,"Age-standardized",1999,"Rate",0.914003649540546,0.778086849624928,1.06657748186179
1,"Deaths",1793,"Worcester County",25027,520,"Other chronic respiratory diseases",1,"Male",27,"Age-standardized",2000,"Rate",0.949330086623627,0.800967452397523,1.11191370573085
1,"Deaths",1793,"Worcester County",25027,520,"Other chronic respiratory diseases",1,"Male",27,"Age-standardized",2001,"Rate",0.979474725869838,0.834433779824141,1.13715057101175
1,"Deaths",1793,"Worcester County",25027,520,"Other chronic respiratory diseases",1,"Male",27,"Age-standardized",2002,"Rate",1.00841410334969,0.858576722257717,1.17900191461807
1,"Deaths",1793,"Worcester County",25027,520,"Other chronic respiratory diseases",1,"Male",27,"Age-standardized",2003,"Rate",1.02428731635365,0.871198061484103,1.19921324361714
1,"Deaths",1793,"Worcester County",25027,520,"Other chronic respiratory diseases",1,"Male",27,"Age-standardized",2004,"Rate",0.996828613750303,0.847283029546764,1.16825219102718
1,"Deaths",1793,"Worcester County",25027,520,"Other chronic respiratory diseases",1,"Male",27,"Age-standardized",2005,"Rate",1.02046439130779,0.864256804824605,1.1949644022064
1,"Deaths",1793,"Worcester County",25027,520,"Other chronic respiratory diseases",1,"Male",27,"Age-standardized",2006,"Rate",1.02161393881707,0.861808848640105,1.20136878043054
1,"Deaths",1793,"Worcester County",25027,520,"Other chronic respiratory diseases",1,"Male",27,"Age-standardized",2007,"Rate",1.01216538606425,0.85247767639838,1.19100710990306
1,"Deaths",1793,"Worcester County",25027,520,"Other chronic respiratory diseases",1,"Male",27,"Age-standardized",2008,"Rate",1.01622794679683,0.854157692945884,1.18709727227747
1,"Deaths",1793,"Worcester County",25027,520,"Other chronic respiratory diseases",1,"Male",27,"Age-standardized",2009,"Rate",1.01768045033536,0.857036859397025,1.19395427422661
1,"Deaths",1793,"Worcester County",25027,520,"Other chronic respiratory diseases",1,"Male",27,"Age-standardized",2010,"Rate",1.01670694997003,0.853505840100409,1.18832550437574
1,"Deaths",1793,"Worcester County",25027,520,"Other chronic respiratory diseases",1,"Male",27,"Age-standardized",2011,"Rate",1.02000682254308,0.851532423712432,1.20469634012363
1,"Deaths",1793,"Worcester County",25027,520,"Other chronic respiratory diseases",1,"Male",27,"Age-standardized",2012,"Rate",1.02019613831094,0.845408287831453,1.20972251390695
1,"Deaths",1793,"Worcester County",25027,520,"Other chronic respiratory diseases",1,"Male",27,"Age-standardized",2013,"Rate",1.04734681774494,0.867670112662712,1.24640140216522
1,"Deaths",1793,"Worcester County",25027,520,"Other chronic respiratory diseases",1,"Male",27,"Age-standardized",2014,"Rate",1.04535095518249,0.855003328185899,1.24941990939185
1,"Deaths",1793,"Worcester County",25027,520,"Other chronic respiratory diseases",2,"Female",27,"Age-standardized",1980,"Rate",0.266179803474498,0.19938713919672,0.334355560632545
1,"Deaths",1793,"Worcester County",25027,520,"Other chronic respiratory diseases",2,"Female",27,"Age-standardized",1981,"Rate",0.258401055907862,0.198651859205176,0.326273265304436
1,"Deaths",1793,"Worcester County",25027,520,"Other chronic respiratory diseases",2,"Female",27,"Age-standardized",1982,"Rate",0.241627087282619,0.182643099699717,0.303039329109473
1,"Deaths",1793,"Worcester County",25027,520,"Other chronic respiratory diseases",2,"Female",27,"Age-standardized",1983,"Rate",0.241201311069526,0.186847854379239,0.302121011377027
1,"Deaths",1793,"Worcester County",25027,520,"Other chronic respiratory diseases",2,"Female",27,"Age-standardized",1984,"Rate",0.244793573604265,0.189941248061853,0.304556330183594
1,"Deaths",1793,"Worcester County",25027,520,"Other chronic respiratory diseases",2,"Female",27,"Age-standardized",1985,"Rate",0.25280532173119,0.198342695182955,0.317545285718375
1,"Deaths",1793,"Worcester County",25027,520,"Other chronic respiratory diseases",2,"Female",27,"Age-standardized",1986,"Rate",0.248635630814762,0.193940893482253,0.317193411317507
1,"Deaths",1793,"Worcester County",25027,520,"Other chronic respiratory diseases",2,"Female",27,"Age-standardized",1987,"Rate",0.25511498042078,0.199039071279884,0.321031560791076
1,"Deaths",1793,"Worcester County",25027,520,"Other chronic respiratory diseases",2,"Female",27,"Age-standardized",1988,"Rate",0.247902027273083,0.191452008798611,0.309055129559694
1,"Deaths",1793,"Worcester County",25027,520,"Other chronic respiratory diseases",2,"Female",27,"Age-standardized",1989,"Rate",0.252619230173454,0.199100470230734,0.317537290970024
1,"Deaths",1793,"Worcester County",25027,520,"Other chronic respiratory diseases",2,"Female",27,"Age-standardized",1990,"Rate",0.241253394888673,0.190295891009957,0.302575784760585
1,"Deaths",1793,"Worcester County",25027,520,"Other chronic respiratory diseases",2,"Female",27,"Age-standardized",1991,"Rate",0.24198779407999,0.184763180435687,0.302759992039276
1,"Deaths",1793,"Worcester County",25027,520,"Other chronic respiratory diseases",2,"Female",27,"Age-standardized",1992,"Rate",0.236217817869921,0.185684412335172,0.293425508331819
1,"Deaths",1793,"Worcester County",25027,520,"Other chronic respiratory diseases",2,"Female",27,"Age-standardized",1993,"Rate",0.239778661524786,0.186408044776473,0.304462275825274
1,"Deaths",1793,"Worcester County",25027,520,"Other chronic respiratory diseases",2,"Female",27,"Age-standardized",1994,"Rate",0.239975708806855,0.190636789746084,0.300021787504223
1,"Deaths",1793,"Worcester County",25027,520,"Other chronic respiratory diseases",2,"Female",27,"Age-standardized",1995,"Rate",0.260333116259163,0.20665900557542,0.330758968499448
1,"Deaths",1793,"Worcester County",25027,520,"Other chronic respiratory diseases",2,"Female",27,"Age-standardized",1996,"Rate",0.248902092992554,0.192758909155371,0.315416038690018
1,"Deaths",1793,"Worcester County",25027,520,"Other chronic respiratory diseases",2,"Female",27,"Age-standardized",1997,"Rate",0.263444061494371,0.203456997053923,0.329901355210695
1,"Deaths",1793,"Worcester County",25027,520,"Other chronic respiratory diseases",2,"Female",27,"Age-standardized",1998,"Rate",0.277197194027668,0.214770029599895,0.348655136530178
1,"Deaths",1793,"Worcester County",25027,520,"Other chronic respiratory diseases",2,"Female",27,"Age-standardized",1999,"Rate",0.310514115011098,0.241063963990118,0.399886285016067
1,"Deaths",1793,"Worcester County",25027,520,"Other chronic respiratory diseases",2,"Female",27,"Age-standardized",2000,"Rate",0.323770235557545,0.255173565695948,0.413718795978279
1,"Deaths",1793,"Worcester County",25027,520,"Other chronic respiratory diseases",2,"Female",27,"Age-standardized",2001,"Rate",0.344657535048262,0.267425172681154,0.440278268836685
1,"Deaths",1793,"Worcester County",25027,520,"Other chronic respiratory diseases",2,"Female",27,"Age-standardized",2002,"Rate",0.35645725983506,0.280136113709937,0.45409247344272
1,"Deaths",1793,"Worcester County",25027,520,"Other chronic respiratory diseases",2,"Female",27,"Age-standardized",2003,"Rate",0.354363256202545,0.272409587673814,0.457240660673534
1,"Deaths",1793,"Worcester County",25027,520,"Other chronic respiratory diseases",2,"Female",27,"Age-standardized",2004,"Rate",0.367797022880979,0.279722947056746,0.474641501478537
1,"Deaths",1793,"Worcester County",25027,520,"Other chronic respiratory diseases",2,"Female",27,"Age-standardized",2005,"Rate",0.384233364663056,0.296933214861246,0.499353013403671
1,"Deaths",1793,"Worcester County",25027,520,"Other chronic respiratory diseases",2,"Female",27,"Age-standardized",2006,"Rate",0.395745558599036,0.306653600017813,0.515782570065648
1,"Deaths",1793,"Worcester County",25027,520,"Other chronic respiratory diseases",2,"Female",27,"Age-standardized",2007,"Rate",0.396480475513372,0.305644379194446,0.518521761584552
1,"Deaths",1793,"Worcester County",25027,520,"Other chronic respiratory diseases",2,"Female",27,"Age-standardized",2008,"Rate",0.395534416466599,0.303905397670443,0.528361592066966
1,"Deaths",1793,"Worcester County",25027,520,"Other chronic respiratory diseases",2,"Female",27,"Age-standardized",2009,"Rate",0.393723978347683,0.30013789532664,0.524482318723452
1,"Deaths",1793,"Worcester County",25027,520,"Other chronic respiratory diseases",2,"Female",27,"Age-standardized",2010,"Rate",0.38611603218864,0.292892695203462,0.51144445980399
1,"Deaths",1793,"Worcester County",25027,520,"Other chronic respiratory diseases",2,"Female",27,"Age-standardized",2011,"Rate",0.393225673108879,0.29387168372264,0.522429023883087
1,"Deaths",1793,"Worcester County",25027,520,"Other chronic respiratory diseases",2,"Female",27,"Age-standardized",2012,"Rate",0.398813146812337,0.302552557683974,0.525781130637149
1,"Deaths",1793,"Worcester County",25027,520,"Other chronic respiratory diseases",2,"Female",27,"Age-standardized",2013,"Rate",0.404804292437878,0.302409730692973,0.534628612461183
1,"Deaths",1793,"Worcester County",25027,520,"Other chronic respiratory diseases",2,"Female",27,"Age-standardized",2014,"Rate",0.380520387234699,0.288467792384895,0.521269483423749
1,"Deaths",1793,"Worcester County",25027,520,"Other chronic respiratory diseases",3,"Both",27,"Age-standardized",1980,"Rate",0.474333575285864,0.408068427654642,0.546268774269082
1,"Deaths",1793,"Worcester County",25027,520,"Other chronic respiratory diseases",3,"Both",27,"Age-standardized",1981,"Rate",0.461175863658131,0.39614691802026,0.533883585363585
1,"Deaths",1793,"Worcester County",25027,520,"Other chronic respiratory diseases",3,"Both",27,"Age-standardized",1982,"Rate",0.441341915079086,0.379565591023961,0.50330570724032
1,"Deaths",1793,"Worcester County",25027,520,"Other chronic respiratory diseases",3,"Both",27,"Age-standardized",1983,"Rate",0.452294185781069,0.391784135223143,0.517949019805749
1,"Deaths",1793,"Worcester County",25027,520,"Other chronic respiratory diseases",3,"Both",27,"Age-standardized",1984,"Rate",0.46444272274145,0.401906616812561,0.527336291243852
1,"Deaths",1793,"Worcester County",25027,520,"Other chronic respiratory diseases",3,"Both",27,"Age-standardized",1985,"Rate",0.459180816357764,0.398742730552798,0.522253127077478
1,"Deaths",1793,"Worcester County",25027,520,"Other chronic respiratory diseases",3,"Both",27,"Age-standardized",1986,"Rate",0.459315899475605,0.400860428141175,0.524378637280814
1,"Deaths",1793,"Worcester County",25027,520,"Other chronic respiratory diseases",3,"Both",27,"Age-standardized",1987,"Rate",0.462276277257186,0.402524049570174,0.528270345369949
1,"Deaths",1793,"Worcester County",25027,520,"Other chronic respiratory diseases",3,"Both",27,"Age-standardized",1988,"Rate",0.451066405584512,0.391147995459673,0.514048772795035
1,"Deaths",1793,"Worcester County",25027,520,"Other chronic respiratory diseases",3,"Both",27,"Age-standardized",1989,"Rate",0.449662319648962,0.388523807189144,0.510936921334985
1,"Deaths",1793,"Worcester County",25027,520,"Other chronic respiratory diseases",3,"Both",27,"Age-standardized",1990,"Rate",0.439744726426108,0.383694868189353,0.502336098930578
1,"Deaths",1793,"Worcester County",25027,520,"Other chronic respiratory diseases",3,"Both",27,"Age-standardized",1991,"Rate",0.440998751417782,0.380230847285601,0.504798870312061
1,"Deaths",1793,"Worcester County",25027,520,"Other chronic respiratory diseases",3,"Both",27,"Age-standardized",1992,"Rate",0.434504764070376,0.377044845531583,0.493559729554094
1,"Deaths",1793,"Worcester County",25027,520,"Other chronic respiratory diseases",3,"Both",27,"Age-standardized",1993,"Rate",0.438792607859507,0.381882693593907,0.504580510203495
1,"Deaths",1793,"Worcester County",25027,520,"Other chronic respiratory diseases",3,"Both",27,"Age-standardized",1994,"Rate",0.439396917509641,0.380360118651636,0.505471692001877
1,"Deaths",1793,"Worcester County",25027,520,"Other chronic respiratory diseases",3,"Both",27,"Age-standardized",1995,"Rate",0.457974435427535,0.394802683748995,0.529748932170748
1,"Deaths",1793,"Worcester County",25027,520,"Other chronic respiratory diseases",3,"Both",27,"Age-standardized",1996,"Rate",0.455559394930797,0.391931551728962,0.522442377126197
1,"Deaths",1793,"Worcester County",25027,520,"Other chronic respiratory diseases",3,"Both",27,"Age-standardized",1997,"Rate",0.462787113518588,0.400162151004207,0.533546652526755
1,"Deaths",1793,"Worcester County",25027,520,"Other chronic respiratory diseases",3,"Both",27,"Age-standardized",1998,"Rate",0.501521179172896,0.436265708139479,0.578091385080896
1,"Deaths",1793,"Worcester County",25027,520,"Other chronic respiratory diseases",3,"Both",27,"Age-standardized",1999,"Rate",0.537885128047068,0.463660021501353,0.619851099385846
1,"Deaths",1793,"Worcester County",25027,520,"Other chronic respiratory diseases",3,"Both",27,"Age-standardized",2000,"Rate",0.562912370459652,0.484690058458878,0.649783120129212
1,"Deaths",1793,"Worcester County",25027,520,"Other chronic respiratory diseases",3,"Both",27,"Age-standardized",2001,"Rate",0.589269800761504,0.513050321417267,0.677331220785142
1,"Deaths",1793,"Worcester County",25027,520,"Other chronic respiratory diseases",3,"Both",27,"Age-standardized",2002,"Rate",0.609409047623477,0.526131580387283,0.701092380763986
1,"Deaths",1793,"Worcester County",25027,520,"Other chronic respiratory diseases",3,"Both",27,"Age-standardized",2003,"Rate",0.615510451343213,0.533688499091548,0.703026626019089
1,"Deaths",1793,"Worcester County",25027,520,"Other chronic respiratory diseases",3,"Both",27,"Age-standardized",2004,"Rate",0.614896873870444,0.531893185826446,0.706553595121876
1,"Deaths",1793,"Worcester County",25027,520,"Other chronic respiratory diseases",3,"Both",27,"Age-standardized",2005,"Rate",0.636817431168577,0.548798279132722,0.736591909386835
1,"Deaths",1793,"Worcester County",25027,520,"Other chronic respiratory diseases",3,"Both",27,"Age-standardized",2006,"Rate",0.645935127553721,0.555363411397744,0.746181511482605
1,"Deaths",1793,"Worcester County",25027,520,"Other chronic respiratory diseases",3,"Both",27,"Age-standardized",2007,"Rate",0.645991093988272,0.555769455927366,0.746132677718392
1,"Deaths",1793,"Worcester County",25027,520,"Other chronic respiratory diseases",3,"Both",27,"Age-standardized",2008,"Rate",0.64719424550744,0.555296716540445,0.756284254871381
1,"Deaths",1793,"Worcester County",25027,520,"Other chronic respiratory diseases",3,"Both",27,"Age-standardized",2009,"Rate",0.648997144590094,0.558930932238832,0.756313153877024
1,"Deaths",1793,"Worcester County",25027,520,"Other chronic respiratory diseases",3,"Both",27,"Age-standardized",2010,"Rate",0.643918605761413,0.550094340424787,0.751494582318844
1,"Deaths",1793,"Worcester County",25027,520,"Other chronic respiratory diseases",3,"Both",27,"Age-standardized",2011,"Rate",0.651012962220917,0.556460062284678,0.756273394845031
1,"Deaths",1793,"Worcester County",25027,520,"Other chronic respiratory diseases",3,"Both",27,"Age-standardized",2012,"Rate",0.654001986305867,0.55752670456309,0.762776050799788
1,"Deaths",1793,"Worcester County",25027,520,"Other chronic respiratory diseases",3,"Both",27,"Age-standardized",2013,"Rate",0.667804152790607,0.564906974927158,0.781921083636781
1,"Deaths",1793,"Worcester County",25027,520,"Other chronic respiratory diseases",3,"Both",27,"Age-standardized",2014,"Rate",0.655252156311649,0.554984708660877,0.765209041535094
